0.00 0.01 93.00 1692716001.12
0.00 0.01 93.00 1692716001.19
0.23 0.01 93.00 1692716001.29
0.01 0.01 93.00 1692716001.73
0.01 0.02 93.00 1692716001.83
0.01 0.02 93.00 1692716001.93
0.01 0.02 93.00 1692716002.04
0.01 0.02 93.00 1692716002.14
0.00 0.01 93.00 1692716002.24
0.00 0.00 93.00 1692716002.34
0.00 0.00 93.00 1692716002.44
0.01 0.01 93.00 1692716002.54
0.01 0.01 93.00 1692716002.64
0.01 0.01 93.00 1692716002.74
0.01 0.01 93.00 1692716003.15
0.01 0.01 93.00 1692716003.24
0.01 0.02 93.00 1692716003.34
0.01 0.03 93.00 1692716003.43
0.01 0.03 93.00 1692716003.52
0.01 0.02 93.00 1692716003.61
0.01 0.01 93.00 1692716003.70
0.01 0.02 93.00 1692716003.80
0.00 0.03 93.00 1692716003.89
0.00 0.03 93.00 1692716003.98
0.00 0.03 93.00 1692716004.07
0.00 0.02 93.00 1692716004.17
0.00 0.01 93.00 1692716004.26
0.00 0.00 93.00 1692716004.35
0.01 0.01 93.00 1692716004.44
0.01 0.01 93.00 1692716004.54
0.00 0.00 93.00 1692716004.64
0.01 0.00 93.00 1692716004.74
0.00 0.00 93.00 1692716004.84
0.00 0.01 93.00 1692716004.94
0.01 0.08 93.00 1692716005.04
0.02 0.20 93.00 1692716005.14
0.03 0.37 92.00 1692716005.24
0.14 0.80 92.00 1692716005.34
0.54 1.64 92.00 1692716005.44
1.02 2.86 92.00 1692716005.54
1.52 3.80 92.00 1692716005.64
2.49 5.75 92.00 1692716005.74
3.38 6.90 89.00 1692716005.84
3.63 7.34 87.00 1692716005.94
4.18 8.16 85.00 1692716006.04
5.00 9.42 82.00 1692716006.15
5.82 10.53 81.00 1692716006.25
6.89 11.47 81.00 1692716006.35
7.75 12.48 81.00 1692716006.45
8.06 12.64 81.00 1692716006.55
8.49 13.14 80.00 1692716006.65
8.51 13.78 79.00 1692716006.75
9.05 14.27 77.00 1692716006.85
9.95 16.47 77.00 1692716006.95
10.93 95.93 77.00 1692716007.05
11.79 19.77 73.00 1692716007.46
14.29 20.04 73.00 1692716007.55
16.16 21.92 66.00 1692716007.93
17.41 23.06 64.00 1692716008.03
18.84 24.17 62.00 1692716008.13
19.57 24.92 60.00 1692716008.24
19.61 25.35 58.00 1692716008.34
19.24 25.69 54.00 1692716008.44
20.00 26.28 51.00 1692716008.54
20.98 27.16 49.00 1692716008.64
21.84 27.79 45.00 1692716008.74
22.46 28.34 41.00 1692716008.84
22.37 28.75 36.00 1692716008.94
19.73 28.33 28.00 1692716009.04
15.76 27.01 12.00 1692716009.14
14.41 26.57 5.00 1692716009.24
13.70 25.44 4.00 1692716009.34
10.72 20.48 4.00 1692716009.44
7.58 15.84 4.00 1692716009.54
5.04 12.26 0.00 1692716009.64
3.44 9.24 0.00 1692716009.74
2.32 7.47 0.00 1692716009.84
1.41 5.94 0.00 1692716009.94
0.68 4.42 0.00 1692716010.04
0.53 3.72 0.00 1692716010.14
0.47 2.66 0.00 1692716010.24
0.28 2.03 0.00 1692716010.34
0.12 1.42 0.00 1692716010.44
0.03 0.87 0.00 1692716010.54
0.01 0.52 0.00 1692716010.64
0.00 0.30 0.00 1692716010.74
0.02 0.13 0.00 1692716010.84
0.03 0.08 0.00 1692716010.94
0.02 0.05 0.00 1692716011.04
0.01 0.04 0.00 1692716011.14
0.01 0.03 0.00 1692716011.24
0.01 0.02 0.00 1692716011.34
0.02 0.05 6.00 1692716011.44
0.04 0.17 27.00 1692716011.54
0.08 0.33 46.00 1692716011.64
0.09 0.30 58.00 1692716011.74
0.05 0.36 70.00 1692716011.84
0.14 0.48 86.00 1692716011.94
0.38 0.59 96.00 1692716012.04
0.60 0.73 96.00 1692716012.14
0.55 1.12 96.00 1692716012.24
0.15 0.99 96.00 1692716012.34
0.02 0.28 95.00 1692716012.45
0.01 0.06 95.00 1692716012.55
0.02 0.02 95.00 1692716012.65
0.06 0.05 95.00 1692716012.75
0.11 0.15 95.00 1692716012.85
0.05 0.38 95.00 1692716012.95
0.03 0.83 95.00 1692716013.05
0.15 1.83 95.00 1692716013.15
0.26 2.40 95.00 1692716013.25
0.15 1.96 95.00 1692716013.35
0.15 1.29 95.00 1692716013.45
0.07 0.79 95.00 1692716013.55
0.03 0.45 95.00 1692716013.65
0.02 0.19 95.00 1692716013.75
0.02 0.04 95.00 1692716013.85
0.02 0.01 95.00 1692716013.95
0.01 0.00 95.00 1692716014.05
0.01 0.01 95.00 1692716014.15
0.01 0.01 95.00 1692716014.25
0.01 0.00 94.00 1692716014.35
0.00 0.01 94.00 1692716014.45
0.01 0.02 94.00 1692716014.55
0.01 0.05 95.00 1692716014.65
0.02 0.06 95.00 1692716014.75
0.02 0.07 95.00 1692716014.85
0.02 0.07 95.00 1692716014.95
0.02 0.01 95.00 1692716015.05
0.01 0.00 95.00 1692716015.15
0.01 0.00 95.00 1692716015.25
0.01 0.01 95.00 1692716015.35
0.01 0.01 95.00 1692716015.45
0.01 0.00 95.00 1692716015.55
0.01 0.00 95.00 1692716015.65
0.01 0.01 95.00 1692716015.75
0.00 0.03 95.00 1692716015.85
0.01 0.04 95.00 1692716015.95
0.01 0.02 95.00 1692716016.05
0.01 0.01 94.00 1692716016.15
0.02 0.03 94.00 1692716016.25
0.04 0.03 94.00 1692716016.35
0.10 0.02 94.00 1692716016.45
0.13 0.01 94.00 1692716016.55
0.06 0.00 94.00 1692716016.66
0.01 0.02 95.00 1692716016.76
0.01 0.04 95.00 1692716016.86
0.00 0.04 94.00 1692716016.96
0.01 0.07 95.00 1692716017.06
0.01 0.05 94.00 1692716017.16
0.01 0.01 94.00 1692716017.26
0.01 0.01 94.00 1692716017.36
0.01 0.02 94.00 1692716017.46
0.02 191.92 94.00 1692716017.56
0.09 0.25 94.00 1692716017.97
0.02 0.22 94.00 1692716018.06
0.02 0.10 94.00 1692716018.15
0.01 0.05 94.00 1692716018.25
0.02 0.01 94.00 1692716018.34
0.02 0.01 94.00 1692716018.43
0.01 0.02 94.00 1692716018.52
0.01 0.03 94.00 1692716018.62
0.01 0.02 94.00 1692716018.71
0.00 0.01 94.00 1692716018.80
0.01 0.01 93.00 1692716018.89
0.05 0.33 93.00 1692716018.99
0.39 1.64 93.00 1692716019.08
0.93 3.02 92.00 1692716019.17
1.75 4.35 92.00 1692716019.26
2.97 5.91 90.00 1692716019.36
4.21 7.13 87.00 1692716019.46
5.46 8.02 85.00 1692716019.56
7.15 9.97 84.00 1692716019.66
8.46 12.11 83.00 1692716019.76
9.14 13.72 80.00 1692716019.86
9.00 13.98 79.00 1692716019.96
9.38 14.34 77.00 1692716020.06
10.29 15.85 77.00 1692716020.16
10.77 17.77 76.00 1692716020.26
11.63 19.35 75.00 1692716020.36
12.61 20.16 74.00 1692716020.46
13.41 20.76 74.00 1692716020.56
13.90 20.48 73.00 1692716020.66
14.26 19.93 72.00 1692716020.77
14.98 20.04 71.00 1692716020.87
15.40 20.47 70.00 1692716020.97
15.49 20.66 69.00 1692716021.07
16.13 21.27 68.00 1692716021.17
16.96 22.12 66.00 1692716021.27
17.64 22.67 65.00 1692716021.37
18.15 23.15 62.00 1692716021.47
18.87 23.57 61.00 1692716021.57
19.90 24.27 59.00 1692716021.67
20.77 26.41 58.00 1692716021.77
21.34 27.19 56.00 1692716021.87
21.56 27.32 54.00 1692716021.97
21.86 27.50 53.00 1692716022.07
22.41 27.94 51.00 1692716022.17
23.05 28.55 49.00 1692716022.27
23.53 29.17 45.00 1692716022.37
23.92 29.76 42.00 1692716022.47
23.72 30.03 38.00 1692716022.57
23.08 29.99 34.00 1692716022.67
21.93 29.77 28.00 1692716022.77
20.02 29.41 19.00 1692716022.87
17.94 27.64 11.00 1692716022.97
13.92 22.85 10.00 1692716023.07
8.29 13.91 9.00 1692716023.17
4.49 8.25 8.00 1692716023.27
2.57 5.21 8.00 1692716023.37
1.80 3.69 8.00 1692716023.47
1.32 3.00 8.00 1692716023.57
0.95 2.42 9.00 1692716023.67
0.76 2.01 9.00 1692716023.77
0.49 1.59 9.00 1692716023.87
0.34 1.22 9.00 1692716023.97
0.26 0.92 9.00 1692716024.07
0.35 0.54 9.00 1692716024.17
0.39 0.60 9.00 1692716024.27
0.34 0.65 9.00 1692716024.37
0.14 0.54 9.00 1692716024.47
0.04 0.48 9.00 1692716024.57
0.02 0.42 9.00 1692716024.67
0.02 0.51 9.00 1692716024.77
0.02 0.84 9.00 1692716024.87
0.06 1.02 9.00 1692716024.97
0.33 1.09 9.00 1692716025.08
0.34 1.57 9.00 1692716025.18
0.22 1.64 15.00 1692716025.28
0.15 0.38 45.00 1692716025.38
0.01 0.03 71.00 1692716025.48
0.02 0.00 93.00 1692716025.58
0.03 0.01 96.00 1692716025.68
0.01 0.02 96.00 1692716025.78
0.00 0.02 96.00 1692716025.88
0.01 0.02 96.00 1692716025.98
0.02 0.02 96.00 1692716026.08
0.02 0.02 96.00 1692716026.18
0.01 0.01 95.00 1692716026.28
0.23 0.01 95.00 1692716026.38
0.02 0.00 95.00 1692716026.82
0.02 0.00 95.00 1692716026.92
0.02 0.01 95.00 1692716027.02
0.01 0.02 95.00 1692716027.13
0.01 0.05 95.00 1692716027.23
0.01 0.07 95.00 1692716027.33
0.00 0.08 95.00 1692716027.43
0.01 0.10 95.00 1692716027.53
0.01 0.12 95.00 1692716027.63
0.01 0.10 95.00 1692716027.73
0.01 0.06 95.00 1692716027.83
0.00 0.01 95.00 1692716027.93
0.01 0.01 95.00 1692716028.03
0.01 0.02 95.00 1692716028.13
0.01 0.02 95.00 1692716028.23
0.00 0.02 95.00 1692716028.33
0.00 0.00 95.00 1692716028.43
0.02 0.01 95.00 1692716028.53
0.03 0.00 95.00 1692716028.63
0.03 0.00 95.00 1692716028.73
0.03 0.01 95.00 1692716028.83
0.01 0.01 95.00 1692716028.93
0.01 0.02 95.00 1692716029.03
0.02 0.05 95.00 1692716029.13
0.02 0.05 95.00 1692716029.23
0.03 0.01 94.00 1692716029.33
0.03 0.00 94.00 1692716029.43
0.02 0.02 94.00 1692716029.53
0.03 0.02 95.00 1692716029.63
0.02 0.02 96.00 1692716029.73
0.03 0.00 96.00 1692716029.83
0.03 0.02 96.00 1692716029.93
0.03 0.01 96.00 1692716030.03
0.03 0.00 96.00 1692716030.13
0.02 0.00 96.00 1692716030.23
0.02 0.00 96.00 1692716030.33
0.02 0.00 96.00 1692716030.43
0.02 0.00 96.00 1692716030.53
0.01 0.00 96.00 1692716030.63
0.01 0.00 96.00 1692716030.73
0.00 0.00 96.00 1692716030.83
0.00 0.00 96.00 1692716030.93
0.01 0.00 96.00 1692716031.03
0.01 0.01 96.00 1692716031.13
0.02 0.00 96.00 1692716031.23
0.02 0.00 96.00 1692716031.34
0.03 0.00 96.00 1692716031.44
0.02 0.00 96.00 1692716031.54
0.02 0.01 96.00 1692716031.64
0.02 0.01 96.00 1692716031.74
0.02 0.01 96.00 1692716031.84
0.02 0.01 96.00 1692716031.94
0.02 0.00 96.00 1692716032.04
0.01 0.00 96.00 1692716032.14
0.02 0.00 96.00 1692716032.24
0.01 0.00 96.00 1692716032.34
0.01 0.01 96.00 1692716032.44
0.00 0.01 96.00 1692716032.54
0.01 0.02 96.00 1692716032.64
0.02 0.02 96.00 1692716032.74
0.02 0.02 96.00 1692716032.84
0.02 0.01 96.00 1692716032.94
0.02 0.00 96.00 1692716033.04
0.03 0.00 96.00 1692716033.14
0.02 0.01 96.00 1692716033.24
0.01 0.00 96.00 1692716033.34
0.02 0.00 96.00 1692716033.44
0.01 0.00 96.00 1692716033.54
0.01 0.01 96.00 1692716033.64
0.02 0.00 96.00 1692716033.74
0.03 0.01 96.00 1692716033.84
0.03 0.02 96.00 1692716033.94
0.02 0.02 96.00 1692716034.04
0.00 0.02 96.00 1692716034.14
0.00 0.02 96.00 1692716034.24
0.01 0.02 96.00 1692716034.34
0.00 0.02 96.00 1692716034.44
0.01 0.02 96.00 1692716034.54
0.01 0.02 96.00 1692716034.64
0.00 0.02 96.00 1692716034.74
0.01 0.01 96.00 1692716034.84
0.01 0.01 96.00 1692716034.94
0.00 0.02 96.00 1692716035.04
0.01 0.01 96.00 1692716035.14
0.01 0.01 96.00 1692716035.24
0.00 0.01 96.00 1692716035.34
0.00 0.00 96.00 1692716035.44
0.01 0.00 96.00 1692716035.55
0.01 0.00 96.00 1692716035.65
0.00 0.00 95.00 1692716035.75
0.00 0.01 95.00 1692716035.85
0.01 0.09 94.00 1692716035.95
0.03 0.58 92.00 1692716036.05
0.27 1.46 89.00 1692716036.15
0.86 2.24 88.00 1692716036.25
2.11 3.69 86.00 1692716036.35
3.94 11.98 84.00 1692716036.76
8.58 11.38 84.00 1692716036.85
8.56 10.84 84.00 1692716036.94
8.06 11.80 83.00 1692716037.04
8.31 13.03 81.00 1692716037.13
9.26 13.10 81.00 1692716037.22
10.64 14.60 78.00 1692716037.60
11.86 15.57 77.00 1692716037.70
12.93 16.63 77.00 1692716037.80
13.44 16.86 76.00 1692716037.91
13.49 16.93 74.00 1692716038.01
13.71 17.29 73.00 1692716038.11
13.95 17.57 72.00 1692716038.21
14.03 17.99 70.00 1692716038.31
14.54 18.85 70.00 1692716038.41
15.37 19.74 69.00 1692716038.51
15.55 20.96 65.00 1692716038.92
16.34 21.90 65.00 1692716039.01
17.61 22.65 65.00 1692716039.10
18.97 22.60 65.00 1692716039.20
20.02 22.38 64.00 1692716039.29
20.75 22.59 63.00 1692716039.38
21.48 22.93 62.00 1692716039.47
21.76 22.98 60.00 1692716039.57
21.36 23.01 58.00 1692716039.66
21.21 23.14 56.00 1692716039.75
21.27 23.85 54.00 1692716039.84
21.83 24.73 50.00 1692716039.94
22.31 25.14 47.00 1692716040.03
22.69 25.62 43.00 1692716040.12
23.57 26.52 39.00 1692716040.21
24.62 27.20 32.00 1692716040.31
25.09 27.06 25.00 1692716040.41
23.74 25.59 17.00 1692716040.51
20.33 22.48 10.00 1692716040.61
14.88 17.56 9.00 1692716040.71
7.92 10.28 8.00 1692716040.81
3.51 5.28 7.00 1692716040.91
2.15 3.22 7.00 1692716041.01
1.65 2.37 7.00 1692716041.11
1.22 2.21 7.00 1692716041.21
1.04 2.11 7.00 1692716041.31
0.94 2.04 7.00 1692716041.41
0.65 1.41 7.00 1692716041.51
0.61 1.16 7.00 1692716041.61
0.74 1.00 7.00 1692716041.72
0.83 0.99 7.00 1692716041.82
0.72 0.95 7.00 1692716041.92
0.49 0.98 7.00 1692716042.02
0.25 0.93 7.00 1692716042.12
0.14 0.84 7.00 1692716042.22
0.11 0.82 7.00 1692716042.32
0.03 0.80 7.00 1692716042.42
0.01 0.89 7.00 1692716042.52
0.02 1.26 7.00 1692716042.62
0.33 1.94 7.00 1692716043.03
3.51 1.33 7.00 1692716043.12
0.54 0.02 7.00 1692716043.50
0.19 0.04 7.00 1692716043.60
0.03 0.03 7.00 1692716043.70
0.01 0.03 7.00 1692716043.80
0.00 0.02 7.00 1692716043.91
0.01 0.03 7.00 1692716044.01
0.01 0.03 7.00 1692716044.11
0.01 0.05 7.00 1692716044.21
0.01 0.09 7.00 1692716044.31
0.01 0.10 7.00 1692716044.41
0.00 0.10 7.00 1692716044.51
0.00 0.07 7.00 1692716044.61
0.01 0.10 7.00 1692716044.71
0.01 0.15 7.00 1692716044.81
0.00 0.18 7.00 1692716044.91
0.00 0.24 7.00 1692716045.01
0.01 0.29 7.00 1692716045.11
0.02 0.27 7.00 1692716045.21
