0.01 0.00 94.00 1692710311.72
0.01 0.00 94.00 1692710311.81
0.01 0.00 94.00 1692710311.90
0.01 0.00 94.00 1692710311.99
0.01 0.00 94.00 1692710312.09
0.01 0.00 94.00 1692710312.19
0.01 0.00 94.00 1692710312.29
0.01 0.00 94.00 1692710312.39
0.01 0.00 94.00 1692710312.49
0.01 0.00 94.00 1692710312.59
0.01 0.00 94.00 1692710312.69
0.01 0.01 94.00 1692710312.79
0.01 0.01 94.00 1692710312.89
0.01 0.00 94.00 1692710312.99
0.01 0.00 94.00 1692710313.09
0.01 0.00 94.00 1692710313.19
0.01 0.00 94.00 1692710313.29
0.01 0.01 94.00 1692710313.39
0.01 0.01 94.00 1692710313.49
0.01 0.01 94.00 1692710313.59
0.01 0.01 94.00 1692710313.69
0.01 0.00 94.00 1692710313.79
0.01 0.01 94.00 1692710313.89
0.01 0.00 94.00 1692710313.99
0.01 0.00 94.00 1692710314.09
0.01 0.00 94.00 1692710314.19
0.01 0.00 94.00 1692710314.29
0.01 0.00 94.00 1692710314.39
0.01 0.00 94.00 1692710314.49
0.01 0.00 94.00 1692710314.59
0.01 0.00 94.00 1692710314.69
0.01 0.00 94.00 1692710314.79
0.01 0.00 94.00 1692710314.88
0.02 0.00 94.00 1692710314.98
0.02 190.91 94.00 1692710315.08
0.02 0.01 94.00 1692710315.49
0.01 0.01 94.00 1692710315.59
23.82 0.01 94.00 1692710315.68
0.00 0.03 94.00 1692710316.06
0.00 0.03 94.00 1692710316.16
0.00 0.03 94.00 1692710316.26
0.00 0.02 94.00 1692710316.36
0.01 0.01 94.00 1692710316.46
0.01 0.00 94.00 1692710316.56
0.00 0.01 94.00 1692710316.66
0.00 0.01 94.00 1692710316.76
0.01 0.01 94.00 1692710316.86
0.01 0.00 94.00 1692710316.96
0.01 0.00 94.00 1692710317.06
0.01 0.00 94.00 1692710317.16
0.01 0.00 94.00 1692710317.26
0.01 0.01 94.00 1692710317.36
0.01 0.01 94.00 1692710317.46
0.01 0.01 94.00 1692710317.56
0.00 0.00 94.00 1692710317.66
0.01 0.00 94.00 1692710317.76
0.01 0.01 94.00 1692710317.86
0.00 0.00 94.00 1692710317.96
0.02 0.01 94.00 1692710318.06
0.06 0.02 94.00 1692710318.16
0.11 0.03 94.00 1692710318.26
0.18 0.16 94.00 1692710318.36
0.21 0.32 94.00 1692710318.46
0.19 0.22 94.00 1692710318.56
0.21 0.09 94.00 1692710318.66
0.26 0.07 94.00 1692710318.76
0.34 0.07 94.00 1692710318.86
0.48 0.08 94.00 1692710318.96
0.71 0.11 94.00 1692710319.06
1.06 0.17 94.00 1692710319.16
1.34 0.19 94.00 1692710319.26
1.35 0.27 94.00 1692710319.36
1.49 0.59 94.00 1692710319.46
1.84 0.83 94.00 1692710319.56
2.19 1.05 94.00 1692710319.66
2.24 1.24 94.00 1692710319.76
1.72 1.11 94.00 1692710319.86
1.34 1.05 94.00 1692710319.96
1.22 1.15 94.00 1692710320.06
0.92 1.06 94.00 1692710320.16
0.50 0.72 94.00 1692710320.26
0.46 0.53 94.00 1692710320.36
0.61 0.61 94.00 1692710320.46
0.90 0.68 94.00 1692710320.56
1.09 0.97 94.00 1692710320.66
1.12 1.16 94.00 1692710320.76
0.92 1.13 94.00 1692710320.86
0.56 0.87 94.00 1692710320.96
0.20 0.43 94.00 1692710321.06
0.03 0.13 94.00 1692710321.16
0.00 0.04 94.00 1692710321.26
0.00 0.03 94.00 1692710321.36
0.00 0.03 94.00 1692710321.46
0.00 0.02 94.00 1692710321.56
0.01 0.02 94.00 1692710321.66
0.01 0.02 94.00 1692710321.76
0.00 0.01 94.00 1692710321.86
0.00 0.01 94.00 1692710321.96
0.00 0.00 94.00 1692710322.06
0.00 0.01 94.00 1692710322.16
0.00 0.02 94.00 1692710322.26
0.00 0.03 94.00 1692710322.36
0.50 0.06 93.00 1692710322.46
2.59 1.52 89.00 1692710322.90
3.34 2.02 89.00 1692710323.00
4.11 2.30 88.00 1692710323.10
4.55 2.53 88.00 1692710323.20
4.79 2.71 87.00 1692710323.30
4.74 2.76 87.00 1692710323.40
4.76 2.69 87.00 1692710323.50
4.99 2.68 87.00 1692710323.60
5.27 3.02 87.00 1692710323.70
5.48 3.18 86.00 1692710323.80
5.71 3.36 85.00 1692710323.90
5.89 3.52 84.00 1692710324.00
6.08 3.72 84.00 1692710324.10
6.25 3.96 81.00 1692710324.20
6.50 4.23 81.00 1692710324.30
6.95 4.57 81.00 1692710324.40
7.59 4.94 81.00 1692710324.50
7.76 5.33 81.00 1692710324.60
7.42 5.49 81.00 1692710324.70
7.33 5.63 80.00 1692710324.80
7.70 6.37 80.00 1692710324.90
8.43 6.78 80.00 1692710325.00
8.78 7.03 80.00 1692710325.10
8.46 6.99 79.00 1692710325.20
8.20 6.99 79.00 1692710325.30
8.32 7.13 79.00 1692710325.40
8.61 7.23 78.00 1692710325.50
9.18 7.43 77.00 1692710325.60
9.88 7.78 77.00 1692710325.70
10.52 8.33 77.00 1692710325.80
11.25 8.84 77.00 1692710325.90
11.72 9.25 77.00 1692710326.00
11.64 9.58 77.00 1692710326.10
11.04 9.55 76.00 1692710326.20
10.82 9.84 75.00 1692710326.30
11.11 10.40 74.00 1692710326.40
11.51 11.02 74.00 1692710326.50
11.81 11.81 73.00 1692710326.60
12.40 12.54 73.00 1692710326.70
13.10 13.28 73.00 1692710326.80
13.42 13.67 73.00 1692710326.90
13.14 13.71 72.00 1692710327.00
13.38 13.74 72.00 1692710327.10
14.12 14.00 71.00 1692710327.20
15.50 15.08 70.00 1692710327.30
16.76 15.56 70.00 1692710327.40
17.01 15.74 70.00 1692710327.50
16.45 15.75 69.00 1692710327.60
15.81 15.52 69.00 1692710327.70
15.99 15.52 68.00 1692710327.80
16.09 15.90 68.00 1692710327.90
16.44 16.51 67.00 1692710328.00
17.36 17.23 66.00 1692710328.10
18.18 17.99 65.00 1692710328.20
18.20 18.73 65.00 1692710328.30
18.35 19.52 64.00 1692710328.40
19.12 20.21 64.00 1692710328.50
20.12 20.83 63.00 1692710328.60
19.83 20.88 63.00 1692710328.70
18.63 20.36 63.00 1692710328.80
17.86 20.12 63.00 1692710328.90
17.81 19.91 63.00 1692710329.00
17.99 19.97 63.00 1692710329.10
19.74 23.19 60.00 1692710329.54
20.47 23.98 59.00 1692710329.64
21.00 24.72 58.00 1692710329.74
21.55 25.50 56.00 1692710329.84
22.26 25.90 55.00 1692710329.94
22.97 26.21 54.00 1692710330.04
23.29 26.62 52.00 1692710330.14
23.06 26.31 51.00 1692710330.24
22.80 26.14 50.00 1692710330.34
23.15 26.76 48.00 1692710330.44
24.23 27.81 45.00 1692710330.54
25.49 28.82 44.00 1692710330.64
26.33 29.47 43.00 1692710330.74
26.70 29.79 41.00 1692710330.84
27.33 29.96 38.00 1692710330.94
28.65 30.63 36.00 1692710331.04
30.10 31.63 34.00 1692710331.14
31.21 32.52 31.00 1692710331.24
31.86 33.44 29.00 1692710331.34
32.33 35.42 26.00 1692710331.44
32.61 36.09 22.00 1692710331.54
32.81 36.44 17.00 1692710331.64
32.71 36.76 11.00 1692710331.74
32.27 37.08 5.00 1692710331.84
31.60 37.59 0.00 1692710331.94
29.30 37.50 0.00 1692710332.04
23.23 34.27 0.00 1692710332.14
15.68 26.44 0.00 1692710332.24
11.21 19.85 0.00 1692710332.34
8.71 16.11 0.00 1692710332.44
7.59 14.30 0.00 1692710332.54
6.88 11.03 0.00 1692710332.64
6.24 9.62 0.00 1692710332.74
5.75 8.61 0.00 1692710332.84
5.05 7.79 0.00 1692710332.94
4.31 6.66 0.00 1692710333.04
3.49 5.16 0.00 1692710333.14
2.80 3.76 0.00 1692710333.24
2.52 2.94 0.00 1692710333.34
2.13 2.44 0.00 1692710333.44
1.88 2.06 0.00 1692710333.54
1.90 1.38 0.00 1692710333.64
1.81 0.92 0.00 1692710333.74
2.11 1.14 0.00 1692710333.84
2.48 2.44 0.00 1692710333.94
2.48 3.31 0.00 1692710334.04
2.20 3.66 0.00 1692710334.14
1.57 3.16 14.00 1692710334.24
0.70 1.85 62.00 1692710334.34
0.48 0.72 83.00 1692710334.44
0.22 0.18 95.00 1692710334.54
0.06 0.07 96.00 1692710334.64
0.00 0.09 96.00 1692710334.74
0.00 0.07 95.00 1692710334.84
0.01 0.04 92.00 1692710334.94
0.01 0.02 92.00 1692710335.04
0.02 0.00 92.00 1692710335.14
0.02 0.01 92.00 1692710335.24
0.02 0.01 92.00 1692710335.34
0.02 0.00 92.00 1692710335.44
0.02 0.00 92.00 1692710335.54
0.03 0.00 92.00 1692710335.64
0.03 0.00 92.00 1692710335.74
0.04 0.00 92.00 1692710335.84
0.04 0.01 92.00 1692710335.94
0.04 0.01 92.00 1692710336.04
0.02 0.01 92.00 1692710336.13
0.02 0.01 92.00 1692710336.23
0.03 0.06 92.00 1692710336.33
0.04 0.14 92.00 1692710336.43
0.04 0.21 92.00 1692710336.53
0.04 0.20 92.00 1692710336.63
0.04 1.93 92.00 1692710336.73
0.03 0.04 91.00 1692710337.14
0.01 0.04 91.00 1692710337.24
0.01 0.04 91.00 1692710337.33
0.01 0.03 91.00 1692710337.42
0.01 0.04 91.00 1692710337.51
0.01 0.06 91.00 1692710337.61
0.00 0.05 91.00 1692710337.70
0.00 0.03 91.00 1692710337.79
0.01 0.03 91.00 1692710337.88
0.00 0.03 91.00 1692710337.97
0.01 0.03 91.00 1692710338.07
0.01 0.03 91.00 1692710338.16
0.01 0.03 91.00 1692710338.25
0.01 0.02 91.00 1692710338.34
0.02 0.02 91.00 1692710338.43
0.02 0.02 91.00 1692710338.53
0.02 0.02 91.00 1692710338.63
0.02 0.02 91.00 1692710338.73
0.02 0.02 91.00 1692710338.83
0.02 0.03 91.00 1692710338.93
0.01 0.02 91.00 1692710339.03
0.01 0.02 91.00 1692710339.13
0.00 0.03 91.00 1692710339.23
0.00 0.03 91.00 1692710339.33
0.01 0.02 91.00 1692710339.43
0.01 0.02 91.00 1692710339.53
0.02 0.02 91.00 1692710339.63
0.02 0.02 91.00 1692710339.73
0.03 0.02 91.00 1692710339.83
0.02 0.02 91.00 1692710339.93
0.02 0.01 91.00 1692710340.03
0.02 0.01 91.00 1692710340.13
0.02 0.01 91.00 1692710340.23
0.02 0.00 91.00 1692710340.33
0.02 0.00 91.00 1692710340.43
0.02 0.00 91.00 1692710340.53
0.02 0.00 91.00 1692710340.63
0.02 0.01 91.00 1692710340.73
0.02 0.00 91.00 1692710340.83
0.02 0.00 91.00 1692710340.93
0.01 0.01 91.00 1692710341.03
0.01 0.02 91.00 1692710341.13
0.02 0.02 91.00 1692710341.23
0.02 0.02 91.00 1692710341.33
0.02 0.02 91.00 1692710341.43
0.02 0.02 90.00 1692710341.53
0.02 0.01 90.00 1692710341.63
0.01 0.02 90.00 1692710341.73
0.01 0.03 90.00 1692710341.83
0.01 0.03 89.00 1692710341.93
0.01 0.07 90.00 1692710342.03
0.02 0.08 90.00 1692710342.13
0.02 0.06 90.00 1692710342.23
0.02 0.05 90.00 1692710342.33
0.02 0.04 90.00 1692710342.43
0.03 0.03 90.00 1692710342.53
0.03 0.02 90.00 1692710342.63
0.04 0.02 90.00 1692710342.73
0.04 0.02 90.00 1692710342.83
0.04 0.03 90.00 1692710342.93
0.03 0.03 90.00 1692710343.03
0.04 0.03 90.00 1692710343.13
0.04 0.02 90.00 1692710343.23
0.05 0.02 90.00 1692710343.33
0.04 0.02 90.00 1692710343.43
0.04 0.02 90.00 1692710343.53
0.04 0.02 90.00 1692710343.63
0.04 0.02 90.00 1692710343.73
0.04 0.02 90.00 1692710343.83
0.04 0.02 90.00 1692710343.93
0.04 0.01 90.00 1692710344.03
0.04 0.01 90.00 1692710344.13
0.04 0.01 90.00 1692710344.23
0.04 0.02 90.00 1692710344.33
0.04 0.01 90.00 1692710344.43
0.05 0.01 90.00 1692710344.53
0.05 0.01 90.00 1692710344.63
0.04 0.00 90.00 1692710344.73
0.04 0.00 90.00 1692710344.83
0.04 0.00 90.00 1692710344.93
0.05 0.00 90.00 1692710345.03
0.04 0.01 90.00 1692710345.13
0.04 0.00 90.00 1692710345.23
0.04 0.01 90.00 1692710345.33
0.04 0.01 89.00 1692710345.43
0.04 0.02 89.00 1692710345.53
0.03 0.02 89.00 1692710345.63
0.03 0.02 90.00 1692710345.73
0.03 0.02 90.00 1692710345.83
0.03 0.02 90.00 1692710345.93
0.03 0.02 90.00 1692710346.03
0.02 0.02 90.00 1692710346.13
0.02 0.02 90.00 1692710346.23
0.02 0.01 90.00 1692710346.33
0.02 0.01 90.00 1692710346.43
0.03 0.02 90.00 1692710346.53
0.03 0.01 90.00 1692710346.63
0.03 0.01 90.00 1692710346.73
0.03 0.01 90.00 1692710346.83
0.04 0.01 90.00 1692710346.93
0.04 0.00 90.00 1692710347.03
0.04 0.00 90.00 1692710347.13
0.04 0.01 89.00 1692710347.23
0.04 0.01 89.00 1692710347.33
0.04 0.01 89.00 1692710347.43
0.04 0.00 89.00 1692710347.53
0.03 0.00 89.00 1692710347.63
0.03 0.00 90.00 1692710347.73
0.04 0.00 90.00 1692710347.83
0.04 0.00 90.00 1692710347.93
0.03 0.01 90.00 1692710348.03
0.02 0.00 90.00 1692710348.13
0.02 0.00 90.00 1692710348.23
0.02 0.01 90.00 1692710348.32
0.03 0.01 90.00 1692710348.43
0.04 0.01 90.00 1692710348.53
0.04 190.91 90.00 1692710348.62
0.04 0.00 90.00 1692710349.03
0.03 0.01 90.00 1692710349.13
0.03 0.01 89.00 1692710349.22
0.03 0.01 89.00 1692710349.31
0.02 0.00 89.00 1692710349.40
0.01 0.00 90.00 1692710349.50
0.01 0.00 89.00 1692710349.59
0.01 0.00 90.00 1692710349.68
0.02 0.00 89.00 1692710349.77
0.02 0.01 90.00 1692710349.86
0.03 0.01 90.00 1692710349.96
0.03 0.01 90.00 1692710350.05
0.04 0.01 90.00 1692710350.14
0.04 0.01 90.00 1692710350.23
0.04 0.01 90.00 1692710350.32
0.04 0.00 90.00 1692710350.42
0.03 0.00 89.00 1692710350.52
0.03 0.00 89.00 1692710350.62
0.02 0.00 89.00 1692710350.72
0.02 0.00 90.00 1692710350.82
0.02 0.01 90.00 1692710350.92
0.02 0.00 90.00 1692710351.02
0.02 0.01 90.00 1692710351.12
0.02 0.01 90.00 1692710351.22
0.02 0.01 90.00 1692710351.32
0.02 0.00 90.00 1692710351.42
0.02 0.00 90.00 1692710351.52
0.02 0.00 90.00 1692710351.62
0.02 0.00 90.00 1692710351.72
0.02 0.00 89.00 1692710351.82
0.03 0.01 89.00 1692710351.92
0.03 0.01 89.00 1692710352.02
0.02 0.01 90.00 1692710352.12
0.01 0.01 89.00 1692710352.22
0.01 0.01 89.00 1692710352.32
0.01 0.01 89.00 1692710352.42
0.01 0.01 89.00 1692710352.52
0.02 0.01 88.00 1692710352.62
0.02 0.01 87.00 1692710352.72
0.01 0.01 85.00 1692710352.82
0.02 0.00 83.00 1692710352.92
0.01 0.00 82.00 1692710353.02
0.01 0.01 82.00 1692710353.12
0.01 0.02 82.00 1692710353.22
0.01 0.02 82.00 1692710353.32
0.01 0.02 82.00 1692710353.42
0.01 0.02 82.00 1692710353.52
0.02 0.01 82.00 1692710353.62
0.02 0.01 82.00 1692710353.72
0.01 0.01 82.00 1692710353.82
0.01 0.02 82.00 1692710353.92
0.01 0.02 82.00 1692710354.02
0.01 0.02 82.00 1692710354.12
0.01 0.01 82.00 1692710354.22
0.01 0.01 82.00 1692710354.32
0.01 0.02 81.00 1692710354.42
0.00 0.02 81.00 1692710354.52
0.01 0.14 80.00 1692710354.62
0.07 1.19 79.00 1692710354.72
0.16 2.09 79.00 1692710354.82
0.24 2.33 78.00 1692710354.92
0.43 2.87 76.00 1692710355.02
1.06 4.65 75.00 1692710355.12
1.73 5.22 74.00 1692710355.22
1.96 5.10 74.00 1692710355.32
2.26 5.09 71.00 1692710355.42
2.92 5.91 69.00 1692710355.52
3.53 6.60 68.00 1692710355.62
4.10 6.80 68.00 1692710355.72
4.87 7.53 67.00 1692710355.82
5.16 8.32 66.00 1692710355.92
5.16 8.72 65.00 1692710356.02
5.57 9.31 64.00 1692710356.12
6.14 9.72 63.00 1692710356.22
6.90 10.37 62.00 1692710356.32
7.93 11.56 62.00 1692710356.42
8.71 12.43 61.00 1692710356.52
9.20 12.84 61.00 1692710356.62
9.12 12.49 59.00 1692710356.72
9.05 11.94 57.00 1692710356.82
10.02 12.97 56.00 1692710356.92
11.46 14.58 55.00 1692710357.02
12.67 16.00 55.00 1692710357.12
12.58 16.72 55.00 1692710357.22
11.37 16.64 54.00 1692710357.32
11.16 16.29 53.00 1692710357.42
11.74 17.24 51.00 1692710357.52
12.91 18.62 51.00 1692710357.62
14.30 20.03 50.00 1692710357.72
14.93 20.88 50.00 1692710357.82
14.53 20.82 49.00 1692710357.92
13.33 20.34 48.00 1692710358.02
13.55 20.40 46.00 1692710358.12
14.71 20.96 45.00 1692710358.22
15.69 22.06 43.00 1692710358.32
16.73 23.56 42.00 1692710358.42
18.12 24.84 42.00 1692710358.52
18.96 26.07 41.00 1692710358.62
18.39 26.85 38.00 1692710358.72
18.13 26.76 36.00 1692710358.82
19.70 27.35 34.00 1692710358.92
21.50 28.53 31.00 1692710359.02
23.25 29.84 27.00 1692710359.12
24.61 30.84 23.00 1692710359.22
24.77 31.34 23.00 1692710359.32
24.25 31.53 20.00 1692710359.42
23.74 31.64 14.00 1692710359.52
23.96 31.16 8.00 1692710359.62
25.30 32.06 0.00 1692710359.72
25.89 33.87 0.00 1692710359.82
21.01 26.99 0.00 1692710359.92
14.53 20.42 0.00 1692710360.02
10.63 15.90 0.00 1692710360.12
8.08 13.02 0.00 1692710360.21
6.17 10.77 0.00 1692710360.31
5.03 8.67 0.00 1692710360.41
4.38 7.38 0.00 1692710360.51
3.72 6.62 0.00 1692710360.61
3.16 5.74 0.00 1692710360.71
2.59 4.53 0.00 1692710360.81
1.91 3.36 0.00 1692710360.91
1.66 2.54 0.00 1692710361.01
1.59 0.75 0.00 1692710361.42
1.27 0.50 0.00 1692710361.52
1.06 0.65 19.00 1692710361.61
0.98 1.06 47.00 1692710361.70
0.85 1.56 67.00 1692710361.79
0.92 2.29 81.00 1692710361.89
1.31 2.45 96.00 1692710361.98
1.09 1.74 96.00 1692710362.07
0.67 0.69 96.00 1692710362.16
0.21 0.14 96.00 1692710362.25
0.02 0.03 96.00 1692710362.35
0.01 0.02 96.00 1692710362.44
0.03 0.02 96.00 1692710362.53
0.02 0.01 96.00 1692710362.62
0.04 0.01 96.00 1692710362.71
0.07 0.01 95.00 1692710362.81
0.07 0.01 94.00 1692710362.91
0.04 0.01 94.00 1692710363.01
0.03 0.01 94.00 1692710363.11
0.02 0.00 94.00 1692710363.21
0.01 0.00 94.00 1692710363.31
0.01 0.01 94.00 1692710363.41
0.00 0.02 94.00 1692710363.51
0.02 0.02 94.00 1692710363.61
0.03 0.02 94.00 1692710363.71
0.02 0.02 94.00 1692710363.81
0.01 0.01 94.00 1692710363.91
0.01 0.00 94.00 1692710364.01
0.01 0.01 94.00 1692710364.11
0.01 0.01 94.00 1692710364.21
0.01 0.01 94.00 1692710364.31
0.01 0.01 94.00 1692710364.41
0.01 0.00 94.00 1692710364.51
0.01 0.01 94.00 1692710364.61
0.02 0.01 94.00 1692710364.71
0.02 0.01 95.00 1692710364.81
0.01 0.01 94.00 1692710364.91
0.01 0.01 94.00 1692710365.01
0.01 0.00 94.00 1692710365.11
0.01 0.00 95.00 1692710365.21
0.01 0.01 95.00 1692710365.31
0.01 0.01 95.00 1692710365.41
0.01 0.01 95.00 1692710365.51
0.01 0.02 94.00 1692710365.61
0.01 0.01 94.00 1692710365.71
0.01 0.01 95.00 1692710365.81
0.02 0.00 95.00 1692710365.91
0.03 0.00 95.00 1692710366.01
0.03 0.02 94.00 1692710366.11
0.03 0.03 95.00 1692710366.21
0.03 0.01 94.00 1692710366.31
0.02 0.01 95.00 1692710366.41
0.01 0.01 94.00 1692710366.51
0.01 0.01 95.00 1692710366.61
0.01 0.01 95.00 1692710366.71
0.01 0.01 95.00 1692710366.81
0.02 0.00 95.00 1692710366.91
0.02 0.00 94.00 1692710367.01
0.02 0.00 94.00 1692710367.11
0.02 0.01 94.00 1692710367.21
0.03 0.02 95.00 1692710367.31
0.03 0.03 94.00 1692710367.41
0.03 0.05 94.00 1692710367.51
0.03 0.05 95.00 1692710367.61
0.03 0.06 94.00 1692710367.71
0.03 0.06 94.00 1692710367.81
0.02 0.04 94.00 1692710367.91
0.02 0.03 94.00 1692710368.01
0.02 0.03 94.00 1692710368.11
0.02 0.04 94.00 1692710368.21
0.02 0.04 94.00 1692710368.31
0.03 0.03 94.00 1692710368.41
0.02 0.02 94.00 1692710368.51
0.02 0.02 94.00 1692710368.61
0.02 0.01 94.00 1692710368.71
0.02 0.00 94.00 1692710368.81
0.03 0.00 94.00 1692710368.91
0.03 0.00 94.00 1692710369.01
0.02 0.00 94.00 1692710369.11
0.02 0.00 94.00 1692710369.21
0.02 0.01 94.00 1692710369.31
0.01 0.01 94.00 1692710369.41
0.02 0.01 94.00 1692710369.51
0.02 0.02 94.00 1692710369.61
0.02 0.02 94.00 1692710369.71
0.02 0.01 94.00 1692710369.81
0.02 0.02 94.00 1692710369.91
0.03 0.03 94.00 1692710370.01
0.03 0.04 94.00 1692710370.11
0.02 0.04 94.00 1692710370.21
0.01 0.03 94.00 1692710370.31
0.01 0.02 94.00 1692710370.41
0.02 0.01 94.00 1692710370.51
0.02 0.01 94.00 1692710370.61
0.01 0.01 94.00 1692710370.71
0.02 0.01 94.00 1692710370.81
0.03 0.03 94.00 1692710370.91
0.03 0.04 94.00 1692710371.01
0.02 0.02 94.00 1692710371.11
0.01 0.01 94.00 1692710371.21
0.01 0.00 94.00 1692710371.31
0.01 0.01 94.00 1692710371.41
0.01 0.00 94.00 1692710371.50
0.01 0.00 94.00 1692710371.60
0.02 0.01 94.00 1692710371.70
0.02 0.01 94.00 1692710371.80
0.03 10.93 94.00 1692710371.90
0.01 0.01 94.00 1692710372.31
0.01 0.01 94.00 1692710372.41
0.01 0.00 94.00 1692710372.50
0.02 0.01 94.00 1692710372.59
0.03 0.01 94.00 1692710372.68
0.03 0.01 94.00 1692710372.78
0.03 0.01 94.00 1692710372.87
0.03 0.01 94.00 1692710372.96
0.03 0.00 94.00 1692710373.05
0.03 0.00 94.00 1692710373.14
0.03 0.01 94.00 1692710373.24
0.03 0.00 94.00 1692710373.33
0.03 0.00 94.00 1692710373.42
0.03 0.00 94.00 1692710373.51
0.03 0.00 94.00 1692710373.60
0.02 0.01 94.00 1692710373.70
0.01 0.01 94.00 1692710373.80
0.01 0.01 94.00 1692710373.90
0.00 0.02 94.00 1692710374.00
0.00 0.08 93.00 1692710374.10
0.01 0.27 93.00 1692710374.20
0.01 0.54 93.00 1692710374.30
0.02 0.65 91.00 1692710374.40
0.14 1.14 89.00 1692710374.50
0.51 1.93 88.00 1692710374.60
1.04 2.34 87.00 1692710374.70
1.85 2.98 87.00 1692710374.80
2.57 4.75 87.00 1692710374.90
2.60 4.87 85.00 1692710375.00
2.82 5.32 81.00 1692710375.10
3.50 6.22 80.00 1692710375.20
4.62 7.48 80.00 1692710375.30
5.33 8.37 80.00 1692710375.40
5.57 8.55 78.00 1692710375.50
5.76 8.85 77.00 1692710375.60
6.27 9.34 75.00 1692710375.70
7.26 10.11 75.00 1692710375.80
8.11 11.22 74.00 1692710375.90
8.74 13.11 73.00 1692710376.00
9.09 13.57 72.00 1692710376.10
9.13 13.51 71.00 1692710376.20
9.31 13.54 70.00 1692710376.30
10.11 14.22 70.00 1692710376.40
11.07 15.06 69.00 1692710376.50
11.62 16.02 67.00 1692710376.60
11.62 16.62 66.00 1692710376.70
12.07 16.87 65.00 1692710376.80
12.71 17.47 63.00 1692710376.90
13.80 18.57 62.00 1692710377.00
14.95 19.76 62.00 1692710377.10
14.94 19.86 62.00 1692710377.20
14.33 18.99 62.00 1692710377.30
14.32 19.17 62.00 1692710377.40
15.15 19.83 62.00 1692710377.50
16.27 20.72 61.00 1692710377.60
17.18 21.69 60.00 1692710377.70
17.76 22.33 60.00 1692710377.80
18.07 22.43 59.00 1692710377.90
18.07 22.35 58.00 1692710378.00
18.11 22.44 57.00 1692710378.10
18.59 22.83 56.00 1692710378.20
19.40 23.56 54.00 1692710378.30
20.29 25.30 54.00 1692710378.40
20.73 25.89 54.00 1692710378.50
20.94 26.18 53.00 1692710378.60
21.62 26.39 52.00 1692710378.70
22.51 26.84 51.00 1692710378.80
23.15 27.19 50.00 1692710378.90
23.70 27.62 48.00 1692710379.00
24.34 28.23 46.00 1692710379.10
24.80 28.70 44.00 1692710379.20
25.17 29.21 42.00 1692710379.30
25.22 29.61 40.00 1692710379.40
25.05 29.88 36.00 1692710379.50
25.11 30.51 33.00 1692710379.60
25.51 31.23 28.00 1692710379.70
26.35 31.72 24.00 1692710379.80
27.00 31.26 18.00 1692710379.90
27.23 31.27 8.00 1692710380.00
26.37 31.17 4.00 1692710380.10
20.24 26.57 0.00 1692710380.20
12.61 19.14 0.00 1692710380.30
8.47 14.17 0.00 1692710380.40
6.49 11.88 0.00 1692710380.50
5.45 10.26 0.00 1692710380.60
4.79 8.49 0.00 1692710380.70
4.36 6.44 0.00 1692710380.80
4.04 5.92 0.00 1692710380.90
3.53 5.05 0.00 1692710381.00
2.89 4.09 0.00 1692710381.10
2.31 3.23 0.00 1692710381.20
1.74 2.47 0.00 1692710381.30
1.45 1.96 0.00 1692710381.40
1.27 1.62 0.00 1692710381.50
1.22 1.19 0.00 1692710381.60
1.10 1.07 0.00 1692710381.70
1.19 1.35 0.00 1692710381.80
1.60 1.78 0.00 1692710381.90
1.82 3.37 0.00 1692710382.00
1.83 3.03 0.00 1692710382.10
1.18 1.62 0.00 1692710382.20
0.43 0.40 0.00 1692710382.30
0.11 0.06 11.00 1692710382.39
0.02 0.04 45.00 1692710382.49
0.01 0.03 71.00 1692710382.59
0.02 0.02 89.00 1692710382.69
0.11 0.02 96.00 1692710382.79
0.19 0.02 96.00 1692710382.89
0.14 0.02 96.00 1692710382.99
0.07 0.01 96.00 1692710383.09
0.03 0.04 94.00 1692710383.19
0.00 0.05 94.00 1692710383.29
0.00 0.06 94.00 1692710383.39
0.00 0.12 94.00 1692710383.49
0.01 0.21 94.00 1692710383.59
0.03 0.20 94.00 1692710383.69
0.04 0.06 94.00 1692710383.79
0.04 0.02 94.00 1692710383.89
0.04 0.00 94.00 1692710383.99
0.03 0.01 94.00 1692710384.09
0.02 0.01 94.00 1692710384.19
0.02 0.02 94.00 1692710384.29
0.03 0.01 94.00 1692710384.39
0.03 0.01 94.00 1692710384.49
0.03 0.00 94.00 1692710384.59
0.03 0.01 94.00 1692710384.69
0.03 0.01 94.00 1692710384.79
0.03 0.00 94.00 1692710384.89
0.02 0.00 94.00 1692710384.99
0.02 0.01 94.00 1692710385.09
0.02 0.01 94.00 1692710385.19
0.02 0.02 94.00 1692710385.29
0.01 0.02 94.00 1692710385.39
0.01 0.00 94.00 1692710385.49
0.02 0.01 94.00 1692710385.59
0.03 0.00 94.00 1692710385.69
0.03 0.00 94.00 1692710385.79
0.02 0.00 94.00 1692710385.89
0.02 0.01 94.00 1692710385.99
0.03 0.01 94.00 1692710386.09
0.04 0.01 94.00 1692710386.19
0.05 0.00 94.00 1692710386.29
0.04 0.00 94.00 1692710386.39
0.02 0.01 94.00 1692710386.49
0.01 0.01 94.00 1692710386.59
0.01 0.01 94.00 1692710386.69
0.02 0.01 94.00 1692710386.79
0.02 0.01 94.00 1692710386.89
0.02 0.01 94.00 1692710386.99
0.03 0.01 94.00 1692710387.09
0.03 0.01 94.00 1692710387.19
0.03 0.01 94.00 1692710387.29
0.03 0.00 94.00 1692710387.39
0.03 0.01 94.00 1692710387.49
0.04 0.01 94.00 1692710387.59
0.04 0.01 94.00 1692710387.69
