0.12 0.12 83.00 1692965815.33
0.12 0.12 83.00 1692965815.38
0.12 0.12 83.00 1692965815.47
0.12 0.12 83.00 1692965815.56
0.12 0.13 83.00 1692965815.66
0.12 0.13 83.00 1692965815.76
0.12 0.12 83.00 1692965815.86
0.12 0.12 83.00 1692965815.96
0.12 0.12 83.00 1692965816.06
0.12 0.12 83.00 1692965816.16
0.13 0.12 83.00 1692965816.26
0.13 0.12 83.00 1692965816.36
0.13 0.13 83.00 1692965816.46
0.13 0.13 83.00 1692965816.56
0.12 0.12 83.00 1692965816.66
0.13 0.12 83.00 1692965816.76
0.13 0.12 83.00 1692965816.86
0.12 0.13 83.00 1692965816.96
0.13 0.13 83.00 1692965817.07
0.13 0.13 83.00 1692965817.17
0.13 0.13 83.00 1692965817.27
0.13 0.13 83.00 1692965817.37
0.13 0.13 83.00 1692965817.47
0.13 0.13 83.00 1692965817.57
0.13 0.13 83.00 1692965817.67
0.13 0.12 83.00 1692965817.77
0.13 0.12 83.00 1692965817.87
0.13 0.13 83.00 1692965817.97
0.14 0.14 83.00 1692965818.07
0.28 0.16 83.00 1692965818.17
0.88 0.33 83.00 1692965818.27
1.82 0.87 83.00 1692965818.37
1.91 1.06 83.00 1692965818.47
1.66 0.97 83.00 1692965818.57
1.49 0.86 83.00 1692965818.67
1.46 0.82 83.00 1692965818.77
1.40 0.87 83.00 1692965818.87
1.32 0.77 83.00 1692965818.97
1.38 0.69 82.00 1692965819.07
1.72 0.84 81.00 1692965819.17
2.46 1.71 81.00 1692965819.27
2.98 2.12 81.00 1692965819.37
3.18 2.44 80.00 1692965819.47
3.46 2.75 80.00 1692965819.57
3.86 3.07 79.00 1692965819.67
4.40 3.43 77.00 1692965819.77
4.68 3.83 76.00 1692965819.87
4.68 4.15 75.00 1692965819.97
4.88 4.39 73.00 1692965820.07
5.35 4.70 72.00 1692965820.18
5.83 4.95 71.00 1692965820.28
6.55 5.27 70.00 1692965820.38
7.57 6.78 68.00 1692965820.48
8.29 7.39 66.00 1692965820.58
9.12 7.97 64.00 1692965820.68
10.26 8.84 63.00 1692965820.78
11.04 9.86 63.00 1692965820.88
11.22 10.87 62.00 1692965820.98
10.77 11.52 60.00 1692965821.08
10.08 11.43 59.00 1692965821.18
9.81 11.21 58.00 1692965821.28
10.16 11.41 56.00 1692965821.39
10.80 12.12 54.00 1692965821.48
11.46 13.07 53.00 1692965821.58
12.27 15.54 52.00 1692965821.68
13.18 17.14 50.00 1692965821.78
13.99 18.69 50.00 1692965821.88
14.70 19.74 48.00 1692965821.98
14.84 20.01 46.00 1692965822.08
14.79 20.34 45.00 1692965822.18
14.78 20.90 43.00 1692965822.28
14.99 21.40 42.00 1692965822.38
15.77 22.07 40.00 1692965822.48
17.09 22.95 37.00 1692965822.58
18.81 23.97 36.00 1692965822.68
20.60 25.14 34.00 1692965822.78
22.21 27.32 32.00 1692965822.88
23.45 28.19 30.00 1692965822.98
24.42 29.01 29.00 1692965823.08
25.04 29.44 26.00 1692965823.18
25.57 29.83 24.00 1692965823.29
25.78 30.27 21.00 1692965823.39
25.98 30.58 19.00 1692965823.49
26.49 31.00 16.00 1692965823.59
27.26 31.50 13.00 1692965823.69
27.75 32.16 9.00 1692965823.79
27.56 32.88 5.00 1692965823.89
27.25 33.43 0.00 1692965823.99
26.40 32.92 0.00 1692965824.09
23.16 29.99 0.00 1692965824.19
17.58 24.10 0.00 1692965824.29
12.42 18.28 0.00 1692965824.39
8.39 14.06 0.00 1692965824.49
6.63 11.94 0.00 1692965824.59
5.23 10.15 0.00 1692965824.69
4.76 10.11 0.00 1692965824.79
4.68 10.43 0.00 1692965824.89
4.40 10.35 0.00 1692965824.99
3.97 9.83 0.00 1692965825.09
3.64 9.07 0.00 1692965825.19
3.16 6.96 0.00 1692965825.29
2.69 6.06 0.00 1692965825.39
2.45 5.52 0.00 1692965825.49
2.40 5.18 0.00 1692965825.59
2.44 4.98 0.00 1692965825.69
2.39 4.68 0.00 1692965825.79
2.27 4.35 0.00 1692965825.89
1.91 3.91 0.00 1692965825.99
1.57 3.47 0.00 1692965826.09
1.45 3.15 0.00 1692965826.19
1.45 11.66 0.00 1692965826.29
1.91 6.78 0.00 1692965826.71
2.53 7.23 0.00 1692965826.80
2.51 5.52 0.00 1692965827.18
2.37 4.50 0.00 1692965827.28
2.20 3.80 0.00 1692965827.38
1.79 2.97 0.00 1692965827.48
1.31 2.13 0.00 1692965827.58
1.01 1.83 0.00 1692965827.68
0.88 1.99 0.00 1692965827.78
0.63 1.77 3.00 1692965827.88
0.33 1.05 31.00 1692965827.98
0.17 0.45 61.00 1692965828.09
0.17 0.27 85.00 1692965828.19
0.25 0.70 96.00 1692965828.29
0.28 0.78 96.00 1692965828.39
0.29 0.86 96.00 1692965828.49
0.39 1.27 94.00 1692965828.59
0.39 1.54 93.00 1692965828.69
0.46 1.63 93.00 1692965828.79
0.54 1.62 93.00 1692965828.89
0.58 1.45 93.00 1692965828.99
0.65 1.49 93.00 1692965829.09
0.85 1.61 93.00 1692965829.19
1.04 1.58 93.00 1692965829.29
0.83 1.33 93.00 1692965829.39
0.56 0.59 93.00 1692965829.49
0.58 0.67 93.00 1692965829.59
1.06 0.65 93.00 1692965829.69
1.29 0.34 93.00 1692965829.79
1.33 0.18 92.00 1692965829.89
1.76 0.23 92.00 1692965829.99
2.78 0.34 92.00 1692965830.09
3.26 0.34 92.00 1692965830.19
3.36 0.21 92.00 1692965830.29
3.26 0.16 92.00 1692965830.39
2.60 0.17 92.00 1692965830.49
1.79 0.17 92.00 1692965830.59
1.23 0.20 92.00 1692965830.69
0.85 0.36 92.00 1692965830.79
0.55 0.96 92.00 1692965830.89
0.37 1.77 92.00 1692965830.99
0.80 2.26 91.00 1692965831.10
1.99 2.56 91.00 1692965831.20
2.69 2.30 91.00 1692965831.30
2.80 1.69 91.00 1692965831.40
2.37 1.33 91.00 1692965831.50
1.77 0.95 91.00 1692965831.60
1.44 0.80 89.00 1692965831.70
1.69 0.85 89.00 1692965831.80
3.01 3.11 88.00 1692965831.90
3.74 3.75 86.00 1692965832.00
3.75 3.65 84.00 1692965832.10
4.31 4.09 83.00 1692965832.20
5.20 4.83 81.00 1692965832.30
5.79 5.36 81.00 1692965832.40
5.88 5.54 80.00 1692965832.50
5.58 5.30 79.00 1692965832.60
5.88 5.23 77.00 1692965832.70
6.63 5.79 75.00 1692965832.80
6.60 6.26 72.00 1692965832.90
6.71 5.93 68.00 1692965833.00
8.07 7.73 66.00 1692965833.10
10.05 9.90 63.00 1692965833.20
10.94 11.33 61.00 1692965833.30
11.02 12.39 58.00 1692965833.40
11.73 13.87 54.00 1692965833.50
12.56 15.10 51.00 1692965833.60
13.16 16.09 49.00 1692965833.70
13.82 17.15 45.00 1692965833.80
14.95 18.56 42.00 1692965833.90
16.55 20.05 39.00 1692965834.00
18.74 27.09 28.00 1692965834.42
23.28 28.45 26.00 1692965834.51
24.22 29.77 24.00 1692965834.60
25.25 30.47 21.00 1692965834.69
25.98 31.04 19.00 1692965834.79
26.36 31.89 16.00 1692965834.88
26.75 32.72 13.00 1692965834.97
27.29 33.86 10.00 1692965835.06
28.05 35.00 6.00 1692965835.16
28.69 35.81 0.00 1692965835.25
29.33 35.84 0.00 1692965835.34
29.13 34.36 0.00 1692965835.44
27.67 31.58 0.00 1692965835.53
24.74 27.76 0.00 1692965835.62
19.71 24.62 0.00 1692965835.71
15.34 22.61 0.00 1692965835.81
11.58 18.54 0.00 1692965835.91
8.19 14.08 0.00 1692965836.01
6.12 12.21 0.00 1692965836.11
5.24 11.71 0.00 1692965836.21
4.58 10.79 0.00 1692965836.31
3.97 9.48 0.00 1692965836.41
3.50 8.40 0.00 1692965836.51
3.09 7.66 0.00 1692965836.61
2.66 6.94 0.00 1692965836.71
2.35 6.46 0.00 1692965836.81
2.26 6.12 0.00 1692965836.91
2.26 5.71 0.00 1692965837.01
2.04 5.79 0.00 1692965837.11
1.95 5.97 0.00 1692965837.21
2.06 6.16 0.00 1692965837.31
2.07 6.00 0.00 1692965837.42
2.05 5.87 0.00 1692965837.52
3.47 5.68 0.00 1692965837.62
2.74 3.67 0.00 1692965838.06
2.58 3.38 0.00 1692965838.16
2.74 3.33 0.00 1692965838.26
2.89 3.52 0.00 1692965838.36
2.53 3.54 0.00 1692965838.46
1.94 3.12 0.00 1692965838.56
1.37 2.26 0.00 1692965838.66
0.79 1.24 0.00 1692965838.76
0.50 0.33 0.00 1692965838.86
0.39 0.36 0.00 1692965838.96
0.31 0.31 0.00 1692965839.07
0.19 0.19 0.00 1692965839.17
0.14 0.17 0.00 1692965839.27
0.18 0.37 39.00 1692965839.37
0.29 0.83 71.00 1692965839.47
0.33 1.11 96.00 1692965839.57
0.21 0.90 96.00 1692965839.67
0.14 0.58 93.00 1692965839.77
0.13 0.39 93.00 1692965839.87
0.13 0.30 93.00 1692965839.97
0.12 0.19 93.00 1692965840.07
0.11 0.44 93.00 1692965840.17
0.11 1.47 93.00 1692965840.27
0.10 2.29 93.00 1692965840.37
0.08 1.87 93.00 1692965840.47
0.00 0.69 93.00 1692965840.57
0.21 0.17 93.00 1692965840.67
0.12 0.14 93.00 1692965840.77
0.07 0.15 93.00 1692965840.87
0.09 0.15 93.00 1692965840.97
0.07 0.13 93.00 1692965841.07
0.03 0.12 93.00 1692965841.17
0.02 0.50 93.00 1692965841.27
0.06 0.78 93.00 1692965841.37
0.09 0.55 93.00 1692965841.47
0.09 0.26 93.00 1692965841.57
0.10 0.22 93.00 1692965841.67
0.09 0.19 93.00 1692965841.77
0.04 0.16 93.00 1692965841.87
0.00 0.14 93.00 1692965841.97
0.04 0.12 93.00 1692965842.07
0.04 0.09 93.00 1692965842.18
0.02 0.07 93.00 1692965842.28
0.08 0.04 93.00 1692965842.38
0.16 0.05 93.00 1692965842.48
0.24 0.07 93.00 1692965842.58
0.30 0.03 93.00 1692965842.68
0.37 0.01 93.00 1692965842.78
0.45 0.06 93.00 1692965842.88
0.53 0.13 93.00 1692965842.98
0.54 0.20 93.00 1692965843.08
0.48 0.10 93.00 1692965843.18
0.44 0.01 93.00 1692965843.28
0.44 0.05 93.00 1692965843.38
0.44 0.08 93.00 1692965843.48
0.49 0.09 93.00 1692965843.58
