1.85 1.80 84.00 1692966212.31
1.91 2.03 84.00 1692966212.35
2.03 2.33 84.00 1692966212.45
2.11 2.72 84.00 1692966212.55
2.06 3.00 84.00 1692966212.65
2.04 3.06 84.00 1692966212.75
2.05 2.93 83.00 1692966212.85
2.09 2.87 83.00 1692966212.95
1.91 2.76 83.00 1692966213.05
1.74 2.48 81.00 1692966213.15
1.67 2.02 81.00 1692966213.25
1.59 1.63 81.00 1692966213.35
1.53 1.41 81.00 1692966213.45
1.60 1.20 81.00 1692966213.55
1.68 1.01 81.00 1692966213.65
1.66 0.81 81.00 1692966213.75
1.57 0.60 81.00 1692966213.85
1.46 0.49 81.00 1692966213.95
1.33 0.41 81.00 1692966214.05
1.10 0.28 81.00 1692966214.15
0.90 0.18 81.00 1692966214.25
0.74 0.13 81.00 1692966214.35
0.93 0.13 81.00 1692966214.45
1.47 0.24 81.00 1692966214.55
1.83 0.54 81.00 1692966214.65
1.60 0.43 81.00 1692966214.75
1.31 0.27 81.00 1692966214.85
1.18 0.24 81.00 1692966214.95
1.08 0.29 81.00 1692966215.06
1.06 0.34 81.00 1692966215.16
1.04 0.32 81.00 1692966215.26
0.98 0.26 81.00 1692966215.36
0.89 0.18 81.00 1692966215.46
0.77 0.13 81.00 1692966215.56
0.71 0.12 81.00 1692966215.66
0.71 0.11 81.00 1692966215.76
0.76 0.13 81.00 1692966215.86
0.76 0.12 81.00 1692966215.96
0.69 0.12 81.00 1692966216.06
0.55 0.12 81.00 1692966216.16
0.45 0.12 81.00 1692966216.26
0.44 0.12 81.00 1692966216.36
0.47 0.13 81.00 1692966216.46
0.50 0.14 81.00 1692966216.56
0.50 0.13 81.00 1692966216.66
0.31 0.13 81.00 1692966216.76
0.16 0.15 81.00 1692966216.86
0.14 0.16 81.00 1692966216.96
0.16 0.14 81.00 1692966217.06
0.36 0.22 81.00 1692966217.16
1.02 0.59 81.00 1692966217.26
1.91 1.43 81.00 1692966217.36
2.66 2.24 81.00 1692966217.46
3.27 2.91 81.00 1692966217.56
3.55 3.44 81.00 1692966217.66
3.62 3.58 81.00 1692966217.76
3.66 3.70 81.00 1692966217.86
3.66 3.83 81.00 1692966217.96
3.62 3.87 81.00 1692966218.06
3.61 3.89 81.00 1692966218.16
3.63 3.95 81.00 1692966218.26
3.62 4.09 81.00 1692966218.36
3.62 4.17 81.00 1692966218.47
3.76 4.35 81.00 1692966218.57
4.02 4.57 81.00 1692966218.67
4.30 4.71 81.00 1692966218.77
4.45 4.76 81.00 1692966218.87
4.24 4.60 81.00 1692966218.97
3.95 4.33 81.00 1692966219.07
3.80 4.10 81.00 1692966219.17
3.68 3.90 81.00 1692966219.27
3.51 3.74 81.00 1692966219.37
3.41 3.62 81.00 1692966219.47
3.35 3.31 81.00 1692966219.57
3.35 3.21 81.00 1692966219.67
3.30 3.20 81.00 1692966219.77
3.05 2.98 81.00 1692966219.87
2.76 2.67 81.00 1692966219.97
2.62 2.48 81.00 1692966220.07
2.52 2.29 81.00 1692966220.17
2.50 2.08 81.00 1692966220.27
2.60 2.00 81.00 1692966220.37
2.83 2.16 81.00 1692966220.47
2.97 2.49 81.00 1692966220.57
2.70 2.57 81.00 1692966220.67
2.44 1.77 81.00 1692966220.77
2.34 1.52 81.00 1692966220.87
2.44 1.52 81.00 1692966220.97
3.07 1.90 81.00 1692966221.07
4.24 2.71 81.00 1692966221.17
4.93 3.42 81.00 1692966221.27
5.47 4.05 81.00 1692966221.37
6.32 5.01 81.00 1692966221.47
7.31 6.28 81.00 1692966221.57
7.89 47.68 81.00 1692966221.67
8.22 11.40 80.00 1692966222.09
10.26 12.47 80.00 1692966222.18
10.96 13.63 80.00 1692966222.27
11.53 15.18 79.00 1692966222.36
12.42 16.51 79.00 1692966222.46
13.37 16.78 77.00 1692966222.55
13.47 16.68 77.00 1692966222.64
13.34 16.97 76.00 1692966222.73
13.67 17.58 75.00 1692966222.83
14.14 17.86 74.00 1692966222.92
14.24 17.99 73.00 1692966223.01
14.68 18.56 73.00 1692966223.10
15.57 19.37 72.00 1692966223.20
16.14 19.83 71.00 1692966223.29
16.24 19.73 70.00 1692966223.38
16.65 20.02 70.00 1692966223.48
17.24 20.35 69.00 1692966223.58
17.74 20.73 68.00 1692966223.68
18.18 21.31 68.00 1692966223.78
18.53 21.81 67.00 1692966223.88
18.51 21.67 66.00 1692966223.98
18.72 21.58 66.00 1692966224.08
19.23 21.98 65.00 1692966224.18
19.60 22.25 65.00 1692966224.28
19.90 22.45 65.00 1692966224.38
20.14 22.46 64.00 1692966224.48
20.26 22.63 63.00 1692966224.58
20.23 22.72 63.00 1692966224.68
20.24 22.93 62.00 1692966224.78
20.58 23.37 62.00 1692966224.88
21.16 23.91 62.00 1692966224.98
21.34 24.29 62.00 1692966225.08
21.37 24.27 61.00 1692966225.19
21.43 24.31 61.00 1692966225.29
21.42 24.64 60.00 1692966225.39
21.49 25.08 60.00 1692966225.49
21.72 25.73 60.00 1692966225.59
21.56 26.18 59.00 1692966225.69
21.79 26.14 59.00 1692966225.79
22.14 26.80 59.00 1692966225.89
22.29 26.76 58.00 1692966225.99
22.32 26.32 57.00 1692966226.09
22.52 26.21 57.00 1692966226.19
22.99 26.63 56.00 1692966226.29
23.37 27.00 55.00 1692966226.39
23.84 27.45 55.00 1692966226.49
24.12 27.86 54.00 1692966226.59
24.39 28.15 53.00 1692966226.69
24.57 28.37 53.00 1692966226.79
24.71 28.52 52.00 1692966226.89
24.97 28.78 52.00 1692966226.99
24.96 29.23 51.00 1692966227.09
24.70 29.02 51.00 1692966227.19
24.65 28.86 51.00 1692966227.29
24.91 29.05 50.00 1692966227.39
25.25 29.32 50.00 1692966227.49
25.46 29.56 49.00 1692966227.59
25.56 29.87 49.00 1692966227.69
25.85 30.21 48.00 1692966227.79
26.14 30.67 48.00 1692966227.89
26.25 30.92 47.00 1692966227.99
26.29 31.05 46.00 1692966228.09
26.50 31.20 46.00 1692966228.19
26.55 31.50 45.00 1692966228.29
26.71 31.90 45.00 1692966228.39
27.13 32.42 45.00 1692966228.49
27.57 32.91 44.00 1692966228.60
27.87 33.66 44.00 1692966228.70
27.48 33.80 44.00 1692966228.80
27.47 33.59 43.00 1692966228.90
27.76 33.87 43.00 1692966229.00
27.62 33.90 42.00 1692966229.10
26.91 33.87 42.00 1692966229.20
27.25 33.93 41.00 1692966229.30
28.58 34.69 41.00 1692966229.40
29.28 36.03 40.00 1692966229.50
29.70 36.08 40.00 1692966229.60
30.07 35.97 39.00 1692966229.70
30.42 36.06 39.00 1692966229.80
30.76 36.22 39.00 1692966229.90
30.72 36.21 38.00 1692966230.00
30.66 36.10 38.00 1692966230.10
31.00 36.17 37.00 1692966230.20
31.49 36.23 37.00 1692966230.30
32.07 36.30 36.00 1692966230.40
32.52 36.35 35.00 1692966230.50
33.01 36.30 35.00 1692966230.60
33.67 36.52 35.00 1692966230.70
34.20 36.65 34.00 1692966230.80
34.49 36.77 34.00 1692966230.90
34.70 36.80 34.00 1692966231.00
34.99 36.73 32.00 1692966231.10
35.53 36.71 32.00 1692966231.20
36.27 36.87 31.00 1692966231.30
37.01 37.11 29.00 1692966231.40
37.71 37.19 28.00 1692966231.50
38.48 37.30 27.00 1692966231.60
38.59 37.61 26.00 1692966231.70
37.10 37.42 24.00 1692966231.80
33.67 33.13 22.00 1692966231.90
29.69 29.33 19.00 1692966232.01
25.91 24.76 13.00 1692966232.11
20.31 19.08 0.00 1692966232.21
14.61 14.33 0.00 1692966232.31
10.72 10.83 0.00 1692966232.41
7.88 8.37 0.00 1692966232.51
5.91 6.13 0.00 1692966232.61
4.88 5.04 0.00 1692966232.71
4.52 4.26 0.00 1692966232.81
4.47 3.78 0.00 1692966232.91
4.43 3.52 0.00 1692966233.01
4.20 2.58 0.00 1692966233.11
3.99 2.16 0.00 1692966233.21
3.89 1.98 0.00 1692966233.31
3.79 1.89 0.00 1692966233.41
3.55 1.83 0.00 1692966233.51
2.81 1.60 0.00 1692966233.61
2.21 1.44 0.00 1692966233.71
1.57 1.32 0.00 1692966233.81
0.91 1.12 0.00 1692966233.91
0.54 0.89 0.00 1692966234.01
0.52 0.79 0.00 1692966234.11
0.58 0.79 0.00 1692966234.21
0.86 1.84 0.00 1692966234.31
1.09 2.33 0.00 1692966234.41
1.54 3.17 0.00 1692966234.51
2.18 4.31 0.00 1692966234.61
2.91 5.06 0.00 1692966234.71
3.61 5.54 0.00 1692966234.81
3.94 5.60 0.00 1692966234.91
4.31 5.34 0.00 1692966235.01
4.55 5.27 0.00 1692966235.11
4.53 5.36 0.00 1692966235.21
4.76 5.86 0.00 1692966235.31
4.97 5.97 0.00 1692966235.42
4.86 6.10 0.00 1692966235.52
4.43 6.70 0.00 1692966235.62
3.81 7.26 0.00 1692966235.72
2.81 7.01 0.00 1692966235.82
2.21 6.70 0.00 1692966235.92
2.05 6.05 0.00 1692966236.02
2.00 5.65 0.00 1692966236.12
1.78 5.10 31.00 1692966236.22
1.56 4.42 59.00 1692966236.32
1.62 4.15 83.00 1692966236.42
1.47 3.98 94.00 1692966236.52
1.78 4.09 94.00 1692966236.62
2.86 6.67 94.00 1692966236.72
3.83 8.54 92.00 1692966236.82
4.24 9.51 91.00 1692966236.92
3.53 9.06 91.00 1692966237.02
2.31 7.15 91.00 1692966237.12
1.63 4.95 91.00 1692966237.22
1.53 3.79 91.00 1692966237.32
1.83 4.42 91.00 1692966237.42
1.69 4.49 91.00 1692966237.52
1.46 3.57 91.00 1692966237.62
1.60 2.88 90.00 1692966237.72
2.28 2.97 90.00 1692966237.82
3.35 6.00 91.00 1692966237.92
3.70 6.26 91.00 1692966238.02
3.28 5.85 91.00 1692966238.12
2.89 5.44 91.00 1692966238.22
2.88 4.80 91.00 1692966238.32
3.28 4.34 91.00 1692966238.42
3.73 4.40 91.00 1692966238.52
3.78 4.47 91.00 1692966238.62
3.69 4.26 91.00 1692966238.73
3.85 4.39 91.00 1692966238.83
3.93 4.40 91.00 1692966238.93
4.14 3.95 91.00 1692966239.03
4.24 2.78 91.00 1692966239.13
4.07 2.41 91.00 1692966239.23
