0.07 0.21 96.00 1692966026.54
0.08 0.21 96.00 1692966026.61
0.09 0.22 96.00 1692966026.71
0.08 0.24 96.00 1692966026.81
0.06 0.17 96.00 1692966026.91
0.06 0.12 96.00 1692966027.01
0.06 0.12 96.00 1692966027.11
0.06 0.14 96.00 1692966027.21
0.06 0.15 96.00 1692966027.31
0.06 0.13 96.00 1692966027.41
0.07 0.16 96.00 1692966027.51
0.07 0.21 96.00 1692966027.61
0.07 0.31 96.00 1692966027.71
0.09 0.43 96.00 1692966027.81
0.09 0.57 96.00 1692966027.91
0.10 0.67 96.00 1692966028.01
0.08 0.71 96.00 1692966028.11
0.07 0.69 96.00 1692966028.21
0.06 0.66 96.00 1692966028.31
0.06 0.64 96.00 1692966028.41
0.06 0.62 96.00 1692966028.51
0.06 0.54 96.00 1692966028.61
0.07 0.52 96.00 1692966028.71
0.07 0.57 96.00 1692966028.81
0.06 0.49 96.00 1692966028.92
0.07 0.47 96.00 1692966029.02
0.12 0.84 96.00 1692966029.12
0.55 1.86 96.00 1692966029.22
1.70 3.12 96.00 1692966029.32
2.97 4.15 96.00 1692966029.42
3.94 4.99 95.00 1692966029.52
4.50 5.29 95.00 1692966029.62
4.77 5.51 95.00 1692966029.72
4.86 5.86 94.00 1692966029.82
4.88 6.10 94.00 1692966029.92
4.79 6.09 92.00 1692966030.02
4.76 5.97 91.00 1692966030.12
5.11 6.42 90.00 1692966030.22
5.63 7.22 89.00 1692966030.32
5.94 7.77 87.00 1692966030.42
6.22 8.14 85.00 1692966030.52
6.82 8.98 84.00 1692966030.62
7.33 9.98 81.00 1692966030.72
7.55 10.60 80.00 1692966030.82
7.65 10.75 79.00 1692966030.92
7.81 10.89 77.00 1692966031.02
8.42 11.30 76.00 1692966031.12
9.38 12.25 75.00 1692966031.22
10.06 13.64 74.00 1692966031.32
10.52 13.82 73.00 1692966031.42
10.84 14.08 72.00 1692966031.52
11.12 14.30 70.00 1692966031.62
11.37 14.54 69.00 1692966031.72
11.74 15.14 67.00 1692966031.82
12.15 15.75 66.00 1692966031.93
12.67 16.44 64.00 1692966032.03
13.13 17.12 62.00 1692966032.13
13.60 17.12 62.00 1692966032.23
14.80 17.38 62.00 1692966032.33
15.91 18.37 61.00 1692966032.43
16.57 19.52 60.00 1692966032.53
16.74 19.65 58.00 1692966032.63
16.48 19.18 56.00 1692966032.73
16.85 19.03 55.00 1692966032.83
17.85 19.34 53.00 1692966032.93
18.70 19.68 52.00 1692966033.03
19.55 20.14 51.00 1692966033.13
20.23 20.95 50.00 1692966033.23
20.68 21.64 50.00 1692966033.33
21.28 22.36 49.00 1692966033.43
21.68 22.99 48.00 1692966033.53
21.75 23.25 47.00 1692966033.63
21.59 23.12 45.00 1692966033.73
21.56 23.23 44.00 1692966033.83
22.00 23.56 44.00 1692966033.93
22.50 24.16 43.00 1692966034.03
23.01 24.62 42.00 1692966034.13
23.60 24.94 41.00 1692966034.23
23.74 24.95 40.00 1692966034.33
23.75 24.82 38.00 1692966034.43
24.10 24.83 37.00 1692966034.53
24.74 25.11 35.00 1692966034.63
25.29 25.44 34.00 1692966034.73
26.03 25.62 32.00 1692966034.83
27.12 26.90 29.00 1692966034.94
27.81 27.59 28.00 1692966035.04
28.49 28.38 27.00 1692966035.14
29.09 28.87 25.00 1692966035.24
29.43 28.85 23.00 1692966035.34
29.57 28.72 21.00 1692966035.44
29.57 28.57 19.00 1692966035.54
29.98 28.82 16.00 1692966035.64
30.68 29.17 11.00 1692966035.74
31.41 29.52 7.00 1692966035.84
31.50 29.42 0.00 1692966035.94
30.33 28.62 0.00 1692966036.04
28.67 26.37 0.00 1692966036.14
26.87 24.53 0.00 1692966036.24
24.09 21.73 0.00 1692966036.34
20.15 18.31 0.00 1692966036.44
17.02 15.39 0.00 1692966036.54
14.27 12.85 0.00 1692966036.64
12.70 10.94 0.00 1692966036.74
12.25 9.86 0.00 1692966036.84
11.82 9.00 0.00 1692966036.94
10.79 8.39 0.00 1692966037.04
9.28 7.91 0.00 1692966037.14
6.65 6.57 0.00 1692966037.24
4.38 3.54 0.00 1692966037.34
3.58 3.75 0.00 1692966037.44
3.40 4.56 0.00 1692966037.54
4.03 5.84 0.00 1692966037.64
5.06 6.77 0.00 1692966037.74
5.93 7.53 0.00 1692966037.84
6.36 8.06 0.00 1692966037.94
6.94 8.63 0.00 1692966038.05
7.71 9.02 0.00 1692966038.15
8.27 9.11 0.00 1692966038.25
8.26 8.48 0.00 1692966038.35
8.33 8.16 0.00 1692966038.45
8.40 7.96 0.00 1692966038.55
7.89 7.76 0.00 1692966038.65
6.74 7.04 19.00 1692966038.75
5.45 6.29 47.00 1692966038.85
4.65 5.79 68.00 1692966038.95
4.26 5.42 87.00 1692966039.05
3.93 4.95 96.00 1692966039.15
3.16 4.39 96.00 1692966039.25
2.53 3.47 96.00 1692966039.35
2.28 2.87 96.00 1692966039.45
1.92 2.65 94.00 1692966039.55
1.40 2.17 89.00 1692966039.65
1.58 2.22 89.00 1692966039.75
2.37 3.40 89.00 1692966039.85
2.28 3.13 89.00 1692966039.95
1.79 2.45 89.00 1692966040.05
1.27 2.00 89.00 1692966040.15
0.70 1.14 89.00 1692966040.25
0.49 0.98 88.00 1692966040.35
0.54 1.17 88.00 1692966040.45
1.13 1.83 88.00 1692966040.55
2.01 3.20 88.00 1692966040.65
2.51 4.53 88.00 1692966040.75
2.50 5.06 88.00 1692966040.85
2.21 4.14 88.00 1692966040.95
2.06 3.71 88.00 1692966041.06
2.28 3.47 88.00 1692966041.16
2.60 3.49 88.00 1692966041.26
2.92 3.49 88.00 1692966041.36
3.09 3.29 88.00 1692966041.46
3.06 2.98 88.00 1692966041.56
2.76 2.51 88.00 1692966041.66
2.36 1.92 88.00 1692966041.76
2.12 1.23 88.00 1692966041.86
1.66 0.79 88.00 1692966041.96
1.61 0.68 88.00 1692966042.06
1.90 1.69 88.00 1692966042.16
2.04 1.84 88.00 1692966042.26
2.28 1.82 88.00 1692966042.36
2.67 2.01 88.00 1692966042.46
3.11 2.43 88.00 1692966042.56
3.37 2.92 88.00 1692966042.66
3.62 3.33 88.00 1692966042.76
3.88 3.47 88.00 1692966042.86
4.25 3.45 88.00 1692966042.96
4.84 3.86 88.00 1692966043.06
5.13 4.43 86.00 1692966043.16
5.52 4.83 84.00 1692966043.26
6.30 6.62 82.00 1692966043.36
7.09 8.38 81.00 1692966043.46
7.44 9.56 80.00 1692966043.56
7.83 10.11 78.00 1692966043.66
8.52 10.57 77.00 1692966043.76
9.37 10.99 76.00 1692966043.86
10.19 11.25 74.00 1692966043.96
10.94 11.84 73.00 1692966044.07
11.26 12.48 71.00 1692966044.17
11.29 12.66 70.00 1692966044.27
11.34 12.50 68.00 1692966044.37
11.83 12.48 66.00 1692966044.47
12.84 13.46 64.00 1692966044.57
13.79 14.55 62.00 1692966044.67
14.79 16.20 62.00 1692966044.77
15.39 17.10 59.00 1692966044.87
15.46 16.99 56.00 1692966044.97
15.92 17.14 54.00 1692966045.07
17.13 18.21 53.00 1692966045.17
18.16 19.62 51.00 1692966045.27
18.27 19.99 50.00 1692966045.37
18.22 19.99 49.00 1692966045.47
18.70 20.48 48.00 1692966045.57
19.20 20.97 45.00 1692966045.67
19.83 22.08 45.00 1692966045.77
20.42 22.82 44.00 1692966045.87
20.63 22.85 44.00 1692966045.97
20.70 22.81 42.00 1692966046.07
21.07 23.15 40.00 1692966046.17
21.77 23.85 38.00 1692966046.27
22.72 24.67 36.00 1692966046.37
23.64 25.36 34.00 1692966046.47
24.29 25.92 32.00 1692966046.57
24.79 26.19 30.00 1692966046.67
25.54 26.28 27.00 1692966046.77
26.76 26.86 24.00 1692966046.87
28.02 29.22 22.00 1692966046.97
28.86 30.46 20.00 1692966047.08
29.28 31.10 17.00 1692966047.18
29.78 31.75 13.00 1692966047.28
30.25 32.58 11.00 1692966047.38
30.42 33.33 8.00 1692966047.48
30.53 34.03 5.00 1692966047.58
30.59 34.46 2.00 1692966047.68
30.93 34.36 0.00 1692966047.78
31.68 33.76 0.00 1692966047.88
31.88 32.08 0.00 1692966047.98
30.65 29.87 0.00 1692966048.08
27.94 27.13 0.00 1692966048.18
25.81 26.48 0.00 1692966048.28
23.67 23.82 0.00 1692966048.38
20.21 20.02 0.00 1692966048.48
16.22 16.13 0.00 1692966048.58
12.91 12.64 0.00 1692966048.68
10.42 10.19 0.00 1692966048.78
7.79 8.08 0.00 1692966048.88
5.67 5.77 0.00 1692966048.98
4.53 4.21 0.00 1692966049.08
3.99 3.60 0.00 1692966049.18
3.91 3.66 0.00 1692966049.28
4.04 3.36 0.00 1692966049.38
4.16 3.44 0.00 1692966049.48
3.94 3.29 0.00 1692966049.58
3.95 3.20 0.00 1692966049.68
4.30 3.54 0.00 1692966049.78
4.91 3.91 0.00 1692966049.88
5.60 4.79 0.00 1692966049.98
6.56 6.09 0.00 1692966050.08
7.23 7.34 0.00 1692966050.19
7.40 8.65 0.00 1692966050.29
6.75 8.93 0.00 1692966050.39
6.23 7.94 0.00 1692966050.49
5.93 5.26 0.00 1692966050.59
6.16 5.32 0.00 1692966050.69
6.27 5.05 0.00 1692966050.79
5.40 4.09 0.00 1692966050.89
3.52 2.66 0.00 1692966050.99
2.32 1.92 0.00 1692966051.09
2.25 2.11 0.00 1692966051.19
2.49 2.56 0.00 1692966051.29
2.39 2.76 0.00 1692966051.39
2.01 2.30 0.00 1692966051.49
1.60 1.60 0.00 1692966051.59
1.27 1.24 0.00 1692966051.69
1.40 1.63 0.00 1692966051.79
1.71 2.05 0.00 1692966051.89
2.05 2.30 0.00 1692966051.99
2.32 2.65 0.00 1692966052.09
2.57 3.33 0.00 1692966052.19
2.16 3.02 0.00 1692966052.29
1.24 1.89 0.00 1692966052.39
0.52 1.09 0.00 1692966052.49
0.10 0.63 0.00 1692966052.59
0.02 0.19 0.00 1692966052.69
0.02 0.05 0.00 1692966052.79
0.03 0.09 0.00 1692966052.89
0.01 0.01 0.00 1692966052.99
0.00 0.05 0.00 1692966053.09
0.01 0.03 0.00 1692966053.20
0.01 0.03 0.00 1692966053.30
0.00 0.03 0.00 1692966053.40
