0.52 0.53 90.00 1692966329.06
0.67 0.66 90.00 1692966329.09
0.91 0.74 90.00 1692966329.18
1.16 0.85 90.00 1692966329.28
1.39 1.04 90.00 1692966329.38
1.39 1.10 90.00 1692966329.48
1.48 1.25 90.00 1692966329.58
1.47 1.52 90.00 1692966329.68
1.24 1.58 90.00 1692966329.78
1.03 0.41 89.00 1692966330.20
0.87 0.46 90.00 1692966330.29
1.17 0.35 90.00 1692966330.38
1.13 0.18 90.00 1692966330.47
0.59 0.18 90.00 1692966330.57
0.42 0.35 90.00 1692966330.66
0.35 0.48 90.00 1692966330.75
0.19 0.79 90.00 1692966330.84
0.26 1.09 90.00 1692966330.94
0.54 1.36 90.00 1692966331.03
0.89 1.72 90.00 1692966331.12
1.26 2.07 90.00 1692966331.21
1.59 2.13 90.00 1692966331.31
1.64 1.77 90.00 1692966331.40
1.33 1.22 90.00 1692966331.49
1.02 0.71 90.00 1692966331.59
0.98 0.40 90.00 1692966331.69
0.73 0.25 90.00 1692966331.79
0.29 0.15 90.00 1692966331.89
0.14 0.12 90.00 1692966331.99
0.12 0.12 90.00 1692966332.09
0.12 0.11 90.00 1692966332.19
0.12 0.11 90.00 1692966332.29
0.12 0.11 90.00 1692966332.39
0.12 0.11 90.00 1692966332.49
0.12 0.11 90.00 1692966332.59
0.12 0.11 90.00 1692966332.69
0.12 0.11 90.00 1692966332.79
0.12 0.11 90.00 1692966332.89
0.12 0.11 90.00 1692966332.99
0.12 0.11 90.00 1692966333.09
0.12 0.11 90.00 1692966333.19
0.12 0.11 90.00 1692966333.29
0.12 0.11 90.00 1692966333.39
0.12 0.12 90.00 1692966333.49
0.12 0.12 90.00 1692966333.59
0.12 0.12 90.00 1692966333.70
0.12 0.11 90.00 1692966333.80
0.12 0.11 90.00 1692966333.90
0.12 0.11 90.00 1692966334.00
0.12 0.11 90.00 1692966334.10
0.12 0.12 90.00 1692966334.20
0.12 0.12 90.00 1692966334.30
0.12 0.12 90.00 1692966334.40
0.21 0.14 90.00 1692966334.50
0.35 0.25 90.00 1692966334.60
0.32 0.29 90.00 1692966334.70
0.33 0.29 90.00 1692966334.80
0.36 0.35 90.00 1692966334.90
0.43 0.38 90.00 1692966335.00
0.54 0.45 90.00 1692966335.10
0.67 0.60 90.00 1692966335.20
0.70 0.61 90.00 1692966335.30
0.62 0.54 90.00 1692966335.40
0.55 0.50 90.00 1692966335.50
0.58 0.54 90.00 1692966335.60
0.65 0.64 90.00 1692966335.70
0.71 0.71 90.00 1692966335.80
0.75 0.76 90.00 1692966335.90
0.83 0.81 90.00 1692966336.00
1.00 0.97 90.00 1692966336.10
1.28 1.26 90.00 1692966336.20
1.58 1.74 90.00 1692966336.30
1.79 2.40 89.00 1692966336.40
2.12 2.85 89.00 1692966336.50
2.74 3.63 89.00 1692966336.60
3.63 4.70 89.00 1692966336.70
4.52 5.82 88.00 1692966336.80
5.52 7.10 87.00 1692966336.90
6.19 7.94 86.00 1692966337.00
6.53 8.27 84.00 1692966337.10
7.02 8.61 82.00 1692966337.20
8.01 9.42 81.00 1692966337.30
9.04 10.69 80.00 1692966337.40
9.47 11.68 79.00 1692966337.51
9.50 12.29 77.00 1692966337.61
9.54 12.34 75.00 1692966337.71
9.89 12.58 74.00 1692966337.81
10.84 13.32 72.00 1692966337.91
11.87 14.28 70.00 1692966338.01
12.79 15.20 69.00 1692966338.11
14.06 16.22 68.00 1692966338.21
15.15 17.15 67.00 1692966338.31
15.47 17.50 65.00 1692966338.41
15.74 17.53 65.00 1692966338.51
16.23 17.95 64.00 1692966338.61
16.55 18.82 62.00 1692966338.71
17.18 20.39 62.00 1692966338.81
17.85 20.79 60.00 1692966338.91
18.13 20.93 59.00 1692966339.01
18.89 21.44 58.00 1692966339.11
19.99 22.02 56.00 1692966339.21
21.40 22.76 55.00 1692966339.31
23.15 23.66 54.00 1692966339.41
24.20 23.90 53.00 1692966339.51
24.95 24.08 53.00 1692966339.61
26.25 24.67 52.00 1692966339.71
26.90 25.05 52.00 1692966339.81
27.10 24.59 51.00 1692966339.91
27.60 23.70 51.00 1692966340.01
28.73 24.31 51.00 1692966340.11
29.13 24.42 50.00 1692966340.21
28.44 23.85 49.00 1692966340.31
28.84 24.35 48.00 1692966340.41
30.04 25.51 48.00 1692966340.51
30.84 25.85 45.00 1692966340.61
31.33 25.76 44.00 1692966340.71
32.17 25.97 43.00 1692966340.81
33.35 26.73 42.00 1692966340.91
34.70 27.60 42.00 1692966341.01
35.54 29.31 39.00 1692966341.43
37.15 29.38 38.00 1692966341.52
37.46 29.67 36.00 1692966341.61
37.65 29.79 36.00 1692966341.70
37.84 30.68 35.00 1692966341.80
38.63 31.50 35.00 1692966341.89
39.32 31.72 34.00 1692966341.98
39.06 32.17 33.00 1692966342.07
39.10 32.97 32.00 1692966342.17
39.88 33.96 31.00 1692966342.26
40.90 34.98 31.00 1692966342.35
41.52 35.25 29.00 1692966342.44
41.43 35.11 29.00 1692966342.54
41.47 35.51 28.00 1692966342.63
41.54 36.02 26.00 1692966342.72
41.80 36.94 25.00 1692966342.82
42.75 38.31 24.00 1692966342.92
43.72 39.71 22.00 1692966343.02
44.06 40.87 21.00 1692966343.12
44.09 41.72 21.00 1692966343.22
44.21 42.27 20.00 1692966343.32
44.33 42.94 19.00 1692966343.42
44.06 43.55 17.00 1692966343.52
43.11 43.70 16.00 1692966343.62
42.63 43.49 14.00 1692966343.72
43.29 43.75 13.00 1692966343.82
44.21 44.46 11.00 1692966343.92
44.65 44.42 9.00 1692966344.02
42.33 39.81 6.00 1692966344.12
35.52 29.27 0.00 1692966344.22
26.30 18.86 0.00 1692966344.32
18.00 12.77 0.00 1692966344.42
12.89 9.57 0.00 1692966344.52
9.58 7.41 0.00 1692966344.62
7.06 5.74 0.00 1692966344.72
5.43 4.55 0.00 1692966344.82
4.47 3.98 0.00 1692966344.92
3.94 3.60 0.00 1692966345.03
3.83 3.44 0.00 1692966345.13
4.06 4.08 0.00 1692966345.23
3.83 4.47 0.00 1692966345.33
3.32 4.42 0.00 1692966345.43
2.91 4.10 0.00 1692966345.53
2.59 3.78 0.00 1692966345.63
2.44 3.28 0.00 1692966345.73
2.56 2.81 0.00 1692966345.83
2.88 2.62 0.00 1692966345.93
3.31 2.64 0.00 1692966346.03
3.95 2.91 0.00 1692966346.13
4.52 3.42 0.00 1692966346.23
4.79 3.72 0.00 1692966346.33
4.70 3.21 0.00 1692966346.43
4.69 2.91 0.00 1692966346.53
5.00 2.76 0.00 1692966346.63
5.86 2.47 0.00 1692966346.73
7.14 2.70 0.00 1692966346.83
8.04 3.44 0.00 1692966346.93
8.41 4.02 0.00 1692966347.03
8.57 4.48 0.00 1692966347.13
8.18 4.94 0.00 1692966347.23
6.98 4.75 0.00 1692966347.33
4.89 3.69 0.00 1692966347.43
3.57 2.30 0.00 1692966347.53
3.95 2.27 0.00 1692966347.63
4.76 2.83 0.00 1692966347.73
4.51 3.00 0.00 1692966347.83
3.42 2.59 0.00 1692966347.93
2.48 1.94 0.00 1692966348.03
1.74 1.41 0.00 1692966348.13
1.00 0.87 0.00 1692966348.23
0.64 0.68 0.00 1692966348.33
0.50 0.90 0.00 1692966348.43
0.32 1.07 42.00 1692966348.53
0.23 0.97 71.00 1692966348.63
0.15 0.79 85.00 1692966348.74
0.12 0.27 96.00 1692966348.84
0.12 0.18 96.00 1692966348.94
0.18 0.35 96.00 1692966349.04
0.40 0.66 96.00 1692966349.14
0.65 0.98 96.00 1692966349.24
0.75 1.13 96.00 1692966349.34
0.78 1.08 96.00 1692966349.44
0.87 1.06 96.00 1692966349.54
1.08 1.16 96.00 1692966349.64
1.30 1.52 96.00 1692966349.74
1.35 1.72 96.00 1692966349.84
1.49 1.73 96.00 1692966349.94
1.70 2.17 96.00 1692966350.04
1.91 2.42 96.00 1692966350.14
1.94 2.47 96.00 1692966350.24
1.69 2.12 96.00 1692966350.34
1.39 1.63 96.00 1692966350.44
1.24 1.35 96.00 1692966350.54
1.05 1.16 96.00 1692966350.64
0.81 0.96 96.00 1692966350.74
0.64 0.83 96.00 1692966350.84
0.53 0.71 96.00 1692966350.94
0.38 0.53 96.00 1692966351.04
0.33 0.30 96.00 1692966351.14
0.34 0.25 96.00 1692966351.24
0.29 0.20 96.00 1692966351.34
0.23 0.15 96.00 1692966351.44
0.25 0.16 96.00 1692966351.54
0.35 0.20 96.00 1692966351.64
0.43 0.26 96.00 1692966351.74
0.52 0.38 96.00 1692966351.84
0.58 0.48 96.00 1692966351.94
0.62 0.44 96.00 1692966352.04
0.67 0.37 96.00 1692966352.14
0.60 0.40 96.00 1692966352.24
0.44 0.33 96.00 1692966352.34
0.35 0.14 96.00 1692966352.45
0.38 0.16 96.00 1692966352.55
0.38 0.15 96.00 1692966352.65
0.39 0.13 96.00 1692966352.75
0.42 0.13 96.00 1692966352.85
0.38 0.13 96.00 1692966352.95
0.39 0.13 96.00 1692966353.05
0.48 0.13 96.00 1692966353.15
0.59 0.17 96.00 1692966353.25
0.65 0.32 96.00 1692966353.35
0.70 0.54 96.00 1692966353.45
0.85 0.60 96.00 1692966353.55
1.16 0.23 96.00 1692966353.65
1.46 0.23 96.00 1692966353.75
1.61 0.37 96.00 1692966353.85
1.59 0.59 96.00 1692966353.95
1.54 0.92 96.00 1692966354.05
1.64 1.32 96.00 1692966354.15
2.03 1.95 96.00 1692966354.25
2.47 2.66 96.00 1692966354.35
3.02 3.25 95.00 1692966354.45
3.75 4.18 93.00 1692966354.55
4.77 5.28 91.00 1692966354.65
6.08 6.85 89.00 1692966354.75
6.96 8.91 88.00 1692966354.85
7.25 8.74 87.00 1692966354.95
7.50 8.70 85.00 1692966355.05
8.18 9.21 84.00 1692966355.15
9.07 10.09 81.00 1692966355.25
9.72 10.75 80.00 1692966355.35
10.32 11.21 79.00 1692966355.45
11.46 11.91 77.00 1692966355.55
12.85 13.00 76.00 1692966355.65
13.59 13.99 75.00 1692966355.75
13.71 14.52 74.00 1692966355.85
13.87 14.67 73.00 1692966355.95
14.61 23.71 72.00 1692966356.05
15.68 15.78 68.00 1692966356.47
17.23 15.70 66.00 1692966356.56
17.95 15.94 65.00 1692966356.65
