0.05 0.10 85.00 1692965924.75
0.04 0.11 85.00 1692965924.78
0.04 0.11 85.00 1692965924.88
0.04 0.11 85.00 1692965924.98
0.05 0.11 85.00 1692965925.08
0.05 0.11 85.00 1692965925.18
0.05 0.11 85.00 1692965925.28
0.06 0.11 85.00 1692965925.38
0.05 0.11 85.00 1692965925.48
0.05 0.11 85.00 1692965925.58
0.05 0.11 85.00 1692965925.68
0.05 0.11 85.00 1692965925.78
0.05 0.10 85.00 1692965925.88
0.05 0.10 86.00 1692965925.98
0.05 0.11 85.00 1692965926.08
0.05 0.12 86.00 1692965926.18
0.05 0.10 86.00 1692965926.28
0.05 0.09 86.00 1692965926.38
0.05 0.09 85.00 1692965926.48
0.05 0.11 85.00 1692965926.58
0.05 0.11 85.00 1692965926.68
0.05 0.11 85.00 1692965926.78
0.06 0.11 86.00 1692965926.88
0.08 0.13 85.00 1692965926.98
0.46 0.95 85.00 1692965927.08
1.38 1.51 85.00 1692965927.18
2.00 1.65 86.00 1692965927.28
2.39 1.91 85.00 1692965927.38
2.81 2.26 85.00 1692965927.48
3.22 2.64 85.00 1692965927.58
3.47 3.07 85.00 1692965927.69
3.54 3.47 85.00 1692965927.79
3.60 3.62 85.00 1692965927.89
3.53 3.56 85.00 1692965927.99
3.78 3.59 85.00 1692965928.09
4.38 3.95 85.00 1692965928.19
4.99 5.05 85.00 1692965928.29
5.46 5.74 85.00 1692965928.39
6.07 6.76 84.00 1692965928.49
6.90 7.97 83.00 1692965928.59
7.78 9.09 81.00 1692965928.69
8.48 10.01 80.00 1692965928.79
9.01 10.75 80.00 1692965928.89
9.74 11.63 79.00 1692965928.99
10.25 12.66 78.00 1692965929.09
10.48 13.35 77.00 1692965929.19
11.13 13.86 76.00 1692965929.29
12.43 14.64 75.00 1692965929.39
13.66 16.30 74.00 1692965929.49
14.32 16.76 74.00 1692965929.59
14.76 16.97 74.00 1692965929.69
14.82 16.51 73.00 1692965929.79
14.66 16.57 72.00 1692965929.89
14.92 17.04 70.00 1692965929.99
15.82 17.93 69.00 1692965930.09
16.66 18.96 68.00 1692965930.19
17.11 19.49 67.00 1692965930.29
17.62 19.93 65.00 1692965930.40
18.01 20.54 64.00 1692965930.50
18.54 20.78 63.00 1692965930.60
19.27 22.06 62.00 1692965930.70
19.21 21.99 62.00 1692965930.80
18.88 21.95 60.00 1692965930.90
19.55 22.72 60.00 1692965931.00
20.39 23.33 59.00 1692965931.10
21.04 23.83 58.00 1692965931.20
21.51 24.38 56.00 1692965931.30
21.80 24.72 56.00 1692965931.40
21.96 24.70 55.00 1692965931.50
21.99 24.63 54.00 1692965931.60
21.83 24.78 53.00 1692965931.70
21.72 24.93 52.00 1692965931.80
22.27 25.61 51.00 1692965931.90
22.95 26.22 51.00 1692965932.00
23.52 26.55 50.00 1692965932.10
23.89 26.38 50.00 1692965932.20
24.15 25.99 50.00 1692965932.30
24.43 25.35 49.00 1692965932.40
25.07 25.60 49.00 1692965932.50
25.73 26.39 48.00 1692965932.60
26.77 27.19 48.00 1692965932.70
27.11 27.16 47.00 1692965932.80
26.67 25.90 46.00 1692965932.90
26.92 29.64 46.00 1692965933.00
27.91 26.36 44.00 1692965933.42
26.32 27.47 43.00 1692965933.51
27.01 28.29 42.00 1692965933.60
27.87 28.58 42.00 1692965933.69
28.34 28.92 42.00 1692965933.79
28.51 28.89 41.00 1692965933.88
28.35 28.39 41.00 1692965933.97
28.34 28.44 40.00 1692965934.07
28.68 28.59 39.00 1692965934.16
28.76 28.23 38.00 1692965934.25
28.57 28.81 38.00 1692965934.34
28.74 29.62 37.00 1692965934.44
28.97 30.03 37.00 1692965934.53
29.04 30.01 36.00 1692965934.62
29.05 29.86 35.00 1692965934.71
29.21 30.07 34.00 1692965934.81
29.83 30.78 32.00 1692965934.91
30.33 31.35 31.00 1692965935.01
30.63 31.63 31.00 1692965935.11
31.21 32.10 30.00 1692965935.21
31.18 32.07 29.00 1692965935.31
30.59 31.38 28.00 1692965935.41
30.75 31.51 27.00 1692965935.51
31.28 32.18 26.00 1692965935.61
31.80 32.92 24.00 1692965935.71
32.00 33.65 24.00 1692965935.81
31.96 34.13 22.00 1692965935.91
32.09 35.09 22.00 1692965936.02
32.18 35.31 21.00 1692965936.12
31.92 35.34 20.00 1692965936.22
31.47 35.19 19.00 1692965936.32
31.08 35.22 17.00 1692965936.42
30.64 35.44 14.00 1692965936.52
30.00 35.81 11.00 1692965936.62
29.27 36.39 6.00 1692965936.72
28.06 36.95 0.00 1692965936.82
26.53 37.53 0.00 1692965936.92
22.20 37.74 0.00 1692965937.02
14.21 35.82 0.00 1692965937.12
8.84 25.44 0.00 1692965937.22
6.33 18.73 0.00 1692965937.32
5.31 14.28 0.00 1692965937.42
5.65 13.08 0.00 1692965937.52
6.77 12.58 0.00 1692965937.62
7.56 11.47 0.00 1692965937.72
7.84 10.37 0.00 1692965937.82
7.72 9.61 0.00 1692965937.92
7.39 8.73 0.00 1692965938.02
7.04 7.71 0.00 1692965938.12
6.52 6.70 0.00 1692965938.22
6.06 5.57 0.00 1692965938.32
6.22 4.33 0.00 1692965938.42
6.82 4.62 0.00 1692965938.52
7.38 5.32 0.00 1692965938.62
8.10 6.39 0.00 1692965938.72
9.01 7.67 0.00 1692965938.82
9.62 8.81 0.00 1692965938.92
10.13 9.49 0.00 1692965939.03
10.67 9.52 0.00 1692965939.13
11.47 9.75 0.00 1692965939.23
12.37 10.85 0.00 1692965939.33
12.61 12.10 0.00 1692965939.43
11.91 12.26 0.00 1692965939.53
11.02 9.50 0.00 1692965939.63
9.58 8.27 0.00 1692965939.73
7.29 6.40 0.00 1692965939.83
5.27 4.45 0.00 1692965939.93
4.35 3.09 0.00 1692965940.03
3.82 2.09 0.00 1692965940.13
3.32 1.37 0.00 1692965940.23
2.80 0.94 0.00 1692965940.33
2.42 0.52 0.00 1692965940.43
2.11 0.31 0.00 1692965940.53
1.79 0.24 0.00 1692965940.63
1.61 0.34 0.00 1692965940.73
1.37 1.03 0.00 1692965940.83
0.86 1.02 0.00 1692965940.93
0.47 0.86 0.00 1692965941.03
0.42 1.15 0.00 1692965941.13
0.53 1.40 0.00 1692965941.23
0.60 1.17 17.00 1692965941.33
0.61 0.69 63.00 1692965941.43
0.70 0.30 96.00 1692965941.53
1.09 0.14 96.00 1692965941.63
1.86 0.10 96.00 1692965941.73
2.65 0.11 96.00 1692965941.83
2.86 0.11 96.00 1692965941.93
2.99 0.11 96.00 1692965942.04
3.14 0.18 96.00 1692965942.14
2.86 0.44 96.00 1692965942.24
2.21 0.88 96.00 1692965942.34
1.45 1.17 96.00 1692965942.44
0.87 1.16 96.00 1692965942.54
0.52 0.92 96.00 1692965942.64
0.37 0.61 96.00 1692965942.74
0.37 0.39 96.00 1692965942.84
0.53 0.26 96.00 1692965942.94
0.64 0.23 96.00 1692965943.04
0.83 0.19 96.00 1692965943.14
1.33 0.21 96.00 1692965943.24
1.65 0.27 96.00 1692965943.34
1.86 0.41 96.00 1692965943.44
2.09 0.59 96.00 1692965943.54
1.97 0.61 96.00 1692965943.64
1.76 0.55 96.00 1692965943.74
1.59 0.48 96.00 1692965943.84
1.40 0.38 96.00 1692965943.94
1.46 0.30 96.00 1692965944.04
1.74 0.29 96.00 1692965944.14
2.10 0.30 96.00 1692965944.24
2.63 0.37 96.00 1692965944.34
3.31 0.85 96.00 1692965944.44
3.47 1.00 96.00 1692965944.54
3.05 1.05 96.00 1692965944.64
2.57 1.18 96.00 1692965944.74
2.41 1.39 96.00 1692965944.84
2.68 1.62 96.00 1692965944.95
2.90 1.75 96.00 1692965945.05
2.68 1.49 96.00 1692965945.15
2.42 1.10 96.00 1692965945.25
2.29 0.96 96.00 1692965945.35
2.21 1.03 96.00 1692965945.45
2.34 1.14 96.00 1692965945.55
2.71 1.44 96.00 1692965945.65
3.04 1.66 96.00 1692965945.75
3.09 1.70 96.00 1692965945.85
3.20 1.78 96.00 1692965945.95
3.32 1.95 96.00 1692965946.05
3.51 2.15 96.00 1692965946.15
3.47 2.29 96.00 1692965946.25
3.29 2.32 96.00 1692965946.35
3.32 2.34 96.00 1692965946.45
3.77 2.51 96.00 1692965946.55
4.39 3.22 96.00 1692965946.65
4.44 3.79 96.00 1692965946.75
4.31 3.65 95.00 1692965946.85
4.23 3.58 95.00 1692965946.95
4.13 3.53 95.00 1692965947.05
4.50 3.93 95.00 1692965947.15
5.05 4.53 94.00 1692965947.25
5.16 4.92 93.00 1692965947.35
5.57 5.41 92.00 1692965947.45
6.18 6.33 90.00 1692965947.55
6.48 6.95 88.00 1692965947.65
7.19 7.62 87.00 1692965947.75
8.59 8.73 85.00 1692965947.86
10.38 10.16 82.00 1692965947.96
12.33 12.86 81.00 1692965948.06
14.29 14.23 80.00 1692965948.16
15.86 15.40 80.00 1692965948.26
16.76 16.36 79.00 1692965948.36
17.63 17.13 77.00 1692965948.46
18.56 18.01 76.00 1692965948.56
19.40 18.81 74.00 1692965948.66
20.20 19.53 72.00 1692965948.76
21.10 20.34 70.00 1692965948.86
22.18 21.26 69.00 1692965948.96
22.81 21.95 67.00 1692965949.06
23.30 21.91 65.00 1692965949.16
24.24 23.06 65.00 1692965949.26
25.03 24.24 65.00 1692965949.36
24.30 23.71 64.00 1692965949.46
24.17 23.48 62.00 1692965949.56
24.61 23.40 62.00 1692965949.66
24.64 23.24 60.00 1692965949.76
24.51 23.51 58.00 1692965949.86
24.81 24.20 56.00 1692965949.96
25.44 24.91 56.00 1692965950.06
26.37 26.10 55.00 1692965950.16
26.01 26.94 54.00 1692965950.26
26.02 26.66 53.00 1692965950.36
26.74 27.33 51.00 1692965950.46
26.89 26.99 51.00 1692965950.56
26.79 26.86 50.00 1692965950.66
27.69 27.60 50.00 1692965950.76
28.00 27.91 50.00 1692965950.87
28.31 26.23 49.00 1692965951.31
27.47 26.10 48.00 1692965951.41
26.92 26.36 47.00 1692965951.51
26.74 26.76 46.00 1692965951.61
27.49 27.64 45.00 1692965951.71
28.61 28.66 45.00 1692965951.81
28.87 29.01 45.00 1692965951.91
