0.09 0.01 95.00 1692794002.17
0.09 0.01 96.00 1692794002.25
0.09 0.02 95.00 1692794002.34
0.09 0.03 96.00 1692794002.44
0.09 0.03 96.00 1692794002.53
0.09 0.04 96.00 1692794002.62
0.09 0.06 96.00 1692794002.71
0.09 0.05 96.00 1692794002.81
0.09 0.05 96.00 1692794002.90
0.09 0.12 95.00 1692794002.99
0.08 0.26 95.00 1692794003.09
0.05 0.42 96.00 1692794003.19
0.01 0.24 96.00 1692794003.29
0.06 0.06 96.00 1692794003.39
0.08 0.01 96.00 1692794003.49
0.08 0.01 95.00 1692794003.59
0.07 0.01 96.00 1692794003.69
0.03 0.06 96.00 1692794003.79
0.20 0.26 96.00 1692794003.89
0.65 0.71 95.00 1692794004.00
1.89 1.84 95.00 1692794004.10
3.57 4.71 95.00 1692794004.20
4.11 5.08 95.00 1692794004.30
3.96 5.04 95.00 1692794004.40
3.99 5.28 95.00 1692794004.50
4.01 5.50 95.00 1692794004.60
3.77 5.51 95.00 1692794004.70
3.57 5.35 95.00 1692794004.80
3.83 5.39 94.00 1692794004.90
4.46 5.73 94.00 1692794005.00
4.97 6.03 94.00 1692794005.10
5.36 6.12 94.00 1692794005.20
5.77 6.20 92.00 1692794005.30
6.30 6.95 92.00 1692794005.40
7.10 7.68 90.00 1692794005.50
7.98 8.53 89.00 1692794005.60
8.73 9.31 88.00 1692794005.70
9.61 10.28 87.00 1692794005.80
10.77 11.46 85.00 1692794005.90
12.19 12.86 84.00 1692794006.00
13.45 14.12 83.00 1692794006.10
14.20 14.92 81.00 1692794006.20
14.68 15.22 81.00 1692794006.30
15.24 15.31 80.00 1692794006.40
16.05 15.86 80.00 1692794006.50
16.87 17.94 79.00 1692794006.60
17.39 18.98 74.00 1692794007.01
18.88 19.82 74.00 1692794007.11
19.77 20.56 74.00 1692794007.20
20.57 21.16 73.00 1692794007.29
21.09 21.75 72.00 1692794007.38
21.67 22.20 71.00 1692794007.48
24.08 24.08 70.00 1692794007.86
24.40 24.37 69.00 1692794007.96
24.65 24.46 68.00 1692794008.06
24.96 24.59 68.00 1692794008.16
25.22 24.68 66.00 1692794008.26
25.70 24.99 65.00 1692794008.36
26.46 25.58 65.00 1692794008.46
27.26 26.08 63.00 1692794008.56
28.14 26.76 62.00 1692794008.66
28.87 27.41 62.00 1692794008.76
29.54 32.23 58.00 1692794009.17
31.49 33.16 58.00 1692794009.27
32.40 33.61 57.00 1692794009.36
33.00 33.72 56.00 1692794009.45
33.20 33.76 55.00 1692794009.54
33.22 34.10 54.00 1692794009.64
33.53 34.86 51.00 1692794009.73
34.25 35.61 50.00 1692794009.82
35.13 36.42 49.00 1692794009.91
36.06 36.99 47.00 1692794010.01
36.73 37.19 45.00 1692794010.10
36.80 37.19 43.00 1692794010.19
36.47 37.07 41.00 1692794010.29
36.13 37.12 37.00 1692794010.38
36.01 37.45 34.00 1692794010.47
35.44 37.48 29.00 1692794010.57
33.57 36.65 24.00 1692794010.67
30.23 34.48 17.00 1692794010.77
24.51 30.27 8.00 1692794010.87
17.87 24.04 0.00 1692794010.97
13.24 18.36 0.00 1692794011.07
11.62 15.54 0.00 1692794011.17
12.24 17.64 0.00 1692794011.27
12.45 19.37 0.00 1692794011.37
12.22 17.78 0.00 1692794011.47
11.56 16.10 0.00 1692794011.57
11.07 14.24 0.00 1692794011.67
14.15 16.12 0.00 1692794011.77
18.08 18.78 0.00 1692794011.87
21.76 22.28 0.00 1692794011.97
23.75 26.06 0.00 1692794012.07
21.82 25.28 0.00 1692794012.17
15.01 18.45 0.00 1692794012.27
9.17 12.02 0.00 1692794012.37
6.45 8.53 0.00 1692794012.47
4.79 5.98 0.00 1692794012.57
3.12 3.89 0.00 1692794012.67
1.58 2.01 0.00 1692794012.77
0.64 0.92 0.00 1692794012.88
0.11 0.73 0.00 1692794012.97
0.08 0.27 0.00 1692794013.07
0.09 0.04 0.00 1692794013.18
0.07 0.22 0.00 1692794013.28
0.31 0.64 0.00 1692794013.38
0.60 0.48 0.00 1692794013.48
1.18 0.10 0.00 1692794013.58
1.71 0.00 0.00 1692794013.68
1.64 0.01 0.00 1692794013.78
1.49 0.08 0.00 1692794013.88
1.12 0.33 0.00 1692794013.98
0.43 0.10 9.00 1692794014.08
0.05 0.00 31.00 1692794014.18
0.08 0.01 61.00 1692794014.28
0.10 0.01 89.00 1692794014.38
0.10 0.01 96.00 1692794014.48
0.10 0.01 96.00 1692794014.58
0.10 0.01 96.00 1692794014.68
0.10 0.01 96.00 1692794014.78
0.09 0.00 96.00 1692794014.88
0.02 0.10 92.00 1692794014.98
0.25 0.37 91.00 1692794015.08
0.39 0.60 91.00 1692794015.18
0.55 0.68 91.00 1692794015.28
0.70 0.37 91.00 1692794015.38
0.88 0.24 91.00 1692794015.48
1.06 0.09 91.00 1692794015.58
1.37 0.03 91.00 1692794015.68
1.96 0.13 91.00 1692794015.78
2.40 0.39 91.00 1692794015.88
2.21 0.68 91.00 1692794015.98
2.07 0.90 91.00 1692794016.08
2.17 0.76 91.00 1692794016.18
1.86 0.23 91.00 1692794016.28
1.07 0.00 91.00 1692794016.39
0.92 0.04 91.00 1692794016.48
0.88 0.06 91.00 1692794016.59
0.57 0.14 91.00 1692794016.69
0.85 0.76 91.00 1692794016.79
1.72 1.57 91.00 1692794016.89
1.88 1.99 91.00 1692794016.99
1.86 2.17 91.00 1692794017.09
1.83 2.16 91.00 1692794017.19
1.74 1.77 91.00 1692794017.29
2.00 1.14 91.00 1692794017.39
2.34 0.75 91.00 1692794017.49
2.73 0.68 91.00 1692794017.59
3.03 0.97 91.00 1692794017.69
3.12 1.91 91.00 1692794017.79
3.61 2.88 91.00 1692794017.89
4.61 4.16 91.00 1692794017.99
5.61 5.21 91.00 1692794018.09
7.11 6.13 91.00 1692794018.19
8.72 7.25 91.00 1692794018.29
9.76 8.29 91.00 1692794018.39
10.01 8.43 90.00 1692794018.49
10.19 8.36 89.00 1692794018.59
10.74 8.72 88.00 1692794018.69
11.82 9.48 88.00 1692794018.79
13.33 12.08 88.00 1692794018.89
14.61 13.14 88.00 1692794018.99
15.25 13.59 88.00 1692794019.09
15.36 13.46 87.00 1692794019.19
15.31 13.26 86.00 1692794019.29
15.66 13.71 85.00 1692794019.39
16.07 14.23 85.00 1692794019.49
16.62 14.91 83.00 1692794019.59
17.04 15.79 81.00 1692794019.69
17.56 16.14 80.00 1692794019.79
18.42 16.72 79.00 1692794019.89
19.74 17.72 77.00 1692794019.99
21.35 21.06 77.00 1692794020.10
22.39 22.07 76.00 1692794020.20
22.87 22.49 75.00 1692794020.30
23.05 22.79 74.00 1692794020.40
23.61 23.44 73.00 1692794020.50
24.46 24.31 73.00 1692794020.60
25.12 25.16 72.00 1692794020.70
25.47 25.79 71.00 1692794020.80
25.70 26.32 70.00 1692794020.90
25.71 26.70 69.00 1692794021.00
25.90 27.02 68.00 1692794021.10
26.58 27.68 67.00 1692794021.20
27.10 29.68 65.00 1692794021.30
27.39 30.23 64.00 1692794021.40
28.12 31.01 62.00 1692794021.50
28.84 31.71 62.00 1692794021.60
29.80 32.68 61.00 1692794021.70
30.56 33.44 60.00 1692794021.80
31.09 33.94 59.00 1692794021.90
31.45 34.40 58.00 1692794022.00
31.50 34.74 57.00 1692794022.10
31.46 34.88 56.00 1692794022.20
31.73 35.08 54.00 1692794022.30
32.20 35.38 54.00 1692794022.40
32.86 36.49 53.00 1692794022.50
33.42 36.82 51.00 1692794022.60
33.80 36.85 51.00 1692794022.70
34.46 37.24 50.00 1692794022.80
35.19 37.76 48.00 1692794022.90
35.86 38.24 46.00 1692794023.00
36.50 38.68 45.00 1692794023.10
36.85 38.89 43.00 1692794023.20
36.75 38.86 41.00 1692794023.30
36.34 38.80 37.00 1692794023.40
35.58 38.55 34.00 1692794023.50
33.93 38.21 29.00 1692794023.61
30.34 35.33 22.00 1692794023.71
25.10 31.75 16.00 1692794023.81
18.94 26.39 8.00 1692794023.91
12.52 20.47 0.00 1692794024.01
8.39 15.90 0.00 1692794024.11
7.97 14.73 0.00 1692794024.21
8.25 15.57 0.00 1692794024.31
7.36 16.10 0.00 1692794024.41
6.57 15.23 0.00 1692794024.51
6.44 13.22 0.00 1692794024.61
6.13 11.18 0.00 1692794024.71
4.93 9.19 0.00 1692794024.81
3.99 6.03 0.00 1692794024.91
3.59 5.66 0.00 1692794025.01
3.63 6.24 0.00 1692794025.11
4.12 7.79 0.00 1692794025.21
4.99 9.75 0.00 1692794025.31
5.70 11.61 0.00 1692794025.41
6.54 13.51 0.00 1692794025.51
7.95 15.62 0.00 1692794025.61
10.13 18.58 0.00 1692794025.71
12.53 22.05 0.00 1692794025.81
13.16 23.78 0.00 1692794025.91
11.59 23.30 0.00 1692794026.01
8.20 15.84 0.00 1692794026.11
4.82 3.59 0.00 1692794026.52
1.53 1.96 0.00 1692794026.62
1.15 1.07 0.00 1692794026.71
1.04 0.58 0.00 1692794026.80
1.09 0.14 0.00 1692794026.90
1.05 0.00 0.00 1692794026.99
0.67 0.03 0.00 1692794027.08
0.16 0.07 0.00 1692794027.17
0.04 0.06 0.00 1692794027.26
0.06 0.06 0.00 1692794027.36
0.03 0.05 0.00 1692794027.45
0.20 0.05 0.00 1692794027.54
1.00 0.04 0.00 1692794027.64
2.06 0.04 0.00 1692794027.73
2.51 0.05 0.00 1692794027.82
2.33 0.07 0.00 1692794027.92
1.53 0.10 0.00 1692794028.02
0.44 0.12 0.00 1692794028.12
0.11 0.20 0.00 1692794028.22
0.21 0.32 0.00 1692794028.32
0.19 0.32 0.00 1692794028.42
0.10 0.32 0.00 1692794028.52
0.04 0.31 0.00 1692794028.62
0.08 0.31 0.00 1692794028.72
0.29 0.27 0.00 1692794028.82
0.53 0.21 0.00 1692794028.92
1.07 0.15 0.00 1692794029.02
1.44 0.10 0.00 1692794029.12
1.10 0.10 0.00 1692794029.22
0.60 0.08 0.00 1692794029.32
0.53 0.10 0.00 1692794029.42
0.55 0.12 7.00 1692794029.52
0.38 0.13 34.00 1692794029.62
0.19 0.13 59.00 1692794029.72
0.03 0.15 77.00 1692794029.82
0.06 0.17 93.00 1692794029.92
0.09 0.17 96.00 1692794030.02
0.11 0.16 91.00 1692794030.47
0.11 0.16 91.00 1692794030.57
0.11 0.16 91.00 1692794030.67
0.11 0.17 91.00 1692794030.77
0.13 0.17 92.00 1692794030.87
0.14 0.18 92.00 1692794030.97
0.15 0.20 92.00 1692794031.07
0.16 0.21 92.00 1692794031.17
