0.03 0.04 95.00 1692707108.86
0.02 0.04 95.00 1692707108.89
0.02 0.04 95.00 1692707108.98
0.02 0.04 95.00 1692707109.08
0.02 0.04 95.00 1692707109.18
0.02 0.04 95.00 1692707109.28
0.02 0.03 95.00 1692707109.38
0.02 0.04 95.00 1692707109.48
0.03 0.04 95.00 1692707109.58
0.03 0.03 95.00 1692707109.68
0.03 0.04 95.00 1692707109.78
0.02 0.04 95.00 1692707109.88
0.01 0.03 95.00 1692707109.98
0.02 0.03 95.00 1692707110.08
0.02 0.04 95.00 1692707110.18
0.02 0.04 95.00 1692707110.28
0.03 0.04 95.00 1692707110.38
0.02 0.04 95.00 1692707110.48
0.02 0.04 95.00 1692707110.58
0.02 0.05 95.00 1692707110.68
0.03 0.05 95.00 1692707110.78
0.04 0.05 95.00 1692707110.88
0.03 0.05 95.00 1692707110.98
0.02 0.04 95.00 1692707111.08
0.01 0.03 94.00 1692707111.18
0.00 0.03 94.00 1692707111.28
0.00 0.03 94.00 1692707111.38
0.02 0.01 93.00 1692707111.48
0.14 0.11 93.00 1692707111.58
0.36 0.42 92.00 1692707111.68
0.31 0.46 92.00 1692707111.78
0.14 0.19 92.00 1692707111.88
0.22 0.03 92.00 1692707111.98
0.47 0.11 92.00 1692707112.08
0.75 0.41 90.00 1692707112.18
1.16 0.80 89.00 1692707112.28
1.61 1.23 88.00 1692707112.38
2.00 1.65 87.00 1692707112.48
2.26 1.90 87.00 1692707112.58
2.51 2.34 86.00 1692707112.68
2.86 2.85 86.00 1692707112.78
3.39 3.46 85.00 1692707112.88
4.01 4.21 84.00 1692707112.98
4.54 5.07 81.00 1692707113.08
5.02 5.73 81.00 1692707113.18
5.88 6.77 80.00 1692707113.28
6.58 7.63 79.00 1692707113.38
7.10 8.12 77.00 1692707113.48
7.81 8.80 76.00 1692707113.58
8.65 9.73 75.00 1692707113.68
9.44 10.58 74.00 1692707113.78
10.38 12.55 73.00 1692707113.88
11.36 13.46 72.00 1692707113.98
12.09 14.07 70.00 1692707114.08
12.84 14.75 70.00 1692707114.18
13.53 15.31 69.00 1692707114.28
14.17 15.71 69.00 1692707114.38
14.92 15.96 69.00 1692707114.48
15.77 16.46 66.00 1692707114.58
16.65 17.29 64.00 1692707114.68
17.84 18.53 63.00 1692707114.78
18.94 20.28 63.00 1692707114.88
19.85 21.71 62.00 1692707114.98
21.15 24.98 62.00 1692707115.08
21.60 25.41 62.00 1692707115.18
21.66 25.36 61.00 1692707115.28
21.62 25.08 61.00 1692707115.38
21.85 24.97 61.00 1692707115.49
22.37 25.38 60.00 1692707115.59
22.75 25.33 60.00 1692707115.69
23.06 25.15 59.00 1692707115.79
23.71 25.36 59.00 1692707115.89
24.51 26.18 58.00 1692707115.99
24.95 27.00 58.00 1692707116.09
25.12 27.49 58.00 1692707116.19
25.53 28.33 57.00 1692707116.29
25.85 28.75 57.00 1692707116.39
25.92 28.97 57.00 1692707116.49
26.18 29.10 56.00 1692707116.59
26.43 29.17 56.00 1692707116.69
26.42 28.89 55.00 1692707116.79
26.53 29.03 55.00 1692707116.89
26.78 29.10 54.00 1692707116.99
27.39 29.58 53.00 1692707117.09
28.05 30.25 51.00 1692707117.19
28.45 30.99 51.00 1692707117.29
28.86 31.58 50.00 1692707117.39
29.44 33.31 49.00 1692707117.49
30.11 34.02 49.00 1692707117.59
30.45 34.33 49.00 1692707117.69
29.96 33.79 48.00 1692707117.79
29.93 33.57 46.00 1692707117.89
30.49 34.03 46.00 1692707117.99
31.04 34.75 44.00 1692707118.09
31.36 35.08 43.00 1692707118.19
31.31 35.17 41.00 1692707118.29
30.46 34.32 39.00 1692707118.39
27.34 31.05 34.00 1692707118.49
21.25 24.68 26.00 1692707118.59
15.25 11.98 17.00 1692707118.69
9.69 7.58 11.00 1692707118.79
6.05 4.97 6.00 1692707118.89
3.94 3.19 0.00 1692707118.99
2.85 2.40 0.00 1692707119.09
2.61 2.52 0.00 1692707119.19
2.75 2.88 0.00 1692707119.29
2.37 3.00 0.00 1692707119.39
2.05 2.56 0.00 1692707119.49
1.51 1.72 0.00 1692707119.59
1.05 1.32 0.00 1692707119.69
0.48 1.00 0.00 1692707119.79
0.12 0.04 0.00 1692707119.89
0.08 0.01 0.00 1692707119.99
0.14 0.01 0.00 1692707120.09
0.12 0.00 0.00 1692707120.19
0.01 0.06 0.00 1692707120.29
0.00 0.38 0.00 1692707120.39
0.07 0.98 0.00 1692707120.49
0.81 2.54 0.00 1692707120.59
2.55 5.68 0.00 1692707120.69
4.82 9.40 0.00 1692707120.79
6.03 11.80 0.00 1692707120.89
4.49 10.45 0.00 1692707120.99
1.88 3.54 0.00 1692707121.09
0.36 1.21 0.00 1692707121.19
0.01 0.14 0.00 1692707121.29
0.03 0.04 0.00 1692707121.39
0.06 0.03 0.00 1692707121.49
0.08 0.02 0.00 1692707121.59
0.07 0.02 0.00 1692707121.69
0.07 0.02 0.00 1692707121.79
0.06 0.02 0.00 1692707121.90
0.06 0.02 0.00 1692707121.99
0.06 0.01 0.00 1692707122.41
0.05 0.01 0.00 1692707122.50
0.04 0.01 0.00 1692707122.59
0.03 0.01 0.00 1692707122.68
0.03 0.01 0.00 1692707122.78
0.02 0.02 0.00 1692707122.87
0.02 0.02 0.00 1692707122.96
0.02 0.02 10.00 1692707123.05
0.02 0.02 23.00 1692707123.14
0.03 0.03 42.00 1692707123.24
0.04 0.03 61.00 1692707123.33
0.04 0.02 74.00 1692707123.42
0.03 0.01 86.00 1692707123.51
0.03 0.01 95.00 1692707123.61
0.03 0.01 95.00 1692707123.70
0.03 0.01 95.00 1692707123.80
0.04 0.01 94.00 1692707123.90
0.05 0.01 94.00 1692707124.00
0.09 0.02 94.00 1692707124.10
0.12 0.03 94.00 1692707124.20
0.14 0.03 94.00 1692707124.30
0.14 0.03 93.00 1692707124.40
0.12 0.03 93.00 1692707124.50
0.11 0.04 93.00 1692707124.60
0.12 0.03 93.00 1692707124.70
0.13 0.02 93.00 1692707124.80
0.14 0.02 94.00 1692707124.90
0.13 0.01 94.00 1692707125.00
0.12 0.02 94.00 1692707125.10
0.11 0.03 94.00 1692707125.20
0.12 0.03 94.00 1692707125.30
0.13 0.01 93.00 1692707125.40
0.14 0.03 93.00 1692707125.50
0.13 0.03 93.00 1692707125.60
0.13 0.05 92.00 1692707125.70
0.12 0.07 92.00 1692707125.80
0.11 0.10 92.00 1692707125.90
0.10 0.14 95.00 1692707126.00
0.10 0.17 95.00 1692707126.10
0.10 0.15 96.00 1692707126.20
0.10 0.15 94.00 1692707126.30
0.10 0.16 94.00 1692707126.40
0.10 0.16 94.00 1692707126.50
0.10 0.17 96.00 1692707126.60
0.09 0.17 95.00 1692707126.70
0.09 0.15 95.00 1692707126.80
0.09 0.13 95.00 1692707126.90
0.09 0.13 95.00 1692707127.00
0.08 0.13 95.00 1692707127.10
0.08 0.13 95.00 1692707127.20
0.07 0.15 95.00 1692707127.30
0.07 0.17 95.00 1692707127.40
0.06 0.17 95.00 1692707127.50
0.06 0.18 95.00 1692707127.60
0.06 0.19 95.00 1692707127.70
0.05 0.19 95.00 1692707127.80
0.05 0.19 95.00 1692707127.90
0.05 0.19 95.00 1692707128.00
0.06 0.19 95.00 1692707128.10
0.07 0.18 95.00 1692707128.20
0.07 0.20 95.00 1692707128.30
0.07 0.20 95.00 1692707128.40
0.08 0.20 95.00 1692707128.50
0.08 0.18 95.00 1692707128.60
0.08 0.21 95.00 1692707128.70
0.08 0.22 95.00 1692707128.80
0.08 0.23 95.00 1692707128.90
0.08 0.23 95.00 1692707129.00
0.09 0.22 94.00 1692707129.10
0.08 0.22 94.00 1692707129.20
0.07 0.20 94.00 1692707129.30
0.05 0.16 94.00 1692707129.40
0.03 0.11 94.00 1692707129.50
0.02 0.08 94.00 1692707129.60
0.03 0.10 94.00 1692707129.71
0.03 0.11 94.00 1692707129.81
0.01 0.11 94.00 1692707129.91
0.11 0.11 94.00 1692707130.01
0.12 0.10 94.00 1692707130.11
0.00 0.10 94.00 1692707130.21
0.01 0.08 94.00 1692707130.31
0.00 0.05 94.00 1692707130.41
0.00 0.01 94.00 1692707130.51
0.00 0.00 94.00 1692707130.61
0.02 0.01 94.00 1692707130.71
0.08 0.00 94.00 1692707130.81
0.11 0.00 94.00 1692707130.91
0.04 0.01 94.00 1692707131.01
0.00 0.01 94.00 1692707131.11
0.00 0.00 94.00 1692707131.21
0.00 0.01 94.00 1692707131.31
0.02 0.01 94.00 1692707131.41
0.03 0.01 93.00 1692707131.51
0.00 0.03 93.00 1692707131.61
0.06 0.02 93.00 1692707131.71
0.15 0.01 93.00 1692707131.81
0.15 0.01 93.00 1692707131.91
0.11 0.10 93.00 1692707132.01
0.09 97.22 93.00 1692707132.11
0.02 0.04 94.00 1692707132.29
0.03 0.01 93.00 1692707132.39
0.01 0.00 94.00 1692707132.48
0.20 0.00 93.00 1692707132.57
0.18 0.01 93.00 1692707132.95
0.08 0.03 96.00 1692707133.05
0.02 0.01 95.00 1692707133.15
0.03 0.00 95.00 1692707133.26
0.01 0.01 95.00 1692707133.36
0.00 0.00 96.00 1692707133.46
0.00 0.01 95.00 1692707133.56
0.05 0.03 96.00 1692707133.66
0.08 0.04 96.00 1692707133.76
0.03 0.01 96.00 1692707133.86
0.02 0.01 96.00 1692707133.96
0.00 0.01 96.00 1692707134.06
0.02 0.01 96.00 1692707134.16
0.01 0.00 95.00 1692707134.26
0.01 0.00 96.00 1692707134.36
0.00 0.02 94.00 1692707134.46
0.04 0.02 94.00 1692707134.56
0.03 0.00 94.00 1692707134.66
0.01 0.00 94.00 1692707134.76
0.07 0.01 94.00 1692707134.86
0.21 0.01 93.00 1692707134.96
0.52 0.13 93.00 1692707135.06
1.40 0.57 91.00 1692707135.16
2.09 1.57 90.00 1692707135.26
2.67 1.84 89.00 1692707135.36
3.57 2.28 87.00 1692707135.46
4.69 3.05 87.00 1692707135.56
5.84 4.43 86.00 1692707135.66
6.65 5.68 85.00 1692707135.76
7.01 6.47 84.00 1692707135.86
7.47 6.76 82.00 1692707135.96
8.34 7.48 81.00 1692707136.06
8.78 8.07 80.00 1692707136.16
9.38 8.55 80.00 1692707136.26
10.50 10.48 79.00 1692707136.36
11.49 11.39 78.00 1692707136.46
11.99 11.83 78.00 1692707136.56
12.48 12.09 77.00 1692707136.66
13.15 12.66 77.00 1692707136.76
13.88 13.38 76.00 1692707136.86
14.37 13.84 75.00 1692707136.96
14.96 14.35 74.00 1692707137.06
15.47 15.25 74.00 1692707137.16
15.73 15.82 73.00 1692707137.26
16.21 16.25 72.00 1692707137.36
16.46 16.80 72.00 1692707137.46
16.77 18.79 71.00 1692707137.56
17.58 19.67 70.00 1692707137.66
18.30 20.03 70.00 1692707137.76
19.13 20.48 69.00 1692707137.86
19.94 21.14 68.00 1692707137.96
20.45 21.95 67.00 1692707138.06
20.50 22.69 65.00 1692707138.16
20.74 23.53 65.00 1692707138.26
21.42 24.57 64.00 1692707138.36
22.20 25.53 63.00 1692707138.46
22.84 26.01 62.00 1692707138.56
23.78 26.51 62.00 1692707138.66
24.78 27.96 62.00 1692707138.76
25.52 28.73 61.00 1692707138.86
26.28 29.50 61.00 1692707138.96
27.31 30.17 61.00 1692707139.06
27.74 30.33 60.00 1692707139.16
27.47 29.80 60.00 1692707139.26
27.52 29.92 59.00 1692707139.36
27.89 30.39 59.00 1692707139.46
28.26 30.89 57.00 1692707139.56
28.64 31.20 56.00 1692707139.66
28.87 31.02 55.00 1692707139.76
28.46 30.90 53.00 1692707139.86
27.30 29.70 51.00 1692707139.96
26.22 29.08 48.00 1692707140.06
25.58 10.32 16.00 1692707140.48
11.30 5.80 10.00 1692707140.57
6.40 3.70 0.00 1692707140.66
3.32 2.80 0.00 1692707140.75
2.00 2.71 0.00 1692707140.85
1.25 2.63 0.00 1692707140.94
1.60 2.76 0.00 1692707141.03
1.65 2.24 0.00 1692707141.12
1.52 1.59 0.00 1692707141.21
1.32 1.17 0.00 1692707141.31
0.96 0.58 0.00 1692707141.40
0.31 0.15 0.00 1692707141.49
0.02 0.03 0.00 1692707141.58
0.00 0.00 0.00 1692707141.68
0.01 0.02 0.00 1692707141.77
0.01 0.01 0.00 1692707141.87
0.02 0.07 0.00 1692707141.97
0.02 1.19 0.00 1692707142.07
0.12 2.03 0.00 1692707142.17
1.78 3.54 0.00 1692707142.27
4.99 6.99 0.00 1692707142.37
8.19 10.63 0.00 1692707142.47
8.88 12.23 0.00 1692707142.57
6.97 11.19 0.00 1692707142.67
3.72 7.77 0.00 1692707142.77
1.10 3.79 0.00 1692707142.87
0.09 1.01 0.00 1692707142.97
0.02 0.02 0.00 1692707143.07
0.02 0.01 0.00 1692707143.17
0.02 0.02 7.00 1692707143.27
0.02 0.04 27.00 1692707143.37
0.03 0.05 47.00 1692707143.47
0.03 0.06 71.00 1692707143.57
0.03 0.08 96.00 1692707143.67
0.04 0.07 96.00 1692707143.77
0.04 0.05 96.00 1692707143.87
0.05 0.07 96.00 1692707143.97
0.05 0.07 93.00 1692707144.07
0.05 0.07 93.00 1692707144.17
0.05 0.07 93.00 1692707144.27
0.05 0.05 93.00 1692707144.37
0.03 0.05 93.00 1692707144.47
0.01 0.03 93.00 1692707144.57
0.01 0.01 93.00 1692707144.67
0.01 0.00 93.00 1692707144.77
0.02 0.01 93.00 1692707144.87
0.03 0.01 93.00 1692707144.97
0.03 0.01 93.00 1692707145.07
0.04 0.00 93.00 1692707145.17
0.03 0.02 93.00 1692707145.27
0.02 0.04 93.00 1692707145.37
0.02 0.04 93.00 1692707145.47
0.02 0.02 93.00 1692707145.57
0.02 0.03 93.00 1692707145.67
0.02 0.01 93.00 1692707145.77
0.03 0.00 93.00 1692707145.87
0.03 0.01 93.00 1692707145.97
0.04 0.02 93.00 1692707146.07
0.04 0.02 93.00 1692707146.17
0.04 0.00 93.00 1692707146.27
0.03 0.00 93.00 1692707146.37
0.02 0.01 93.00 1692707146.47
0.02 0.03 93.00 1692707146.57
0.02 0.03 93.00 1692707146.67
0.01 0.02 93.00 1692707146.77
0.01 0.01 93.00 1692707146.87
0.02 0.02 93.00 1692707146.97
0.02 0.03 93.00 1692707147.07
0.03 0.02 93.00 1692707147.17
0.02 0.00 93.00 1692707147.27
0.01 0.00 93.00 1692707147.37
0.01 0.01 93.00 1692707147.47
0.00 0.01 93.00 1692707147.57
0.22 0.01 93.00 1692707147.67
1.07 0.17 93.00 1692707147.77
1.50 1.22 93.00 1692707147.87
2.03 1.76 93.00 1692707147.97
2.73 2.26 93.00 1692707148.07
3.42 2.81 93.00 1692707148.17
4.20 3.58 92.00 1692707148.27
5.14 4.37 92.00 1692707148.37
6.19 5.21 89.00 1692707148.48
7.44 6.33 89.00 1692707148.58
8.54 7.61 88.00 1692707148.68
9.46 8.57 87.00 1692707148.78
10.24 9.26 85.00 1692707148.88
10.93 190.45 84.00 1692707148.98
11.48 190.50 81.00 1692707149.08
12.28 11.83 80.00 1692707149.18
13.33 12.67 79.00 1692707149.28
14.54 13.68 78.00 1692707149.38
15.80 14.84 77.00 1692707149.48
16.67 15.87 76.00 1692707149.58
17.28 16.14 74.00 1692707149.68
17.81 16.12 73.00 1692707149.78
18.33 16.83 72.00 1692707149.88
18.64 17.75 70.00 1692707149.98
18.97 18.39 68.00 1692707150.08
19.64 20.50 67.00 1692707150.18
20.51 21.51 65.00 1692707150.28
21.35 22.37 63.00 1692707150.38
22.23 23.47 62.00 1692707150.48
23.50 24.86 62.00 1692707150.58
24.61 26.09 61.00 1692707150.68
25.43 26.98 60.00 1692707150.78
26.48 27.75 59.00 1692707150.88
27.51 28.55 58.00 1692707150.98
27.87 28.98 57.00 1692707151.08
28.35 29.01 56.00 1692707151.18
28.87 29.23 55.00 1692707151.28
29.01 29.81 54.00 1692707151.38
29.04 30.00 53.00 1692707151.48
28.92 30.19 51.00 1692707151.58
28.72 30.43 49.00 1692707151.68
28.63 30.77 46.00 1692707151.78
28.30 30.94 44.00 1692707151.88
26.98 29.28 40.00 1692707151.98
23.66 25.98 33.00 1692707152.08
17.21 20.54 21.00 1692707152.18
11.62 14.05 9.00 1692707152.28
7.74 8.96 0.00 1692707152.38
4.64 5.02 0.00 1692707152.48
3.21 2.88 0.00 1692707152.58
3.80 3.42 0.00 1692707152.68
4.49 3.87 0.00 1692707152.78
4.62 3.87 0.00 1692707152.88
4.65 3.69 0.00 1692707152.98
4.38 3.55 0.00 1692707153.08
2.88 2.99 0.00 1692707153.18
1.51 1.95 0.00 1692707153.28
1.41 1.22 0.00 1692707153.38
1.62 0.93 0.00 1692707153.48
1.89 1.66 0.00 1692707153.58
3.94 3.99 0.00 1692707153.68
8.11 11.88 0.00 1692707153.78
12.48 16.12 0.00 1692707153.88
13.29 17.13 0.00 1692707153.98
9.04 13.53 0.00 1692707154.08
3.74 8.48 0.00 1692707154.18
0.80 4.48 0.00 1692707154.28
0.02 1.69 0.00 1692707154.38
0.05 0.27 0.00 1692707154.48
0.05 0.01 0.00 1692707154.58
