0.01 0.00 90.00 1692791967.94
0.01 0.00 90.00 1692791968.03
0.01 0.00 90.00 1692791968.13
0.01 0.00 90.00 1692791968.23
0.01 0.01 90.00 1692791968.33
0.01 0.01 90.00 1692791968.43
0.01 0.01 90.00 1692791968.53
0.02 0.01 90.00 1692791968.63
0.02 0.01 90.00 1692791968.73
0.01 0.00 90.00 1692791968.83
0.01 0.00 90.00 1692791968.93
0.00 0.00 90.00 1692791969.04
0.00 0.00 90.00 1692791969.14
0.00 0.00 90.00 1692791969.24
0.00 0.00 90.00 1692791969.34
0.01 0.00 90.00 1692791969.44
0.00 0.00 90.00 1692791969.54
0.00 0.00 90.00 1692791969.64
0.00 0.00 90.00 1692791969.74
0.00 0.00 90.00 1692791969.84
0.01 0.00 90.00 1692791969.94
0.01 0.00 89.00 1692791970.04
0.01 0.00 89.00 1692791970.14
0.06 0.00 88.00 1692791970.24
0.48 0.04 87.00 1692791970.34
1.72 0.59 87.00 1692791970.44
2.76 1.68 86.00 1692791970.54
3.12 2.48 85.00 1692791970.64
3.33 3.28 85.00 1692791970.74
3.56 3.55 84.00 1692791970.84
3.73 3.76 81.00 1692791970.94
4.05 4.00 81.00 1692791971.04
4.61 4.41 80.00 1692791971.14
5.26 4.92 80.00 1692791971.24
5.99 5.49 79.00 1692791971.34
6.61 6.03 77.00 1692791971.44
7.33 47.77 77.00 1692791971.54
8.04 8.33 73.00 1692791971.96
8.38 8.96 72.00 1692791972.05
8.78 9.80 71.00 1692791972.14
9.25 10.65 70.00 1692791972.23
9.64 11.58 69.00 1692791972.33
10.08 12.90 69.00 1692791972.42
10.92 13.89 67.00 1692791972.51
11.57 14.45 67.00 1692791972.60
11.96 14.85 65.00 1692791972.70
12.54 14.88 64.00 1692791972.79
13.12 14.54 63.00 1692791972.88
13.99 14.98 62.00 1692791972.97
15.21 15.81 62.00 1692791973.07
16.05 16.36 62.00 1692791973.16
16.73 17.12 62.00 1692791973.25
17.19 17.65 60.00 1692791973.35
17.10 17.47 60.00 1692791973.45
17.52 17.88 59.00 1692791973.55
18.33 19.01 59.00 1692791973.65
18.55 19.53 58.00 1692791973.75
18.44 19.56 57.00 1692791973.85
18.84 19.92 56.00 1692791973.95
19.12 20.58 55.00 1692791974.05
19.67 20.83 54.00 1692791974.15
20.66 22.07 53.00 1692791974.25
21.20 23.48 53.00 1692791974.35
21.42 24.07 52.00 1692791974.45
21.78 25.31 52.00 1692791974.55
21.82 25.50 51.00 1692791974.65
21.86 25.71 51.00 1692791974.75
21.89 25.83 51.00 1692791974.85
21.81 25.62 50.00 1692791974.95
22.23 25.94 49.00 1692791975.05
22.91 26.62 49.00 1692791975.16
23.34 27.20 48.00 1692791975.26
23.64 27.53 48.00 1692791975.36
23.97 28.00 46.00 1692791975.46
24.13 28.10 45.00 1692791975.56
24.47 28.13 45.00 1692791975.66
24.77 28.61 44.00 1692791975.76
24.73 28.61 43.00 1692791975.86
24.98 28.81 43.00 1692791975.96
25.63 29.31 42.00 1692791976.06
26.24 29.80 41.00 1692791976.16
26.70 30.08 40.00 1692791976.26
27.09 30.26 39.00 1692791976.36
27.43 30.35 37.00 1692791976.46
27.79 30.54 36.00 1692791976.56
27.98 30.74 35.00 1692791976.66
28.13 30.77 34.00 1692791976.76
28.52 30.92 32.00 1692791976.86
29.03 31.73 30.00 1692791976.96
29.50 32.14 29.00 1692791977.06
29.87 32.54 27.00 1692791977.16
30.18 32.81 24.00 1692791977.26
30.62 33.10 21.00 1692791977.36
31.30 33.62 19.00 1692791977.46
32.01 47.77 16.00 1692791977.56
32.50 35.67 0.00 1692791977.98
32.48 35.24 0.00 1692791978.07
32.08 34.47 0.00 1692791978.16
31.55 32.95 0.00 1692791978.25
30.85 30.33 0.00 1692791978.35
29.11 26.47 0.00 1692791978.44
26.19 22.74 0.00 1692791978.53
22.91 19.40 0.00 1692791978.62
19.64 15.94 0.00 1692791978.72
17.30 14.61 0.00 1692791978.81
16.21 14.19 0.00 1692791978.90
14.45 12.93 0.00 1692791978.99
12.08 11.06 0.00 1692791979.09
10.23 9.43 0.00 1692791979.18
8.91 8.16 0.00 1692791979.27
8.19 6.73 0.00 1692791979.37
7.40 5.16 0.00 1692791979.47
6.28 3.82 0.00 1692791979.57
5.33 3.03 0.00 1692791979.67
4.99 2.75 0.00 1692791979.77
5.10 2.54 0.00 1692791979.87
5.51 2.43 0.00 1692791979.97
5.55 2.82 0.00 1692791980.07
5.23 3.19 0.00 1692791980.17
4.11 3.00 0.00 1692791980.27
2.47 2.34 0.00 1692791980.37
1.47 1.28 0.00 1692791980.47
1.17 0.46 0.00 1692791980.57
1.28 0.49 0.00 1692791980.67
1.44 0.54 0.00 1692791980.77
1.30 0.39 0.00 1692791980.88
1.01 0.20 0.00 1692791980.97
0.67 0.07 0.00 1692791981.07
0.28 0.01 0.00 1692791981.18
0.04 0.01 15.00 1692791981.28
0.00 0.00 35.00 1692791981.38
0.00 0.00 54.00 1692791981.48
0.00 0.01 73.00 1692791981.58
0.00 0.00 85.00 1692791981.68
0.00 0.01 92.00 1692791981.78
0.02 0.01 96.00 1692791981.88
0.07 0.01 96.00 1692791981.98
0.16 0.01 96.00 1692791982.08
0.23 0.03 96.00 1692791982.18
0.36 0.12 96.00 1692791982.28
0.61 0.29 96.00 1692791982.38
0.76 0.40 96.00 1692791982.48
0.78 0.36 96.00 1692791982.58
0.73 0.23 96.00 1692791982.68
0.55 0.11 96.00 1692791982.78
0.39 0.04 96.00 1692791982.88
0.36 0.02 96.00 1692791982.98
0.43 0.03 96.00 1692791983.08
0.54 0.03 96.00 1692791983.18
0.63 0.12 96.00 1692791983.63
0.60 0.05 96.00 1692791983.73
0.57 0.02 96.00 1692791983.83
0.42 0.01 95.00 1692791983.93
0.23 0.01 95.00 1692791984.03
0.24 0.01 95.00 1692791984.13
0.44 0.03 95.00 1692791984.23
0.56 0.07 95.00 1692791984.33
0.49 0.06 95.00 1692791984.43
0.32 0.02 95.00 1692791984.53
0.35 0.06 95.00 1692791984.63
0.41 0.07 95.00 1692791985.08
0.45 0.12 95.00 1692791985.18
0.47 0.17 95.00 1692791985.28
0.48 0.18 95.00 1692791985.38
0.47 0.19 95.00 1692791985.48
0.42 0.18 95.00 1692791985.58
0.32 0.15 95.00 1692791985.68
0.19 0.10 95.00 1692791985.78
0.15 0.09 95.00 1692791985.88
0.20 0.13 95.00 1692791985.98
0.28 0.17 95.00 1692791986.08
0.35 0.20 95.00 1692791986.18
0.38 0.21 95.00 1692791986.28
0.41 0.21 95.00 1692791986.38
0.41 0.21 95.00 1692791986.48
0.43 0.20 95.00 1692791986.59
0.44 0.25 95.00 1692791986.68
0.40 0.30 95.00 1692791986.78
0.37 0.24 95.00 1692791986.89
0.42 0.13 95.00 1692791986.99
0.47 0.07 95.00 1692791987.09
0.47 0.11 95.00 1692791987.19
0.46 0.16 95.00 1692791987.29
0.51 0.23 95.00 1692791987.39
0.55 0.31 95.00 1692791987.49
0.55 0.33 95.00 1692791987.59
0.53 0.27 95.00 1692791987.69
0.55 0.24 95.00 1692791987.79
0.58 0.27 95.00 1692791987.89
0.62 0.39 95.00 1692791987.99
0.72 0.55 95.00 1692791988.09
0.77 0.69 95.00 1692791988.19
0.72 0.77 95.00 1692791988.29
0.67 0.79 95.00 1692791988.39
0.64 0.84 95.00 1692791988.49
0.67 0.93 95.00 1692791988.59
0.76 1.07 95.00 1692791988.69
0.75 1.12 95.00 1692791988.79
0.70 1.03 95.00 1692791988.89
0.74 0.94 95.00 1692791988.99
0.90 0.86 95.00 1692791989.09
1.11 1.17 95.00 1692791989.51
2.50 1.47 95.00 1692791989.60
3.06 2.24 95.00 1692791989.69
3.34 3.30 95.00 1692791989.78
3.63 4.05 95.00 1692791989.88
3.87 4.28 95.00 1692791989.97
3.98 4.48 95.00 1692791990.06
4.22 4.44 94.00 1692791990.15
4.05 4.23 94.00 1692791990.25
3.59 4.34 93.00 1692791990.34
3.63 4.90 92.00 1692791990.43
4.04 5.59 90.00 1692791990.52
4.45 6.45 89.00 1692791990.62
12.39 7.51 88.00 1692791990.71
9.30 10.36 81.00 1692791991.15
9.97 11.03 80.00 1692791991.25
10.35 11.22 80.00 1692791991.35
10.17 11.58 78.00 1692791991.45
9.61 10.94 77.00 1692791991.55
9.96 11.48 75.00 1692791991.65
11.18 12.62 74.00 1692791991.75
12.30 13.67 73.00 1692791991.85
11.95 12.97 72.00 1692791991.95
12.13 12.93 70.00 1692791992.05
13.13 13.97 68.00 1692791992.15
14.27 14.83 66.00 1692791992.25
15.75 16.08 66.00 1692791992.35
17.04 17.82 65.00 1692791992.45
16.91 18.62 63.00 1692791992.55
16.71 18.08 62.00 1692791992.65
17.50 18.64 62.00 1692791992.75
18.28 19.45 62.00 1692791992.85
18.37 19.80 61.00 1692791992.95
18.24 19.86 60.00 1692791993.05
18.45 19.93 60.00 1692791993.15
19.13 20.45 59.00 1692791993.25
19.44 20.75 58.00 1692791993.35
19.75 21.06 57.00 1692791993.45
20.28 21.80 56.00 1692791993.55
20.66 22.44 54.00 1692791993.65
21.07 22.83 54.00 1692791993.75
21.55 23.43 53.00 1692791993.85
21.77 24.19 52.00 1692791993.96
22.10 24.59 52.00 1692791994.06
22.88 25.30 51.00 1692791994.16
23.57 26.15 51.00 1692791994.26
23.71 26.46 50.00 1692791994.36
23.62 26.16 50.00 1692791994.46
23.84 26.06 48.00 1692791994.56
23.97 26.26 47.00 1692791994.66
23.76 26.00 45.00 1692791994.76
24.25 25.81 44.00 1692791994.86
25.55 26.73 43.00 1692791994.96
26.63 27.95 42.00 1692791995.06
27.61 29.33 42.00 1692791995.16
28.37 29.74 41.00 1692791995.26
28.50 29.73 40.00 1692791995.36
28.48 29.65 39.00 1692791995.46
28.85 29.83 38.00 1692791995.56
29.23 30.18 37.00 1692791995.66
29.42 30.39 37.00 1692791995.76
29.48 30.51 36.00 1692791995.86
29.42 30.58 35.00 1692791995.96
29.29 30.51 34.00 1692791996.06
29.22 31.27 33.00 1692791996.16
29.49 31.93 25.00 1692791996.58
30.54 32.26 22.00 1692791996.67
30.85 32.59 20.00 1692791996.76
31.16 33.07 18.00 1692791996.85
31.40 33.35 15.00 1692791996.95
31.55 33.41 11.00 1692791997.04
31.54 33.66 6.00 1692791997.13
31.48 33.76 0.00 1692791997.22
30.79 32.63 0.00 1692791997.32
28.91 30.12 0.00 1692791997.41
25.97 26.48 0.00 1692791997.50
21.31 20.73 0.00 1692791997.59
16.45 15.75 0.00 1692791997.69
14.47 12.57 0.00 1692791997.78
13.17 10.39 0.00 1692791997.87
12.27 9.54 0.00 1692791997.97
11.29 8.78 0.00 1692791998.07
9.22 7.49 0.00 1692791998.17
6.95 5.84 0.00 1692791998.27
5.35 4.54 0.00 1692791998.37
4.43 3.66 0.00 1692791998.47
3.88 3.07 0.00 1692791998.57
3.34 2.33 0.00 1692791998.67
2.93 1.52 0.00 1692791998.77
2.96 0.96 1.00 1692791998.87
3.39 0.88 0.00 1692791998.97
3.87 11.78 0.00 1692791999.07
4.01 1.25 19.00 1692791999.49
1.76 0.62 47.00 1692791999.58
0.74 0.24 73.00 1692791999.67
0.25 0.04 90.00 1692791999.76
0.04 0.01 96.00 1692791999.86
0.01 0.01 96.00 1692791999.95
0.03 0.01 94.00 1692792000.04
0.06 0.01 90.00 1692792000.13
0.06 0.01 90.00 1692792000.23
0.01 0.01 90.00 1692792000.32
0.00 0.00 89.00 1692792000.41
