0.00 0.00 94.00 1692715480.46
0.01 0.00 94.00 1692715480.49
0.00 0.00 94.00 1692715480.59
0.00 0.00 94.00 1692715480.69
0.01 0.00 94.00 1692715480.79
0.00 0.00 94.00 1692715480.89
0.00 0.00 94.00 1692715480.99
0.01 0.00 94.00 1692715481.09
0.02 0.00 94.00 1692715481.19
0.01 0.00 94.00 1692715481.29
0.00 0.00 94.00 1692715481.39
0.00 0.00 94.00 1692715481.50
0.01 0.00 94.00 1692715481.60
0.02 0.01 94.00 1692715481.70
0.01 0.01 94.00 1692715481.80
0.01 0.01 94.00 1692715481.90
0.02 0.01 94.00 1692715482.00
0.02 0.31 94.00 1692715482.10
0.02 0.00 93.00 1692715482.51
0.01 0.00 93.00 1692715482.60
0.02 0.01 93.00 1692715482.69
0.01 0.00 93.00 1692715482.79
0.01 0.00 93.00 1692715482.88
0.01 0.01 93.00 1692715482.97
0.00 0.01 93.00 1692715483.06
0.02 0.00 93.00 1692715483.16
0.02 0.00 93.00 1692715483.25
0.01 0.00 93.00 1692715483.34
0.00 0.00 93.00 1692715483.43
0.01 0.00 93.00 1692715483.53
0.01 0.00 93.00 1692715483.62
0.01 0.00 93.00 1692715483.71
0.01 0.00 93.00 1692715483.80
0.00 0.00 93.00 1692715483.90
0.01 0.00 93.00 1692715484.00
0.01 0.01 93.00 1692715484.10
0.01 0.01 93.00 1692715484.20
0.01 0.01 93.00 1692715484.30
0.01 0.01 93.00 1692715484.40
0.01 0.01 93.00 1692715484.50
0.01 0.01 93.00 1692715484.60
0.01 0.01 93.00 1692715484.70
0.01 0.01 93.00 1692715484.80
0.01 0.01 93.00 1692715484.91
0.01 0.01 93.00 1692715485.01
0.01 0.01 93.00 1692715485.11
0.00 0.01 93.00 1692715485.21
0.00 0.00 93.00 1692715485.31
0.01 0.00 93.00 1692715485.41
0.01 0.00 93.00 1692715485.51
0.01 0.00 93.00 1692715485.61
0.02 0.00 93.00 1692715485.71
0.02 0.00 93.00 1692715485.81
0.01 0.00 93.00 1692715485.91
0.01 0.00 93.00 1692715486.01
0.02 0.01 93.00 1692715486.11
0.02 0.01 93.00 1692715486.21
0.02 0.01 93.00 1692715486.31
0.02 0.02 92.00 1692715486.41
0.02 0.02 91.00 1692715486.51
0.01 0.03 90.00 1692715486.61
0.01 0.03 89.00 1692715486.71
0.01 0.04 88.00 1692715486.81
0.02 0.04 88.00 1692715486.91
0.02 0.04 87.00 1692715487.01
0.03 0.06 86.00 1692715487.11
0.03 0.12 85.00 1692715487.21
0.06 0.28 84.00 1692715487.31
0.19 0.42 84.00 1692715487.41
0.31 1.16 81.00 1692715487.51
0.40 1.84 81.00 1692715487.61
0.38 2.30 81.00 1692715487.71
0.27 2.46 81.00 1692715487.81
0.21 2.44 80.00 1692715487.91
0.43 2.57 80.00 1692715488.01
0.79 2.92 79.00 1692715488.11
1.38 3.51 78.00 1692715488.21
2.22 4.35 77.00 1692715488.32
3.11 5.08 77.00 1692715488.42
3.57 5.48 76.00 1692715488.52
3.37 5.60 76.00 1692715488.62
3.26 5.40 75.00 1692715488.72
3.41 5.49 74.00 1692715488.82
3.70 5.81 74.00 1692715488.92
4.07 6.17 74.00 1692715489.02
4.08 6.19 74.00 1692715489.12
4.16 6.15 73.00 1692715489.22
4.68 6.29 72.00 1692715489.32
5.46 6.76 71.00 1692715489.42
6.47 7.56 70.00 1692715489.52
7.09 8.33 70.00 1692715489.62
7.22 8.46 69.00 1692715489.72
7.46 8.21 69.00 1692715489.82
8.04 8.35 68.00 1692715489.92
8.69 8.34 68.00 1692715490.02
9.21 8.19 66.00 1692715490.12
9.70 8.06 66.00 1692715490.22
10.34 8.13 65.00 1692715490.32
10.82 8.39 65.00 1692715490.42
11.29 8.52 65.00 1692715490.52
11.68 8.70 65.00 1692715490.62
11.96 8.65 64.00 1692715490.72
12.26 8.66 63.00 1692715490.82
12.62 8.78 63.00 1692715490.92
12.96 9.20 62.00 1692715491.02
13.47 9.70 62.00 1692715491.12
14.01 10.41 62.00 1692715491.22
14.42 11.17 62.00 1692715491.32
14.71 12.14 62.00 1692715491.42
14.55 12.87 62.00 1692715491.52
14.02 12.77 61.00 1692715491.62
14.00 12.68 61.00 1692715491.72
14.19 13.10 60.00 1692715491.82
14.34 13.35 60.00 1692715491.93
14.85 13.64 59.00 1692715492.03
15.54 14.07 58.00 1692715492.13
16.47 15.40 57.00 1692715492.23
17.51 16.37 57.00 1692715492.33
18.12 17.04 57.00 1692715492.43
18.30 17.26 57.00 1692715492.53
18.32 17.15 56.00 1692715492.63
18.16 16.96 56.00 1692715492.73
18.22 16.96 55.00 1692715492.83
18.41 17.16 55.00 1692715492.93
18.81 17.60 54.00 1692715493.03
19.45 18.30 54.00 1692715493.13
20.14 19.18 53.00 1692715493.23
20.40 19.91 53.00 1692715493.33
20.37 20.22 52.00 1692715493.43
20.51 20.38 52.00 1692715493.53
20.84 20.74 52.00 1692715493.63
21.30 21.35 50.00 1692715493.73
21.78 22.06 49.00 1692715493.83
22.15 22.80 48.00 1692715493.93
22.76 23.54 47.00 1692715494.03
23.48 24.35 46.00 1692715494.13
24.10 25.08 45.00 1692715494.23
24.83 25.79 44.00 1692715494.33
25.56 26.54 43.00 1692715494.43
26.29 27.27 41.00 1692715494.53
26.85 28.38 40.00 1692715494.63
27.28 28.64 39.00 1692715494.73
27.70 28.85 37.00 1692715494.83
28.20 29.19 35.00 1692715494.93
28.61 29.58 34.00 1692715495.03
28.95 29.88 32.00 1692715495.13
29.33 30.19 29.00 1692715495.23
29.79 30.61 27.00 1692715495.33
30.12 30.86 24.00 1692715495.44
30.38 30.90 19.00 1692715495.54
30.66 31.07 12.00 1692715495.64
30.99 31.57 6.00 1692715495.74
30.97 32.71 0.00 1692715495.84
30.01 31.79 0.00 1692715495.94
27.81 29.24 0.00 1692715496.04
23.88 23.65 0.00 1692715496.14
20.01 18.60 0.00 1692715496.24
17.74 16.24 0.00 1692715496.34
16.10 14.90 0.00 1692715496.44
14.79 14.05 0.00 1692715496.54
13.38 13.76 0.00 1692715496.64
11.74 13.21 0.00 1692715496.74
10.02 12.32 0.00 1692715496.84
8.75 11.41 0.00 1692715496.94
7.56 9.77 0.00 1692715497.04
6.72 8.92 0.00 1692715497.14
6.31 7.43 0.00 1692715497.24
5.75 5.52 0.00 1692715497.34
4.67 3.68 0.00 1692715497.44
3.56 2.23 5.00 1692715497.54
2.71 1.38 20.00 1692715497.64
2.24 1.04 28.00 1692715497.74
2.03 0.75 41.00 1692715497.84
1.80 0.56 59.00 1692715497.94
1.74 0.43 73.00 1692715498.04
1.56 0.57 84.00 1692715498.14
0.90 0.42 91.00 1692715498.24
0.32 0.14 94.00 1692715498.34
0.05 0.02 96.00 1692715498.44
0.00 0.03 96.00 1692715498.54
0.03 0.04 96.00 1692715498.64
0.02 0.02 96.00 1692715498.74
0.02 0.01 96.00 1692715498.84
0.02 0.01 96.00 1692715498.95
0.02 0.01 96.00 1692715499.05
0.03 0.01 96.00 1692715499.15
0.03 0.01 96.00 1692715499.25
0.03 0.01 96.00 1692715499.35
0.02 0.00 96.00 1692715499.45
0.02 0.00 96.00 1692715499.55
0.02 0.00 96.00 1692715499.65
0.02 0.01 96.00 1692715499.75
0.02 0.01 96.00 1692715499.85
0.02 0.01 96.00 1692715499.95
0.02 0.00 96.00 1692715500.05
0.02 0.01 96.00 1692715500.15
0.03 0.01 96.00 1692715500.25
0.03 0.00 96.00 1692715500.35
0.02 0.00 96.00 1692715500.45
0.02 0.00 96.00 1692715500.55
0.02 0.00 96.00 1692715500.65
0.01 0.01 96.00 1692715500.75
0.01 0.01 96.00 1692715500.85
0.02 0.01 96.00 1692715500.95
0.02 0.00 96.00 1692715501.05
0.01 0.00 96.00 1692715501.15
0.01 0.00 96.00 1692715501.25
0.02 0.00 96.00 1692715501.35
0.02 0.00 96.00 1692715501.45
0.02 0.00 96.00 1692715501.55
0.01 0.01 96.00 1692715501.65
0.01 0.00 96.00 1692715501.75
0.01 0.01 96.00 1692715501.85
0.01 0.00 96.00 1692715501.95
0.01 0.01 96.00 1692715502.05
0.01 0.01 96.00 1692715502.15
0.01 0.01 96.00 1692715502.25
0.01 0.00 96.00 1692715502.35
0.01 0.00 96.00 1692715502.46
0.01 0.00 95.00 1692715502.56
0.01 0.01 95.00 1692715502.66
0.01 0.01 95.00 1692715502.76
0.01 0.00 95.00 1692715502.86
0.01 0.00 95.00 1692715502.96
0.01 0.00 95.00 1692715503.06
0.02 0.00 95.00 1692715503.16
0.02 0.01 95.00 1692715503.26
0.02 0.01 95.00 1692715503.36
0.02 0.01 94.00 1692715503.46
0.01 0.01 94.00 1692715503.56
0.00 0.00 94.00 1692715503.66
0.02 0.02 94.00 1692715503.76
0.02 0.08 94.00 1692715503.86
0.03 0.32 92.00 1692715503.96
0.03 0.55 92.00 1692715504.06
0.06 0.99 91.00 1692715504.16
0.21 1.94 90.00 1692715504.26
0.49 2.45 88.00 1692715504.36
0.89 2.90 87.00 1692715504.46
1.26 3.26 86.00 1692715504.56
1.45 3.78 84.00 1692715504.66
1.91 4.56 81.00 1692715504.76
2.92 5.68 81.00 1692715504.86
4.21 6.77 80.00 1692715504.96
5.11 7.10 80.00 1692715505.06
5.50 7.11 80.00 1692715505.16
5.80 7.12 78.00 1692715505.26
6.54 7.31 77.00 1692715505.36
7.09 8.21 77.00 1692715505.46
7.41 8.37 75.00 1692715505.56
7.92 8.69 74.00 1692715505.66
8.61 9.17 73.00 1692715505.76
9.35 9.60 72.00 1692715505.86
9.94 10.08 71.00 1692715505.96
10.53 10.69 70.00 1692715506.07
10.87 11.27 69.00 1692715506.17
11.06 11.65 69.00 1692715506.27
11.88 12.24 68.00 1692715506.37
12.75 12.88 68.00 1692715506.47
12.67 12.62 68.00 1692715506.57
12.38 11.20 66.00 1692715506.67
12.33 10.88 65.00 1692715506.77
12.85 11.39 65.00 1692715506.87
13.95 12.78 64.00 1692715506.97
14.96 14.37 63.00 1692715507.07
15.34 15.54 63.00 1692715507.17
14.85 15.80 63.00 1692715507.27
13.71 15.04 62.00 1692715507.37
13.08 14.09 62.00 1692715507.47
13.51 14.22 60.00 1692715507.57
14.09 15.32 59.00 1692715507.67
14.49 16.28 57.00 1692715507.77
15.30 18.17 56.00 1692715507.87
16.54 19.19 54.00 1692715507.97
17.70 19.92 52.00 1692715508.07
19.23 20.98 51.00 1692715508.17
21.22 22.42 50.00 1692715508.27
22.62 23.53 48.00 1692715508.37
26.65 27.67 40.00 1692715508.82
27.06 27.99 37.00 1692715508.92
27.55 28.28 34.00 1692715509.02
28.20 28.81 31.00 1692715509.12
28.91 29.44 28.00 1692715509.22
29.60 30.08 24.00 1692715509.32
30.15 30.58 20.00 1692715509.42
30.39 31.12 14.00 1692715509.52
30.06 31.33 8.00 1692715509.62
28.22 28.47 0.00 1692715509.72
24.44 22.96 0.00 1692715509.82
19.00 16.38 0.00 1692715509.92
13.94 12.37 0.00 1692715510.02
11.91 10.95 0.00 1692715510.12
11.49 10.76 0.00 1692715510.22
11.34 10.75 0.00 1692715510.32
11.03 10.62 0.00 1692715510.42
10.32 10.18 0.00 1692715510.52
8.55 9.29 0.00 1692715510.62
6.47 7.75 0.00 1692715510.72
4.80 6.25 0.00 1692715510.82
3.57 3.38 0.00 1692715510.92
2.78 2.32 0.00 1692715511.02
2.25 1.38 0.00 1692715511.12
1.66 0.70 5.00 1692715511.22
1.30 0.24 23.00 1692715511.33
1.07 0.10 45.00 1692715511.43
1.00 0.10 62.00 1692715511.53
1.04 0.09 74.00 1692715511.63
0.85 0.31 84.00 1692715511.73
0.32 0.45 95.00 1692715511.83
0.05 0.11 96.00 1692715511.93
0.03 0.03 96.00 1692715512.03
0.01 0.03 96.00 1692715512.13
0.00 0.02 96.00 1692715512.23
0.02 0.02 96.00 1692715512.33
0.03 0.02 96.00 1692715512.43
0.03 0.02 96.00 1692715512.53
0.02 0.02 95.00 1692715512.63
0.01 0.02 96.00 1692715512.73
0.00 0.02 96.00 1692715512.83
0.01 0.00 96.00 1692715512.93
0.01 0.01 96.00 1692715513.03
0.03 0.03 96.00 1692715513.13
0.03 0.04 96.00 1692715513.23
0.02 0.03 96.00 1692715513.33
0.01 0.02 96.00 1692715513.43
0.00 0.03 96.00 1692715513.53
0.01 0.03 96.00 1692715513.63
0.00 0.03 95.00 1692715513.73
0.01 0.01 95.00 1692715513.83
0.00 0.01 95.00 1692715513.93
0.01 0.02 95.00 1692715514.03
0.02 0.00 95.00 1692715514.13
0.03 0.01 95.00 1692715514.23
0.03 0.02 95.00 1692715514.33
0.02 0.02 94.00 1692715514.43
0.02 0.00 94.00 1692715514.53
0.02 0.00 94.00 1692715514.63
0.01 0.01 94.00 1692715514.73
0.01 0.01 94.00 1692715514.84
0.01 0.01 94.00 1692715514.94
0.01 0.01 94.00 1692715515.04
0.01 0.00 95.00 1692715515.14
0.02 0.01 94.00 1692715515.24
0.02 0.01 94.00 1692715515.34
0.02 0.01 94.00 1692715515.44
0.02 0.01 93.00 1692715515.54
0.02 0.02 92.00 1692715515.64
0.02 0.04 90.00 1692715515.74
0.02 0.06 88.00 1692715515.84
0.08 0.49 87.00 1692715515.94
0.35 1.16 87.00 1692715516.04
0.38 1.67 86.00 1692715516.14
0.48 2.22 85.00 1692715516.24
0.74 2.89 81.00 1692715516.34
1.33 3.54 81.00 1692715516.44
2.26 4.17 80.00 1692715516.54
2.84 4.68 79.00 1692715516.64
3.10 4.88 79.00 1692715516.74
3.47 5.06 78.00 1692715516.84
3.82 5.34 76.00 1692715516.94
4.66 5.32 75.00 1692715517.04
6.55 4.93 74.00 1692715517.14
8.26 4.92 73.00 1692715517.24
9.35 4.91 73.00 1692715517.34
10.57 5.45 73.00 1692715517.44
10.74 6.80 72.00 1692715517.54
9.89 7.60 72.00 1692715517.64
9.01 7.70 71.00 1692715517.74
8.49 7.64 71.00 1692715517.84
8.29 7.86 69.00 1692715517.94
8.06 8.48 68.00 1692715518.04
8.52 9.76 65.00 1692715518.14
10.72 11.98 64.00 1692715518.24
13.46 13.77 63.00 1692715518.34
15.10 14.96 63.00 1692715518.44
15.32 14.88 63.00 1692715518.55
14.72 13.79 62.00 1692715518.65
14.39 13.09 62.00 1692715518.75
14.41 13.00 61.00 1692715518.85
14.21 12.88 59.00 1692715518.95
14.62 12.75 58.00 1692715519.05
16.08 13.67 56.00 1692715519.15
17.67 16.14 55.00 1692715519.25
18.82 17.33 53.00 1692715519.35
19.90 18.70 53.00 1692715519.45
20.71 19.80 52.00 1692715519.55
20.74 20.13 51.00 1692715519.65
20.51 20.32 51.00 1692715519.75
20.32 20.62 50.00 1692715519.85
19.67 20.51 48.00 1692715519.95
19.59 20.35 45.00 1692715520.05
20.21 20.70 44.00 1692715520.15
21.35 21.50 42.00 1692715520.25
22.53 22.56 38.00 1692715520.35
23.97 24.50 33.00 1692715520.45
25.86 26.30 28.00 1692715520.55
27.27 27.63 22.00 1692715520.65
28.14 28.55 19.00 1692715520.75
28.22 28.66 14.00 1692715520.85
26.32 26.65 9.00 1692715520.95
21.53 21.72 5.00 1692715521.05
15.34 15.14 0.00 1692715521.15
11.39 9.81 0.00 1692715521.25
9.99 7.60 0.00 1692715521.35
9.34 7.16 0.00 1692715521.45
8.94 6.95 0.00 1692715521.55
8.45 6.37 0.00 1692715521.65
7.49 5.65 0.00 1692715521.75
6.14 4.70 0.00 1692715521.85
4.53 3.61 0.00 1692715521.95
3.08 2.54 0.00 1692715522.05
1.93 1.59 0.00 1692715522.15
1.22 0.89 0.00 1692715522.26
0.90 0.47 0.00 1692715522.36
0.73 0.22 0.00 1692715522.46
0.86 0.08 5.00 1692715522.56
0.83 0.03 31.00 1692715522.66
0.63 0.02 59.00 1692715522.76
0.53 0.00 79.00 1692715522.86
0.45 0.02 92.00 1692715522.96
0.42 0.03 95.00 1692715523.06
0.40 0.04 95.00 1692715523.16
0.29 0.09 92.00 1692715523.26
0.10 0.21 89.00 1692715523.36
0.02 0.10 89.00 1692715523.46
0.01 0.02 89.00 1692715523.56
0.02 0.01 89.00 1692715523.66
0.02 0.01 89.00 1692715523.76
0.02 0.02 89.00 1692715523.86
0.02 0.02 89.00 1692715523.96
0.02 0.01 89.00 1692715524.06
0.02 0.02 89.00 1692715524.16
0.01 0.02 89.00 1692715524.26
0.01 0.01 89.00 1692715524.36
0.01 0.01 89.00 1692715524.46
0.01 0.00 89.00 1692715524.56
0.01 0.00 89.00 1692715524.66
0.01 0.00 89.00 1692715524.76
0.00 0.02 89.00 1692715524.86
0.01 0.02 89.00 1692715524.96
0.01 0.00 89.00 1692715525.06
0.01 0.01 89.00 1692715525.16
0.04 0.00 89.00 1692715525.26
0.13 0.00 89.00 1692715525.36
0.13 0.01 89.00 1692715525.46
0.17 0.01 89.00 1692715525.56
0.32 0.00 89.00 1692715525.66
0.32 0.00 89.00 1692715525.76
0.21 0.01 89.00 1692715525.87
0.34 0.00 89.00 1692715525.97
0.30 0.02 89.00 1692715526.07
0.28 0.02 89.00 1692715526.17
0.18 0.02 89.00 1692715526.27
0.16 0.01 89.00 1692715526.37
0.38 0.01 89.00 1692715526.47
1.74 0.01 89.00 1692715526.57
2.23 47.93 89.00 1692715526.67
0.77 0.03 89.00 1692715527.08
0.11 0.08 89.00 1692715527.17
0.10 0.21 89.00 1692715527.26
0.10 0.44 89.00 1692715527.36
0.10 0.61 89.00 1692715527.45
0.09 0.66 89.00 1692715527.54
0.08 0.64 89.00 1692715527.63
0.09 0.60 89.00 1692715527.73
0.10 0.57 89.00 1692715527.82
0.12 0.56 89.00 1692715527.91
0.14 0.55 89.00 1692715528.00
0.16 0.53 89.00 1692715528.10
0.19 0.51 89.00 1692715528.19
0.26 0.50 89.00 1692715528.28
0.34 0.49 89.00 1692715528.37
0.38 0.49 89.00 1692715528.47
0.44 0.49 89.00 1692715528.57
0.48 0.49 89.00 1692715528.67
0.42 0.48 89.00 1692715528.77
0.30 0.48 89.00 1692715528.87
0.27 0.48 89.00 1692715528.97
0.29 0.48 89.00 1692715529.07
0.33 0.48 89.00 1692715529.17
0.50 0.47 89.00 1692715529.27
0.60 0.45 89.00 1692715529.37
0.64 0.44 89.00 1692715529.47
0.66 0.44 89.00 1692715529.58
0.68 0.44 89.00 1692715529.68
0.59 0.44 89.00 1692715529.78
0.62 0.45 89.00 1692715529.88
0.66 0.45 89.00 1692715529.98
0.58 0.44 89.00 1692715530.08
0.35 0.44 89.00 1692715530.18
0.05 0.07 89.00 1692715530.28
0.04 0.46 89.00 1692715530.69
0.06 0.47 89.00 1692715530.78
0.08 0.54 89.00 1692715530.87
0.07 0.64 89.00 1692715530.97
0.07 0.66 89.00 1692715531.06
0.06 0.58 89.00 1692715531.15
0.05 0.58 89.00 1692715531.24
0.05 0.61 89.00 1692715531.34
0.07 0.56 89.00 1692715531.43
0.07 0.56 89.00 1692715531.52
0.07 0.56 89.00 1692715531.61
0.06 0.60 89.00 1692715531.71
0.06 0.69 89.00 1692715531.80
0.07 0.68 89.00 1692715531.89
0.07 0.61 89.00 1692715531.98
0.07 0.45 89.00 1692715532.08
0.07 0.41 89.00 1692715532.18
0.08 0.47 89.00 1692715532.28
0.09 0.55 89.00 1692715532.38
0.09 0.67 89.00 1692715532.48
0.09 0.84 89.00 1692715532.58
0.09 0.83 89.00 1692715532.68
0.09 0.81 89.00 1692715532.78
