0.14 0.90 93.00 1692878422.38
0.14 0.91 93.00 1692878422.42
0.14 0.93 93.00 1692878422.51
0.14 0.92 93.00 1692878422.60
0.14 0.91 93.00 1692878422.69
0.15 0.98 93.00 1692878422.79
0.14 0.90 93.00 1692878422.89
0.15 0.76 93.00 1692878422.99
0.15 0.68 93.00 1692878423.09
0.16 0.70 93.00 1692878423.19
0.16 0.68 93.00 1692878423.29
0.15 0.60 93.00 1692878423.39
0.16 0.56 93.00 1692878423.49
0.17 0.61 93.00 1692878423.59
0.17 0.71 93.00 1692878423.69
0.18 0.80 93.00 1692878423.79
0.19 0.90 93.00 1692878423.89
0.20 0.99 93.00 1692878423.99
0.18 0.86 93.00 1692878424.09
0.20 0.73 93.00 1692878424.19
0.29 0.77 93.00 1692878424.29
0.51 0.95 93.00 1692878424.39
0.97 1.42 93.00 1692878424.49
1.66 2.19 93.00 1692878424.59
2.09 2.65 93.00 1692878424.69
2.29 2.77 93.00 1692878424.79
2.54 2.88 93.00 1692878424.89
2.69 3.06 93.00 1692878424.99
2.68 3.19 93.00 1692878425.09
2.65 3.14 93.00 1692878425.19
2.74 3.29 93.00 1692878425.29
3.14 3.74 93.00 1692878425.39
3.64 4.32 93.00 1692878425.49
3.98 4.72 93.00 1692878425.59
4.07 4.85 93.00 1692878425.69
4.01 4.82 93.00 1692878425.80
3.96 4.75 93.00 1692878425.90
3.76 4.62 93.00 1692878426.00
3.52 4.42 93.00 1692878426.10
3.38 4.22 93.00 1692878426.20
3.29 4.02 93.00 1692878426.30
3.31 3.85 93.00 1692878426.40
3.36 3.90 93.00 1692878426.50
3.53 4.06 93.00 1692878426.60
3.68 4.17 93.00 1692878426.70
3.85 4.26 93.00 1692878426.80
4.04 4.28 93.00 1692878426.90
4.16 4.19 93.00 1692878427.00
4.09 4.07 93.00 1692878427.10
3.95 3.90 93.00 1692878427.20
4.10 3.77 93.00 1692878427.30
4.60 3.90 93.00 1692878427.40
5.26 4.27 93.00 1692878427.50
5.59 5.04 93.00 1692878427.60
8.75 8.28 92.00 1692878428.05
8.45 8.36 92.00 1692878428.15
8.89 8.95 92.00 1692878428.25
9.64 9.85 92.00 1692878428.35
10.03 10.73 91.00 1692878428.45
10.06 11.38 91.00 1692878428.55
9.94 11.73 90.00 1692878428.65
9.73 11.82 89.00 1692878428.75
9.77 11.85 88.00 1692878428.85
10.01 12.21 87.00 1692878428.95
10.17 12.60 86.00 1692878429.05
10.50 12.69 85.00 1692878429.15
11.10 13.11 84.00 1692878429.25
11.75 13.82 81.00 1692878429.35
12.59 15.44 81.00 1692878429.45
12.97 15.91 80.00 1692878429.55
12.97 15.86 78.00 1692878429.65
13.82 16.63 77.00 1692878429.75
14.87 17.74 75.00 1692878429.85
16.19 18.98 74.00 1692878429.95
17.49 20.51 73.00 1692878430.05
17.53 20.88 72.00 1692878430.15
17.82 21.08 71.00 1692878430.25
18.32 21.63 70.00 1692878430.35
18.65 22.12 68.00 1692878430.46
19.16 22.59 66.00 1692878430.55
19.87 23.96 65.00 1692878430.66
20.30 24.18 63.00 1692878430.76
20.78 24.75 62.00 1692878430.86
21.66 25.65 61.00 1692878430.96
22.76 26.78 61.00 1692878431.06
23.67 27.75 59.00 1692878431.16
24.40 28.51 58.00 1692878431.26
25.06 29.10 56.00 1692878431.36
25.81 29.76 54.00 1692878431.46
26.65 30.69 52.00 1692878431.56
27.23 31.57 51.00 1692878431.66
27.59 32.04 50.00 1692878431.76
27.88 32.50 47.00 1692878431.86
28.46 32.91 45.00 1692878431.96
29.08 33.66 43.00 1692878432.06
29.73 34.26 41.00 1692878432.16
30.37 34.82 39.00 1692878432.26
30.94 35.34 36.00 1692878432.36
31.43 35.74 33.00 1692878432.46
31.95 36.20 29.00 1692878432.56
32.57 36.70 25.00 1692878432.66
33.24 37.22 21.00 1692878432.76
33.64 37.68 16.00 1692878432.86
33.70 37.96 10.00 1692878432.96
33.39 37.99 5.00 1692878433.06
32.98 37.67 0.00 1692878433.16
32.82 37.20 0.00 1692878433.26
33.59 36.93 0.00 1692878433.36
34.21 36.56 0.00 1692878433.46
31.40 33.55 0.00 1692878433.56
25.35 28.20 0.00 1692878433.66
21.27 23.78 0.00 1692878433.76
18.78 21.05 0.00 1692878433.86
15.63 18.66 0.00 1692878433.96
12.05 16.24 0.00 1692878434.06
9.26 14.01 0.00 1692878434.17
7.64 11.97 0.00 1692878434.27
7.00 11.91 0.00 1692878434.37
6.68 11.06 0.00 1692878434.47
6.49 9.38 0.00 1692878434.57
7.27 8.16 0.00 1692878434.67
8.59 7.97 0.00 1692878434.77
9.55 8.30 0.00 1692878434.87
10.34 9.16 0.00 1692878434.97
10.53 10.94 0.00 1692878435.07
10.32 12.36 0.00 1692878435.17
9.19 13.07 0.00 1692878435.27
6.77 11.17 0.00 1692878435.37
4.19 3.98 0.00 1692878435.47
3.00 2.14 0.00 1692878435.57
2.92 1.47 0.00 1692878435.67
3.21 1.62 0.00 1692878435.77
3.29 1.93 0.00 1692878435.87
3.29 2.03 11.00 1692878435.97
3.48 2.01 17.00 1692878436.07
4.00 1.56 23.00 1692878436.17
4.82 0.88 35.00 1692878436.27
5.17 0.31 51.00 1692878436.37
5.08 0.16 70.00 1692878436.47
5.08 0.35 83.00 1692878436.57
4.96 2.78 89.00 1692878436.67
4.97 3.86 91.00 1692878436.77
4.38 4.10 93.00 1692878436.87
3.36 4.61 94.00 1692878436.97
2.22 3.24 88.00 1692878437.39
1.40 3.31 88.00 1692878437.48
1.84 3.46 88.00 1692878437.57
2.48 3.37 88.00 1692878437.66
3.12 3.05 88.00 1692878437.76
3.49 2.74 88.00 1692878437.85
3.66 2.56 88.00 1692878437.94
3.73 2.91 88.00 1692878438.03
3.83 3.43 88.00 1692878438.13
4.02 4.06 88.00 1692878438.22
4.23 4.87 88.00 1692878438.31
4.55 5.81 88.00 1692878438.40
5.02 6.41 88.00 1692878438.50
5.52 6.61 87.00 1692878438.59
5.70 6.72 87.00 1692878438.68
5.69 6.87 87.00 1692878438.78
5.61 7.07 87.00 1692878438.88
5.41 7.10 87.00 1692878438.98
5.52 7.33 87.00 1692878439.08
6.32 8.01 87.00 1692878439.18
7.53 8.92 87.00 1692878439.28
8.26 9.59 87.00 1692878439.38
8.41 9.95 87.00 1692878439.48
8.39 10.05 87.00 1692878439.58
8.49 10.11 87.00 1692878439.68
8.88 10.26 86.00 1692878439.78
9.68 10.71 86.00 1692878439.88
10.62 12.06 86.00 1692878439.98
11.01 12.23 86.00 1692878440.08
11.16 12.35 85.00 1692878440.18
11.15 12.50 85.00 1692878440.28
10.87 12.39 85.00 1692878440.38
10.35 12.03 85.00 1692878440.48
10.02 11.63 85.00 1692878440.58
10.25 11.81 85.00 1692878440.68
10.48 12.03 85.00 1692878440.78
10.77 12.24 85.00 1692878440.89
11.01 12.62 85.00 1692878440.98
10.96 12.77 85.00 1692878441.08
11.02 12.83 85.00 1692878441.19
10.95 13.03 85.00 1692878441.29
10.89 13.20 85.00 1692878441.39
10.59 12.98 85.00 1692878441.49
9.84 12.11 85.00 1692878441.59
8.93 10.98 85.00 1692878441.69
8.57 10.39 85.00 1692878441.79
8.59 10.32 85.00 1692878441.89
8.80 10.47 85.00 1692878441.99
9.23 11.05 85.00 1692878442.09
9.01 11.54 85.00 1692878442.19
8.45 10.95 85.00 1692878442.29
7.93 9.91 85.00 1692878442.39
7.85 9.72 84.00 1692878442.49
9.03 10.70 82.00 1692878442.59
10.91 12.53 81.00 1692878442.69
12.49 14.27 81.00 1692878442.79
13.28 15.16 80.00 1692878442.89
14.01 15.69 80.00 1692878442.99
14.78 16.11 79.00 1692878443.09
15.69 16.61 78.00 1692878443.19
15.82 17.59 77.00 1692878443.29
15.13 17.04 76.00 1692878443.39
16.22 16.51 76.00 1692878443.49
16.80 18.16 74.00 1692878443.59
16.38 17.74 73.00 1692878443.69
17.02 18.40 73.00 1692878443.79
18.10 19.53 72.00 1692878443.89
18.62 20.12 71.00 1692878443.99
18.65 20.06 70.00 1692878444.09
18.91 20.08 69.00 1692878444.19
19.60 20.94 69.00 1692878444.29
19.98 21.70 68.00 1692878444.39
20.60 21.93 66.00 1692878444.49
21.33 22.64 66.00 1692878444.59
21.34 23.38 65.00 1692878444.70
21.56 23.75 64.00 1692878444.80
22.05 24.20 63.00 1692878444.90
21.91 23.92 62.00 1692878445.00
22.02 24.16 62.00 1692878445.10
22.82 25.34 62.00 1692878445.20
23.61 26.48 62.00 1692878445.30
23.78 26.74 61.00 1692878445.40
23.89 26.61 60.00 1692878445.50
24.48 27.08 60.00 1692878445.60
25.04 27.90 59.00 1692878445.70
25.14 28.38 59.00 1692878445.80
25.26 28.25 58.00 1692878445.90
25.81 29.30 58.00 1692878446.00
25.96 29.49 58.00 1692878446.10
25.45 29.04 57.00 1692878446.20
25.05 28.49 56.00 1692878446.30
25.21 28.41 54.00 1692878446.40
25.75 28.67 53.00 1692878446.50
26.52 29.38 52.00 1692878446.60
27.12 30.17 51.00 1692878446.70
27.65 30.64 50.00 1692878446.80
28.24 31.07 49.00 1692878446.90
28.49 31.50 48.00 1692878447.00
28.63 31.74 46.00 1692878447.10
28.73 31.75 45.00 1692878447.20
28.93 31.76 43.00 1692878447.30
29.17 31.96 41.00 1692878447.40
29.38 32.29 39.00 1692878447.50
29.69 32.57 35.00 1692878447.60
30.02 32.83 32.00 1692878447.70
30.31 33.00 28.00 1692878447.80
30.34 33.12 23.00 1692878447.90
30.49 33.31 17.00 1692878448.00
30.88 33.80 12.00 1692878448.11
30.73 34.26 6.00 1692878448.21
29.30 34.12 0.00 1692878448.31
26.23 28.84 0.00 1692878448.41
21.42 23.33 0.00 1692878448.51
17.05 18.67 0.00 1692878448.61
14.09 15.59 0.00 1692878448.71
12.46 14.03 0.00 1692878448.81
11.58 13.47 0.00 1692878448.91
9.96 12.49 0.00 1692878449.01
7.55 10.50 0.00 1692878449.11
5.48 8.67 0.00 1692878449.21
3.82 7.58 0.00 1692878449.31
