0.15 0.51 94.00 1692708377.62
0.15 0.51 94.00 1692708377.66
0.16 0.52 94.00 1692708377.75
0.15 0.51 94.00 1692708377.85
0.15 0.51 94.00 1692708377.95
0.16 0.52 94.00 1692708378.05
0.16 0.53 94.00 1692708378.15
0.15 0.53 94.00 1692708378.25
0.15 0.53 94.00 1692708378.35
0.15 0.53 94.00 1692708378.45
0.15 0.53 94.00 1692708378.55
0.15 0.53 94.00 1692708378.65
0.15 0.53 94.00 1692708378.75
0.16 0.54 94.00 1692708378.85
0.16 0.53 94.00 1692708378.95
0.17 0.53 94.00 1692708379.05
0.16 0.53 94.00 1692708379.15
0.14 0.53 94.00 1692708379.25
0.14 0.53 94.00 1692708379.35
0.14 0.53 94.00 1692708379.45
0.15 0.53 94.00 1692708379.55
0.15 0.53 94.00 1692708379.65
0.15 0.54 94.00 1692708379.75
0.15 0.53 94.00 1692708379.85
0.14 0.53 94.00 1692708379.95
0.14 0.53 94.00 1692708380.05
0.14 0.52 94.00 1692708380.15
0.14 0.53 94.00 1692708380.25
0.14 0.52 94.00 1692708380.35
0.14 0.52 94.00 1692708380.45
0.13 0.51 94.00 1692708380.55
0.14 0.51 94.00 1692708380.65
0.15 0.51 94.00 1692708380.75
0.14 0.51 94.00 1692708380.85
0.14 0.51 94.00 1692708380.95
0.15 0.52 94.00 1692708381.05
0.16 0.53 93.00 1692708381.15
0.16 0.53 93.00 1692708381.25
0.19 0.53 93.00 1692708381.35
0.27 0.54 93.00 1692708381.45
0.50 0.64 93.00 1692708381.55
0.99 1.21 93.00 1692708381.65
1.26 1.66 93.00 1692708381.75
1.19 1.72 93.00 1692708381.85
1.23 1.66 93.00 1692708381.95
1.02 1.75 93.00 1692708382.05
0.99 2.31 92.00 1692708382.15
1.26 2.88 92.00 1692708382.25
1.93 3.55 92.00 1692708382.35
2.50 4.29 92.00 1692708382.45
2.79 4.78 92.00 1692708382.55
2.81 4.81 92.00 1692708382.65
2.90 4.76 92.00 1692708382.75
3.03 4.81 91.00 1692708382.85
3.16 4.87 90.00 1692708382.95
3.64 5.14 89.00 1692708383.05
4.45 5.90 89.00 1692708383.15
4.92 6.84 89.00 1692708383.25
4.59 6.53 89.00 1692708383.35
4.30 6.32 88.00 1692708383.45
4.71 6.79 88.00 1692708383.55
5.03 7.14 87.00 1692708383.65
5.47 7.35 87.00 1692708383.75
6.14 7.96 86.00 1692708383.85
6.69 8.61 86.00 1692708383.95
6.90 8.96 86.00 1692708384.05
6.46 8.80 86.00 1692708384.15
5.81 8.15 85.00 1692708384.25
5.91 7.58 84.00 1692708384.35
6.61 7.79 82.00 1692708384.45
7.42 9.53 82.00 1692708384.55
8.36 10.80 81.00 1692708384.65
8.85 11.22 81.00 1692708384.75
8.84 10.90 80.00 1692708384.85
8.97 10.80 79.00 1692708384.95
9.69 11.62 79.00 1692708385.05
10.67 12.69 78.00 1692708385.15
11.42 13.47 78.00 1692708385.25
11.20 13.46 78.00 1692708385.35
10.75 12.80 78.00 1692708385.45
10.79 12.46 77.00 1692708385.55
11.06 12.82 77.00 1692708385.65
11.39 13.53 76.00 1692708385.75
11.84 13.88 75.00 1692708385.85
12.33 14.27 74.00 1692708385.95
12.76 14.69 74.00 1692708386.05
13.12 14.89 74.00 1692708386.15
13.47 15.18 73.00 1692708386.25
13.70 15.33 73.00 1692708386.35
13.76 15.31 72.00 1692708386.45
14.04 15.68 72.00 1692708386.55
14.42 16.15 71.00 1692708386.65
14.42 16.31 71.00 1692708386.75
14.44 15.96 70.00 1692708386.85
14.73 16.53 70.00 1692708386.95
15.15 16.76 70.00 1692708387.05
15.82 17.08 70.00 1692708387.15
16.36 17.81 70.00 1692708387.25
16.38 17.89 70.00 1692708387.35
16.45 17.53 69.00 1692708387.45
16.82 17.79 68.00 1692708387.55
17.29 18.38 67.00 1692708387.65
17.79 19.07 66.00 1692708387.75
18.16 19.66 65.00 1692708387.85
17.56 19.80 65.00 1692708387.95
17.36 19.82 64.00 1692708388.05
18.49 21.68 63.00 1692708388.15
19.54 22.26 63.00 1692708388.25
19.89 22.04 62.00 1692708388.35
20.05 21.65 62.00 1692708388.45
20.45 21.83 62.00 1692708388.55
20.99 22.40 61.00 1692708388.65
21.39 22.90 60.00 1692708388.75
21.80 23.41 59.00 1692708388.85
22.39 24.04 58.00 1692708388.95
22.83 24.84 57.00 1692708389.05
23.30 25.58 56.00 1692708389.15
23.53 25.99 55.00 1692708389.25
23.46 25.73 54.00 1692708389.35
23.58 25.63 53.00 1692708389.45
24.03 26.26 51.00 1692708389.55
24.92 27.60 51.00 1692708389.65
25.83 28.94 50.00 1692708389.75
26.58 30.10 49.00 1692708389.85
27.54 31.22 48.00 1692708389.95
28.55 32.32 47.00 1692708390.05
28.75 32.95 47.00 1692708390.15
28.54 32.62 46.00 1692708390.25
28.87 32.20 45.00 1692708390.35
29.37 92.67 45.00 1692708390.45
29.30 0.90 45.00 1692708390.55
29.17 32.26 44.00 1692708390.65
29.95 32.74 44.00 1692708390.75
30.94 33.41 44.00 1692708390.85
31.06 33.45 43.00 1692708390.95
31.13 33.22 42.00 1692708391.05
31.66 33.55 42.00 1692708391.15
32.09 33.85 41.00 1692708391.25
32.22 33.83 41.00 1692708391.35
32.17 33.74 41.00 1692708391.45
31.82 33.38 40.00 1692708391.55
31.86 33.13 39.00 1692708391.65
32.55 33.82 37.00 1692708391.75
33.33 34.75 36.00 1692708391.85
33.83 35.37 35.00 1692708391.95
34.23 35.70 35.00 1692708392.05
34.64 36.15 34.00 1692708392.15
35.03 36.64 33.00 1692708392.25
35.58 37.19 32.00 1692708392.35
36.06 37.76 31.00 1692708392.45
36.29 38.16 29.00 1692708392.55
36.35 38.18 29.00 1692708392.65
36.24 38.09 28.00 1692708392.75
36.30 38.01 26.00 1692708392.85
36.54 38.33 24.00 1692708392.95
36.84 38.79 22.00 1692708393.05
37.34 39.37 20.00 1692708393.15
37.76 40.00 18.00 1692708393.25
37.99 40.40 16.00 1692708393.35
38.20 40.64 12.00 1692708393.45
38.19 40.94 9.00 1692708393.55
38.09 40.95 4.00 1692708393.65
37.59 40.84 0.00 1692708393.75
35.73 40.29 0.00 1692708393.85
33.05 38.60 0.00 1692708393.95
30.56 31.48 0.00 1692708394.05
27.50 25.75 0.00 1692708394.15
23.01 20.58 0.00 1692708394.25
19.95 18.14 0.00 1692708394.35
19.76 17.06 0.00 1692708394.45
20.43 17.63 0.00 1692708394.55
20.12 18.60 0.00 1692708394.65
18.40 18.34 0.00 1692708394.75
15.79 16.69 0.00 1692708394.85
13.28 14.71 0.00 1692708394.95
11.31 13.14 0.00 1692708395.05
9.71 11.76 0.00 1692708395.15
8.44 8.82 0.00 1692708395.25
7.38 7.35 0.00 1692708395.35
6.64 6.28 0.00 1692708395.45
6.39 5.40 0.00 1692708395.55
5.62 4.41 0.00 1692708395.65
4.61 3.27 0.00 1692708395.75
4.05 2.52 0.00 1692708395.85
3.67 2.03 0.00 1692708395.95
3.32 1.81 0.00 1692708396.05
2.81 1.49 0.00 1692708396.15
2.57 1.17 2.00 1692708396.25
2.53 0.91 15.00 1692708396.35
2.93 1.50 31.00 1692708396.45
3.44 1.77 47.00 1692708396.55
4.02 2.50 62.00 1692708396.65
3.31 2.07 75.00 1692708396.75
1.90 1.04 89.00 1692708396.85
0.76 0.58 96.00 1692708396.95
0.30 0.53 96.00 1692708397.05
0.19 0.52 96.00 1692708397.15
0.13 0.52 96.00 1692708397.25
0.10 0.50 94.00 1692708397.35
0.09 0.48 93.00 1692708397.45
0.08 0.48 93.00 1692708397.55
0.08 0.48 93.00 1692708397.65
0.07 0.48 93.00 1692708397.75
0.07 0.48 93.00 1692708397.85
0.07 0.48 93.00 1692708397.95
0.06 0.48 93.00 1692708398.05
0.06 0.48 93.00 1692708398.15
0.06 0.48 93.00 1692708398.25
0.07 0.48 93.00 1692708398.35
0.08 0.49 93.00 1692708398.45
0.08 0.48 93.00 1692708398.55
0.09 0.49 93.00 1692708398.65
0.09 0.49 93.00 1692708398.75
0.09 0.49 92.00 1692708398.85
0.09 0.49 92.00 1692708398.95
0.09 0.49 92.00 1692708399.05
0.09 0.49 92.00 1692708399.15
0.08 0.49 92.00 1692708399.25
0.08 0.49 92.00 1692708399.35
0.09 0.49 92.00 1692708399.45
0.09 0.49 92.00 1692708399.55
0.08 0.48 92.00 1692708399.65
0.07 0.49 92.00 1692708399.75
0.07 0.49 92.00 1692708399.85
0.07 0.49 92.00 1692708399.95
0.07 0.49 92.00 1692708400.05
0.08 0.49 92.00 1692708400.15
0.07 0.49 92.00 1692708400.25
0.06 0.49 92.00 1692708400.35
0.06 0.49 92.00 1692708400.45
0.07 0.49 92.00 1692708400.55
0.07 0.49 92.00 1692708400.65
0.07 0.49 92.00 1692708400.75
0.07 0.49 92.00 1692708400.85
0.07 0.49 92.00 1692708400.95
0.07 0.49 92.00 1692708401.05
0.06 0.48 92.00 1692708401.15
0.07 0.49 92.00 1692708401.25
0.07 0.49 92.00 1692708401.35
0.07 0.48 91.00 1692708401.45
0.07 0.49 91.00 1692708401.55
0.09 0.49 92.00 1692708401.65
0.09 0.48 91.00 1692708401.75
0.08 0.49 91.00 1692708401.85
0.09 0.49 91.00 1692708401.95
0.10 0.49 91.00 1692708402.05
0.10 0.49 91.00 1692708402.15
0.10 0.49 91.00 1692708402.25
0.10 0.49 91.00 1692708402.35
0.10 0.49 91.00 1692708402.45
0.10 0.49 91.00 1692708402.55
0.07 0.49 91.00 1692708402.65
0.07 0.49 91.00 1692708402.75
0.08 0.49 91.00 1692708402.85
0.09 0.49 91.00 1692708402.95
0.09 0.49 91.00 1692708403.05
0.09 0.49 91.00 1692708403.15
0.09 0.49 91.00 1692708403.25
0.09 0.49 91.00 1692708403.35
0.08 0.49 91.00 1692708403.45
0.09 0.49 91.00 1692708403.55
0.09 0.49 91.00 1692708403.65
0.08 0.48 91.00 1692708403.75
0.09 0.49 91.00 1692708403.85
0.10 0.49 91.00 1692708403.95
0.09 0.49 91.00 1692708404.05
0.08 0.49 91.00 1692708404.15
0.08 0.48 91.00 1692708404.25
0.09 0.48 91.00 1692708404.35
0.09 0.49 91.00 1692708404.45
0.09 0.49 91.00 1692708404.55
0.09 0.48 91.00 1692708404.65
0.09 0.48 91.00 1692708404.75
0.09 0.49 91.00 1692708404.85
0.10 0.49 91.00 1692708404.95
0.10 0.49 91.00 1692708405.05
0.10 0.49 91.00 1692708405.15
0.10 0.49 91.00 1692708405.25
0.11 0.49 91.00 1692708405.35
0.11 0.49 91.00 1692708405.45
0.11 0.49 91.00 1692708405.55
0.10 0.50 91.00 1692708405.65
0.10 0.50 91.00 1692708405.75
0.10 0.49 90.00 1692708405.85
0.11 0.52 89.00 1692708405.95
0.13 0.53 88.00 1692708406.05
0.25 0.58 88.00 1692708406.15
0.49 0.72 88.00 1692708406.25
0.60 0.84 88.00 1692708406.35
0.53 0.78 88.00 1692708406.45
0.31 0.63 88.00 1692708406.55
0.16 0.54 88.00 1692708406.65
0.12 0.52 88.00 1692708406.75
0.16 0.52 88.00 1692708406.85
0.15 0.52 88.00 1692708406.95
0.12 0.52 88.00 1692708407.05
0.11 0.51 88.00 1692708407.15
0.11 0.51 88.00 1692708407.25
0.11 0.52 88.00 1692708407.35
0.11 0.51 88.00 1692708407.45
0.10 0.51 88.00 1692708407.55
0.10 0.50 88.00 1692708407.65
0.10 0.48 88.00 1692708407.75
0.10 0.48 88.00 1692708407.85
0.10 0.47 88.00 1692708407.95
0.10 0.48 88.00 1692708408.05
0.11 0.49 88.00 1692708408.15
0.11 0.49 88.00 1692708408.25
0.10 0.49 88.00 1692708408.35
0.10 0.49 88.00 1692708408.45
0.10 0.50 88.00 1692708408.55
0.10 0.50 88.00 1692708408.65
0.11 0.51 88.00 1692708408.75
0.11 0.52 88.00 1692708408.85
0.11 0.52 86.00 1692708408.95
0.12 0.52 86.00 1692708409.05
0.23 0.53 85.00 1692708409.15
0.65 0.69 85.00 1692708409.25
0.89 0.99 85.00 1692708409.35
0.88 0.91 84.00 1692708409.45
0.94 0.80 84.00 1692708409.55
0.90 0.70 83.00 1692708409.65
1.38 0.65 83.00 1692708409.75
2.78 2.26 80.00 1692708410.19
3.21 2.54 79.00 1692708410.29
3.72 2.85 79.00 1692708410.39
4.27 3.30 79.00 1692708410.49
4.63 3.49 78.00 1692708410.59
4.71 3.49 78.00 1692708410.69
4.88 3.62 78.00 1692708410.79
4.70 3.77 78.00 1692708410.89
4.30 3.73 77.00 1692708410.99
4.18 3.67 77.00 1692708411.09
4.72 3.81 77.00 1692708411.19
5.20 4.29 77.00 1692708411.29
5.23 4.64 77.00 1692708411.39
5.11 4.47 76.00 1692708411.49
5.16 4.54 75.00 1692708411.59
5.57 4.89 75.00 1692708411.69
5.88 5.11 74.00 1692708411.79
6.14 5.24 74.00 1692708411.89
6.62 5.48 73.00 1692708411.99
6.98 5.86 73.00 1692708412.09
7.00 6.01 73.00 1692708412.19
7.20 5.98 72.00 1692708412.29
7.39 6.09 72.00 1692708412.39
7.60 6.18 71.00 1692708412.49
7.98 6.63 71.00 1692708412.59
8.07 6.70 71.00 1692708412.69
8.33 6.89 70.00 1692708412.79
8.37 7.16 70.00 1692708412.89
8.39 7.32 70.00 1692708412.99
8.77 7.62 70.00 1692708413.09
9.00 7.87 69.00 1692708413.19
9.19 7.95 68.00 1692708413.29
9.41 8.03 68.00 1692708413.39
9.79 8.13 68.00 1692708413.49
10.36 8.30 66.00 1692708413.59
10.98 9.24 66.00 1692708413.69
11.72 10.13 66.00 1692708413.79
11.97 10.40 66.00 1692708413.89
11.84 9.98 66.00 1692708413.99
11.69 9.85 66.00 1692708414.09
11.27 9.71 65.00 1692708414.19
11.24 9.73 64.00 1692708414.29
11.69 10.43 64.00 1692708414.39
12.04 10.97 64.00 1692708414.49
12.64 11.27 64.00 1692708414.59
13.21 11.66 63.00 1692708414.69
13.71 11.92 63.00 1692708414.79
14.47 12.89 63.00 1692708414.89
15.25 13.56 62.00 1692708414.99
15.03 13.06 62.00 1692708415.09
14.15 12.01 62.00 1692708415.19
14.34 12.20 62.00 1692708415.29
15.17 13.56 61.00 1692708415.39
16.08 14.70 61.00 1692708415.49
16.38 15.23 60.00 1692708415.59
16.41 15.32 60.00 1692708415.69
16.62 15.73 60.00 1692708415.79
16.93 16.26 60.00 1692708415.89
17.03 16.59 60.00 1692708415.99
16.68 16.21 59.00 1692708416.09
16.50 16.25 59.00 1692708416.19
17.05 17.14 59.00 1692708416.29
17.66 17.64 58.00 1692708416.39
18.08 17.92 57.00 1692708416.49
18.63 18.79 56.00 1692708416.59
18.75 19.46 56.00 1692708416.69
18.61 19.71 55.00 1692708416.79
18.99 19.99 54.00 1692708416.89
19.60 20.65 54.00 1692708416.99
20.07 21.09 53.00 1692708417.09
20.35 21.43 53.00 1692708417.19
20.12 21.46 52.00 1692708417.29
20.40 21.35 51.00 1692708417.39
21.14 22.15 51.00 1692708417.49
21.99 23.11 51.00 1692708417.59
22.79 24.08 50.00 1692708417.69
23.27 24.75 50.00 1692708417.79
23.48 24.98 49.00 1692708417.89
23.62 24.76 48.00 1692708417.99
24.02 24.76 47.00 1692708418.09
24.49 25.16 46.00 1692708418.19
24.76 25.32 45.00 1692708418.29
25.24 25.60 44.00 1692708418.39
25.59 26.82 44.00 1692708418.49
26.12 27.36 42.00 1692708418.59
26.64 27.72 41.00 1692708418.69
27.14 27.89 40.00 1692708418.79
27.96 28.50 38.00 1692708418.89
28.63 29.50 36.00 1692708418.99
29.19 30.32 35.00 1692708419.09
29.78 31.00 34.00 1692708419.19
30.41 31.45 31.00 1692708419.29
30.80 31.71 30.00 1692708419.39
31.16 31.95 29.00 1692708419.49
31.20 31.89 28.00 1692708419.59
30.81 31.08 25.00 1692708419.69
30.87 31.17 22.00 1692708419.79
31.46 31.89 20.00 1692708419.89
32.35 33.02 17.00 1692708419.99
33.29 34.12 13.00 1692708420.09
34.25 35.11 6.00 1692708420.19
35.11 36.10 0.00 1692708420.29
35.58 36.94 0.00 1692708420.39
35.57 37.61 0.00 1692708420.49
34.50 37.18 0.00 1692708420.59
33.20 35.69 0.00 1692708420.69
29.59 33.18 0.00 1692708420.79
23.51 21.54 0.00 1692708420.89
20.41 18.96 0.00 1692708420.99
19.87 18.62 0.00 1692708421.09
19.90 18.95 0.00 1692708421.19
19.78 19.26 0.00 1692708421.29
19.14 18.99 0.00 1692708421.39
17.74 18.21 0.00 1692708421.49
15.53 16.86 0.00 1692708421.59
12.98 15.19 0.00 1692708421.69
10.91 13.86 0.00 1692708421.79
9.35 12.87 0.00 1692708421.89
7.94 11.61 0.00 1692708421.99
6.61 7.26 0.00 1692708422.09
5.59 5.31 0.00 1692708422.19
4.76 3.87 0.00 1692708422.29
3.93 3.13 0.00 1692708422.39
3.18 2.62 0.00 1692708422.49
2.65 2.04 0.00 1692708422.59
2.23 1.40 0.00 1692708422.69
2.24 0.99 0.00 1692708422.79
2.57 1.06 9.00 1692708422.89
2.75 1.32 26.00 1692708422.99
2.06 1.37 47.00 1692708423.09
0.67 0.75 71.00 1692708423.19
0.13 0.47 91.00 1692708423.29
0.09 0.46 96.00 1692708423.39
0.07 0.46 95.00 1692708423.49
0.07 0.47 96.00 1692708423.59
0.06 0.47 95.00 1692708423.69
0.07 0.47 91.00 1692708423.79
0.07 0.47 91.00 1692708423.89
0.07 0.47 91.00 1692708423.99
0.08 0.47 90.00 1692708424.09
0.09 0.47 90.00 1692708424.19
0.09 0.47 90.00 1692708424.29
0.08 0.47 90.00 1692708424.39
0.09 0.47 90.00 1692708424.49
0.10 0.47 90.00 1692708424.59
0.09 0.47 90.00 1692708424.69
0.08 0.47 90.00 1692708424.79
0.07 0.47 90.00 1692708424.89
0.08 0.46 90.00 1692708424.99
0.10 0.47 90.00 1692708425.09
0.09 0.47 90.00 1692708425.19
0.08 0.47 90.00 1692708425.29
0.08 0.47 90.00 1692708425.39
0.08 0.47 90.00 1692708425.49
0.09 0.47 90.00 1692708425.59
0.09 0.47 90.00 1692708425.69
0.09 0.48 90.00 1692708425.79
0.09 0.47 90.00 1692708425.89
0.08 0.47 90.00 1692708425.99
0.08 0.47 90.00 1692708426.09
0.08 0.48 89.00 1692708426.19
0.07 0.47 89.00 1692708426.29
0.07 0.46 89.00 1692708426.39
0.09 0.46 89.00 1692708426.49
0.10 0.47 89.00 1692708426.59
0.11 0.48 89.00 1692708426.69
0.28 0.52 89.00 1692708426.79
0.66 0.60 89.00 1692708426.89
0.68 0.67 89.00 1692708426.99
0.90 0.68 88.00 1692708427.09
0.78 0.66 88.00 1692708427.19
0.59 0.59 88.00 1692708427.29
0.46 0.54 88.00 1692708427.39
0.26 0.52 88.00 1692708427.49
0.16 0.51 88.00 1692708427.59
0.16 0.51 88.00 1692708427.69
0.13 0.51 88.00 1692708427.79
0.13 0.50 88.00 1692708427.89
0.11 0.50 88.00 1692708427.99
0.08 0.50 87.00 1692708428.09
0.12 0.51 86.00 1692708428.19
0.66 0.83 85.00 1692708428.29
1.69 1.62 85.00 1692708428.39
1.88 1.91 85.00 1692708428.49
1.66 1.82 84.00 1692708428.59
1.56 1.82 83.00 1692708428.69
2.17 2.23 82.00 1692708428.79
3.26 3.38 82.00 1692708428.89
3.78 4.38 82.00 1692708428.99
3.50 4.73 82.00 1692708429.09
3.28 5.29 82.00 1692708429.19
3.29 6.17 82.00 1692708429.29
3.42 6.59 82.00 1692708429.39
3.93 6.99 81.00 1692708429.49
4.75 7.93 82.00 1692708429.59
5.22 8.67 81.00 1692708429.69
5.44 8.88 80.00 1692708429.78
5.59 8.61 80.00 1692708429.88
6.00 8.19 79.00 1692708429.98
6.75 8.03 78.00 1692708430.08
7.18 8.35 77.00 1692708430.18
7.48 8.71 75.00 1692708430.28
8.14 9.81 74.00 1692708430.38
9.70 11.58 74.00 1692708430.48
11.14 12.90 74.00 1692708430.58
11.16 12.37 74.00 1692708430.68
10.29 191.08 74.00 1692708430.78
9.51 12.73 70.00 1692708431.19
11.46 13.31 69.00 1692708431.29
12.49 13.02 69.00 1692708431.38
12.69 12.47 69.00 1692708431.47
12.41 12.01 68.00 1692708431.57
12.08 11.99 68.00 1692708431.66
12.16 12.13 68.00 1692708431.75
12.39 12.58 67.00 1692708431.84
12.74 13.49 67.00 1692708431.93
13.48 14.77 67.00 1692708432.02
14.15 14.80 67.00 1692708432.12
13.70 13.25 67.00 1692708432.21
12.79 12.27 66.00 1692708432.30
13.09 12.93 66.00 1692708432.39
13.43 13.39 65.00 1692708432.49
13.85 13.89 65.00 1692708432.58
14.79 14.91 64.00 1692708432.68
15.84 15.96 64.00 1692708432.78
15.84 16.02 64.00 1692708432.88
15.29 14.85 64.00 1692708432.98
15.36 14.63 62.00 1692708433.39
15.93 15.37 62.00 1692708433.49
16.81 16.27 62.00 1692708433.58
17.96 16.90 62.00 1692708433.67
18.52 17.39 62.00 1692708433.76
18.84 17.00 62.00 1692708433.86
18.66 15.94 62.00 1692708433.95
18.18 15.55 62.00 1692708434.04
18.10 15.58 61.00 1692708434.13
17.98 15.52 60.00 1692708434.22
17.97 16.26 59.00 1692708434.32
18.93 17.96 59.00 1692708434.41
20.23 19.36 59.00 1692708434.50
20.79 20.00 58.00 1692708434.59
20.72 19.98 57.00 1692708434.69
20.86 20.37 56.00 1692708434.78
21.70 21.47 56.00 1692708434.88
22.24 22.11 56.00 1692708434.98
21.75 21.67 55.00 1692708435.08
21.45 21.12 55.00 1692708435.18
21.77 21.27 54.00 1692708435.28
22.19 21.92 54.00 1692708435.38
22.24 22.15 53.00 1692708435.48
22.08 21.62 53.00 1692708435.58
22.55 21.11 52.00 1692708435.68
23.28 21.81 51.00 1692708435.78
23.62 22.68 51.00 1692708435.88
23.87 23.56 50.00 1692708435.98
24.26 23.94 49.00 1692708436.08
24.56 24.55 47.00 1692708436.18
24.74 25.09 45.00 1692708436.28
24.94 25.32 45.00 1692708436.38
25.03 25.57 44.00 1692708436.48
25.13 26.12 43.00 1692708436.58
25.27 26.52 42.00 1692708436.68
25.49 26.50 41.00 1692708436.78
25.76 26.74 41.00 1692708436.88
25.99 26.83 40.00 1692708436.98
26.14 26.69 38.00 1692708437.08
26.21 26.41 36.00 1692708437.18
26.29 26.32 34.00 1692708437.28
27.17 27.36 32.00 1692708437.38
28.47 28.99 29.00 1692708437.48
29.41 30.25 27.00 1692708437.58
30.37 31.03 25.00 1692708437.68
31.33 31.69 22.00 1692708437.78
32.04 32.40 19.00 1692708437.88
32.21 32.89 16.00 1692708437.98
31.88 32.85 11.00 1692708438.08
29.49 31.54 0.00 1692708438.18
26.51 22.35 0.00 1692708438.28
24.39 19.61 0.00 1692708438.38
19.74 15.12 0.00 1692708438.48
14.62 11.51 0.00 1692708438.58
12.60 10.85 0.00 1692708438.68
12.53 10.73 0.00 1692708438.78
13.00 11.21 0.00 1692708438.88
13.63 12.02 0.00 1692708438.98
14.20 12.92 0.00 1692708439.08
14.13 13.43 0.00 1692708439.18
12.94 13.28 0.00 1692708439.28
10.34 12.10 0.00 1692708439.38
7.24 6.91 0.00 1692708439.48
5.11 4.69 0.00 1692708439.58
3.81 3.02 0.00 1692708439.68
2.49 1.70 0.00 1692708439.78
1.51 0.86 4.00 1692708439.88
1.35 0.54 19.00 1692708439.98
1.18 0.49 35.00 1692708440.08
1.24 0.50 52.00 1692708440.18
2.33 0.77 70.00 1692708440.28
3.89 1.63 96.00 1692708440.38
4.08 2.54 96.00 1692708440.48
2.39 2.47 96.00 1692708440.58
0.66 0.55 96.00 1692708440.68
0.22 0.50 96.00 1692708440.78
0.34 0.50 96.00 1692708440.88
0.51 0.50 96.00 1692708440.98
0.36 0.49 96.00 1692708441.08
0.16 0.48 96.00 1692708441.18
0.12 0.48 96.00 1692708441.28
0.10 0.47 96.00 1692708441.38
0.09 0.47 96.00 1692708441.48
0.07 0.46 96.00 1692708441.58
0.07 0.45 96.00 1692708441.68
0.06 0.45 96.00 1692708441.78
0.05 0.46 96.00 1692708441.88
0.06 0.46 96.00 1692708441.98
0.07 0.46 96.00 1692708442.08
0.08 0.46 96.00 1692708442.18
0.08 0.46 96.00 1692708442.28
0.08 0.46 95.00 1692708442.38
