0.11 0.28 92.00 1692966106.22
0.11 0.33 92.00 1692966106.28
0.11 0.42 93.00 1692966106.38
0.12 0.53 92.00 1692966106.48
0.12 0.66 92.00 1692966106.58
0.11 0.76 92.00 1692966106.68
0.11 0.83 92.00 1692966106.78
0.11 0.88 92.00 1692966106.88
0.11 1.01 92.00 1692966106.98
0.11 1.25 92.00 1692966107.08
0.11 1.36 92.00 1692966107.18
0.12 1.58 91.00 1692966107.28
0.12 1.84 91.00 1692966107.38
0.12 2.06 91.00 1692966107.48
0.12 2.03 91.00 1692966107.58
0.11 1.90 91.00 1692966107.68
0.11 1.76 91.00 1692966107.78
0.11 1.46 91.00 1692966107.88
0.12 1.27 91.00 1692966107.98
0.12 1.19 91.00 1692966108.08
0.11 1.09 91.00 1692966108.18
0.11 0.73 91.00 1692966108.28
0.17 1.14 91.00 1692966108.38
0.88 2.73 91.00 1692966108.48
2.15 4.57 91.00 1692966108.58
2.68 5.68 91.00 1692966108.68
2.83 6.13 91.00 1692966108.78
2.91 6.24 89.00 1692966108.89
3.02 6.29 89.00 1692966108.99
3.24 6.75 89.00 1692966109.09
3.62 7.29 89.00 1692966109.19
3.91 7.54 89.00 1692966109.29
3.87 7.52 89.00 1692966109.39
3.57 94.45 89.00 1692966109.49
3.26 0.33 89.00 1692966109.59
3.31 7.10 89.00 1692966109.69
3.52 7.11 89.00 1692966109.79
3.49 7.03 89.00 1692966109.89
3.28 6.95 89.00 1692966109.99
3.05 6.90 89.00 1692966110.09
2.82 6.96 89.00 1692966110.19
2.46 7.15 89.00 1692966110.29
2.37 7.42 89.00 1692966110.39
2.70 7.90 88.00 1692966110.49
3.36 8.57 87.00 1692966110.59
4.40 9.51 87.00 1692966110.69
5.79 13.24 85.00 1692966110.79
7.12 16.38 84.00 1692966110.89
8.57 19.15 81.00 1692966110.99
9.84 20.70 80.00 1692966111.09
10.24 20.85 79.00 1692966111.19
10.93 21.01 77.00 1692966111.29
12.10 22.45 77.00 1692966111.39
12.50 23.24 76.00 1692966111.49
12.79 22.87 74.00 1692966111.59
12.95 22.30 73.00 1692966111.69
13.21 21.64 71.00 1692966111.79
14.32 21.47 69.00 1692966111.89
16.13 23.38 68.00 1692966111.99
17.56 23.99 66.00 1692966112.09
18.36 24.15 64.00 1692966112.20
19.04 24.52 64.00 1692966112.30
19.65 24.90 63.00 1692966112.40
19.71 24.91 62.00 1692966112.50
19.84 24.86 62.00 1692966112.60
19.98 25.01 62.00 1692966112.70
19.92 25.10 60.00 1692966112.80
19.87 24.92 60.00 1692966112.90
20.15 24.77 59.00 1692966113.00
20.51 25.10 59.00 1692966113.10
20.50 25.17 57.00 1692966113.20
20.80 25.60 56.00 1692966113.30
21.31 26.27 55.00 1692966113.40
22.11 27.25 55.00 1692966113.50
22.63 28.10 54.00 1692966113.60
22.71 28.46 53.00 1692966113.70
22.66 28.18 53.00 1692966113.80
22.82 28.34 52.00 1692966113.90
22.76 28.32 51.00 1692966114.00
23.01 28.10 51.00 1692966114.10
23.39 28.51 51.00 1692966114.20
23.50 28.88 51.00 1692966114.30
23.80 29.62 51.00 1692966114.40
23.96 29.77 50.00 1692966114.50
23.80 29.51 49.00 1692966114.60
24.10 29.75 48.00 1692966114.70
24.64 30.42 48.00 1692966114.80
24.54 30.40 48.00 1692966114.90
24.44 30.15 47.00 1692966115.00
24.68 30.31 47.00 1692966115.10
25.08 30.56 46.00 1692966115.20
25.59 30.98 46.00 1692966115.30
25.88 31.56 45.00 1692966115.41
26.09 31.91 45.00 1692966115.51
26.24 32.16 45.00 1692966115.61
25.97 31.63 45.00 1692966115.71
25.51 30.98 44.00 1692966115.81
25.51 30.81 43.00 1692966115.91
25.88 31.11 43.00 1692966116.01
26.43 31.67 42.00 1692966116.11
27.04 32.39 42.00 1692966116.21
27.41 32.83 41.00 1692966116.31
27.76 33.05 41.00 1692966116.41
28.13 33.13 41.00 1692966116.51
28.35 33.33 40.00 1692966116.61
28.32 33.42 40.00 1692966116.71
28.20 32.69 39.00 1692966116.81
28.10 32.44 37.00 1692966116.91
28.14 32.42 36.00 1692966117.01
28.50 32.83 35.00 1692966117.11
28.99 33.42 34.00 1692966117.21
29.41 33.90 31.00 1692966117.31
29.72 34.35 29.00 1692966117.41
29.95 34.98 27.00 1692966117.51
30.22 35.55 25.00 1692966117.61
30.58 35.87 21.00 1692966117.71
31.01 36.12 18.00 1692966117.81
31.63 36.45 14.00 1692966117.91
32.26 37.05 9.00 1692966118.01
32.47 37.18 2.00 1692966118.11
32.09 36.43 0.00 1692966118.21
30.28 33.42 0.00 1692966118.31
25.95 27.57 0.00 1692966118.41
19.67 20.60 0.00 1692966118.51
15.19 15.46 0.00 1692966118.61
14.12 13.37 0.00 1692966118.72
13.96 13.12 0.00 1692966118.82
13.30 12.94 0.00 1692966118.92
11.31 11.76 0.00 1692966119.02
9.03 10.10 0.00 1692966119.12
7.50 7.61 0.00 1692966119.22
6.96 6.78 0.00 1692966119.32
6.46 5.84 0.00 1692966119.42
6.05 4.92 0.00 1692966119.52
6.28 4.63 0.00 1692966119.62
6.81 4.91 0.00 1692966119.72
7.30 5.40 0.00 1692966119.82
7.43 6.47 0.00 1692966119.92
6.90 8.22 0.00 1692966120.02
6.37 8.74 0.00 1692966120.12
5.99 8.72 0.00 1692966120.22
5.50 7.43 0.00 1692966120.32
5.13 4.62 0.00 1692966120.42
4.80 4.05 0.00 1692966120.52
4.30 4.13 23.00 1692966120.62
3.91 4.34 63.00 1692966120.72
3.59 4.29 96.00 1692966120.82
3.16 3.80 96.00 1692966120.92
2.89 2.98 96.00 1692966121.02
3.13 2.50 94.00 1692966121.12
3.60 2.50 94.00 1692966121.22
3.91 2.61 94.00 1692966121.32
3.91 2.68 94.00 1692966121.42
3.86 2.58 94.00 1692966121.52
3.79 2.68 94.00 1692966121.62
3.61 2.69 95.00 1692966121.72
3.16 2.45 96.00 1692966121.82
2.69 2.17 94.00 1692966121.93
2.47 2.14 93.00 1692966122.03
2.30 2.26 93.00 1692966122.13
2.29 2.38 93.00 1692966122.23
2.47 2.49 93.00 1692966122.33
2.64 2.62 93.00 1692966122.43
2.68 2.66 93.00 1692966122.53
2.66 2.61 93.00 1692966122.63
2.66 2.57 93.00 1692966122.73
2.91 2.65 93.00 1692966122.83
3.14 2.78 93.00 1692966122.93
3.02 2.74 93.00 1692966123.03
2.97 2.67 93.00 1692966123.13
2.89 2.61 93.00 1692966123.23
2.74 2.55 93.00 1692966123.33
2.58 2.42 93.00 1692966123.43
2.59 2.38 93.00 1692966123.53
2.76 2.59 93.00 1692966123.63
2.95 2.85 92.00 1692966123.73
3.13 3.05 92.00 1692966123.83
3.51 3.21 92.00 1692966123.93
4.12 4.43 92.00 1692966124.03
4.77 5.86 92.00 1692966124.13
5.37 7.45 92.00 1692966124.23
5.99 8.92 92.00 1692966124.33
6.27 9.88 92.00 1692966124.43
6.24 10.15 92.00 1692966124.53
6.08 9.87 92.00 1692966124.63
5.83 9.21 92.00 1692966124.73
5.63 8.80 92.00 1692966124.83
5.56 8.80 92.00 1692966124.93
5.80 9.39 92.00 1692966125.03
5.73 10.30 92.00 1692966125.13
5.60 10.08 90.00 1692966125.24
5.59 9.68 89.00 1692966125.34
5.44 9.32 89.00 1692966125.44
5.00 9.09 88.00 1692966125.54
4.96 9.22 88.00 1692966125.64
5.37 9.85 88.00 1692966125.74
5.51 10.73 87.00 1692966125.84
5.25 11.22 87.00 1692966125.94
5.35 12.12 86.00 1692966126.04
6.21 13.83 85.00 1692966126.14
7.39 15.28 84.00 1692966126.24
8.45 15.50 82.00 1692966126.34
9.49 15.17 81.00 1692966126.44
10.43 15.72 80.00 1692966126.54
11.72 16.54 79.00 1692966126.64
13.26 17.69 78.00 1692966126.74
13.65 18.36 77.00 1692966126.84
13.25 17.96 75.00 1692966126.94
14.13 18.56 74.00 1692966127.04
15.19 20.05 73.00 1692966127.14
15.43 20.65 72.00 1692966127.24
15.67 19.83 71.00 1692966127.34
16.17 19.89 70.00 1692966127.44
16.31 20.46 69.00 1692966127.54
16.56 20.96 68.00 1692966127.64
17.48 22.31 67.00 1692966127.74
18.10 23.19 66.00 1692966127.84
17.94 22.94 65.00 1692966127.94
18.46 23.26 65.00 1692966128.04
19.04 24.33 65.00 1692966128.14
18.93 24.60 64.00 1692966128.24
19.06 24.72 63.00 1692966128.34
19.61 25.32 63.00 1692966128.45
20.15 25.87 63.00 1692966128.55
20.96 26.42 63.00 1692966128.65
21.62 27.09 63.00 1692966128.75
21.42 27.06 62.00 1692966128.85
21.54 27.17 62.00 1692966128.95
22.19 27.54 62.00 1692966129.05
22.22 27.10 63.00 1692966129.15
21.91 26.36 62.00 1692966129.25
22.19 26.59 62.00 1692966129.35
22.87 27.49 62.00 1692966129.45
23.45 28.37 63.00 1692966129.55
23.97 29.26 63.00 1692966129.65
24.39 29.77 63.00 1692966129.75
24.28 29.91 63.00 1692966129.85
23.88 29.56 62.00 1692966129.95
23.58 28.73 62.00 1692966130.05
23.10 28.25 62.00 1692966130.15
23.04 28.53 61.00 1692966130.25
23.49 29.41 60.00 1692966130.35
23.75 30.21 59.00 1692966130.45
24.26 30.75 58.00 1692966130.55
25.11 31.36 57.00 1692966130.65
25.72 31.98 56.00 1692966130.75
26.31 32.40 55.00 1692966130.85
26.89 32.76 54.00 1692966130.95
27.25 32.92 54.00 1692966131.05
27.19 32.76 53.00 1692966131.15
26.75 31.79 52.00 1692966131.25
26.52 31.72 51.00 1692966131.35
26.56 31.89 50.00 1692966131.45
26.73 32.16 49.00 1692966131.55
27.12 32.44 47.00 1692966131.66
27.60 32.77 45.00 1692966131.76
28.07 33.08 43.00 1692966131.86
28.35 33.19 41.00 1692966131.96
28.63 33.43 38.00 1692966132.06
28.91 33.84 34.00 1692966132.16
29.02 34.13 30.00 1692966132.26
29.01 34.44 26.00 1692966132.36
28.86 34.11 20.00 1692966132.46
28.33 32.86 11.00 1692966132.56
27.20 30.96 0.00 1692966132.66
