0.39 1.92 95.00 1692878176.97
0.28 1.63 94.00 1692878177.06
0.24 1.40 94.00 1692878177.16
0.21 1.16 94.00 1692878177.26
0.22 0.94 94.00 1692878177.36
0.24 0.92 94.00 1692878177.46
0.26 0.99 94.00 1692878177.56
0.32 1.05 94.00 1692878177.66
0.38 1.18 94.00 1692878177.76
0.44 1.64 94.00 1692878177.86
0.49 1.76 94.00 1692878177.96
0.51 1.75 94.00 1692878178.06
0.47 1.70 94.00 1692878178.16
0.38 1.59 94.00 1692878178.26
0.28 1.41 94.00 1692878178.36
0.22 1.29 94.00 1692878178.46
0.15 1.12 94.00 1692878178.56
0.12 0.77 94.00 1692878178.66
0.12 0.38 94.00 1692878178.76
0.11 0.21 94.00 1692878178.86
0.11 0.18 94.00 1692878178.96
0.11 0.21 94.00 1692878179.06
0.11 0.23 94.00 1692878179.16
0.11 0.23 94.00 1692878179.26
0.11 0.20 94.00 1692878179.36
0.11 0.21 94.00 1692878179.47
0.11 0.25 94.00 1692878179.56
0.11 0.29 94.00 1692878179.66
0.11 0.35 94.00 1692878179.77
0.11 0.38 94.00 1692878179.87
0.11 0.36 94.00 1692878179.97
0.11 0.37 94.00 1692878180.07
0.11 0.33 94.00 1692878180.17
0.11 0.25 94.00 1692878180.27
0.11 0.27 94.00 1692878180.37
0.12 0.33 94.00 1692878180.47
0.12 0.56 94.00 1692878180.57
0.16 1.12 94.00 1692878180.67
0.21 1.54 94.00 1692878180.77
0.22 1.75 94.00 1692878180.87
0.23 1.78 94.00 1692878180.97
0.23 1.70 94.00 1692878181.07
0.23 1.72 94.00 1692878181.17
0.23 1.77 94.00 1692878181.27
0.24 1.79 94.00 1692878181.37
0.25 1.72 94.00 1692878181.47
0.24 1.80 94.00 1692878181.57
0.25 1.92 94.00 1692878181.67
0.27 2.09 94.00 1692878181.77
0.29 2.34 94.00 1692878181.87
0.32 2.58 94.00 1692878181.97
0.34 2.72 94.00 1692878182.07
0.38 2.72 94.00 1692878182.17
0.39 2.72 94.00 1692878182.27
0.34 2.66 94.00 1692878182.37
0.30 2.54 94.00 1692878182.47
0.26 2.45 94.00 1692878182.57
0.25 2.38 94.00 1692878182.67
0.24 2.10 94.00 1692878182.78
0.25 1.87 94.00 1692878182.88
0.26 1.89 94.00 1692878182.98
0.27 2.02 94.00 1692878183.08
0.31 2.81 94.00 1692878183.18
0.32 2.43 94.00 1692878183.59
0.24 2.31 94.00 1692878183.68
0.24 2.28 94.00 1692878183.78
0.27 2.17 94.00 1692878183.87
0.21 1.76 94.00 1692878184.25
0.23 2.03 94.00 1692878184.35
0.21 2.00 94.00 1692878184.45
0.22 1.73 94.00 1692878184.55
0.24 1.67 94.00 1692878184.65
0.29 1.86 94.00 1692878184.75
0.37 2.43 94.00 1692878184.85
0.54 3.43 93.00 1692878184.95
0.99 4.33 92.00 1692878185.05
1.70 5.13 91.00 1692878185.15
2.29 5.83 89.00 1692878185.25
2.70 6.84 89.00 1692878185.36
3.09 7.39 88.00 1692878185.45
3.68 8.09 87.00 1692878185.56
4.46 8.88 85.00 1692878185.66
5.21 9.61 84.00 1692878185.76
5.94 10.43 83.00 1692878185.86
6.57 11.30 81.00 1692878185.96
7.12 12.05 81.00 1692878186.06
7.54 12.65 80.00 1692878186.16
7.74 12.90 79.00 1692878186.26
7.94 12.87 78.00 1692878186.36
8.55 13.10 77.00 1692878186.46
9.63 15.55 77.00 1692878186.56
10.71 16.84 76.00 1692878186.66
11.02 17.00 75.00 1692878186.76
10.96 16.70 74.00 1692878186.86
11.01 16.45 73.00 1692878186.96
11.63 16.69 72.00 1692878187.06
12.69 17.57 72.00 1692878187.16
13.45 18.34 70.00 1692878187.26
13.86 18.82 70.00 1692878187.36
14.14 19.04 69.00 1692878187.46
14.46 19.16 68.00 1692878187.56
14.96 19.39 67.00 1692878187.66
15.61 20.40 66.00 1692878187.76
16.41 21.32 65.00 1692878187.86
17.25 22.05 64.00 1692878187.96
17.60 22.22 63.00 1692878188.06
18.19 22.65 63.00 1692878188.16
18.95 23.47 62.00 1692878188.26
19.61 23.90 62.00 1692878188.36
20.86 24.77 60.00 1692878188.47
21.71 25.75 60.00 1692878188.57
22.26 26.03 59.00 1692878188.67
23.17 26.39 58.00 1692878188.77
24.22 27.17 57.00 1692878188.87
25.03 27.97 56.00 1692878188.97
25.66 28.22 55.00 1692878189.07
26.35 28.37 54.00 1692878189.17
27.29 28.93 53.00 1692878189.27
28.10 29.57 53.00 1692878189.37
28.44 30.04 53.00 1692878189.47
28.32 30.19 52.00 1692878189.57
28.38 30.21 51.00 1692878189.67
29.13 30.61 50.00 1692878189.77
30.26 31.39 50.00 1692878189.87
31.14 32.34 49.00 1692878189.97
31.64 33.04 49.00 1692878190.07
31.82 33.19 48.00 1692878190.17
31.63 33.05 46.00 1692878190.27
31.67 33.28 45.00 1692878190.37
32.67 34.39 45.00 1692878190.47
33.74 35.42 44.00 1692878190.57
34.45 35.95 44.00 1692878190.67
35.02 36.40 44.00 1692878190.77
35.54 37.03 42.00 1692878190.87
35.58 37.52 42.00 1692878190.97
35.20 37.42 42.00 1692878191.07
35.39 37.40 41.00 1692878191.17
35.77 38.02 40.00 1692878191.27
35.71 38.68 39.00 1692878191.38
36.05 39.42 38.00 1692878191.48
36.86 40.31 36.00 1692878191.58
37.36 40.58 36.00 1692878191.68
37.87 40.89 35.00 1692878191.78
38.59 41.59 34.00 1692878191.88
38.63 42.04 34.00 1692878191.98
38.22 41.73 32.00 1692878192.08
38.65 42.01 31.00 1692878192.18
39.25 42.93 31.00 1692878192.28
39.58 43.47 29.00 1692878192.38
40.00 43.97 29.00 1692878192.48
40.25 44.87 29.00 1692878192.58
40.31 45.22 28.00 1692878192.68
40.37 45.52 27.00 1692878192.78
40.05 45.26 26.00 1692878192.88
39.74 45.21 25.00 1692878192.98
39.94 45.85 24.00 1692878193.08
40.22 46.34 23.00 1692878193.18
40.53 46.78 22.00 1692878193.28
40.78 47.27 21.00 1692878193.38
41.05 47.65 21.00 1692878193.48
41.12 47.99 20.00 1692878193.58
40.98 48.20 19.00 1692878193.68
40.97 48.11 19.00 1692878193.78
40.92 48.03 17.00 1692878193.88
41.13 48.22 17.00 1692878193.98
41.18 48.43 16.00 1692878194.08
41.13 48.35 15.00 1692878194.18
41.18 48.53 14.00 1692878194.28
41.42 48.92 13.00 1692878194.38
41.77 49.29 12.00 1692878194.49
41.73 49.60 11.00 1692878194.59
41.00 49.41 11.00 1692878194.69
40.16 48.79 11.00 1692878194.79
38.20 48.14 10.00 1692878194.89
33.26 37.85 9.00 1692878194.99
26.61 26.75 9.00 1692878195.09
18.34 16.21 9.00 1692878195.19
11.73 10.20 8.00 1692878195.29
7.88 6.33 7.00 1692878195.39
5.44 3.89 7.00 1692878195.49
3.77 2.82 7.00 1692878195.59
2.27 2.21 7.00 1692878195.69
0.95 1.60 7.00 1692878195.79
0.29 1.13 7.00 1692878195.89
0.13 0.90 7.00 1692878195.99
0.12 1.01 7.00 1692878196.09
0.10 0.93 7.00 1692878196.19
0.10 0.86 7.00 1692878196.29
0.12 0.89 7.00 1692878196.39
0.13 0.92 7.00 1692878196.49
0.46 0.73 7.00 1692878196.59
1.74 2.73 7.00 1692878197.04
2.86 4.35 7.00 1692878197.14
4.26 6.46 7.00 1692878197.24
6.11 9.07 7.00 1692878197.34
8.22 11.70 7.00 1692878197.44
10.40 13.83 7.00 1692878197.54
12.95 15.83 7.00 1692878197.64
14.34 18.30 7.00 1692878197.74
13.58 19.00 7.00 1692878197.84
11.96 17.04 7.00 1692878197.94
10.05 12.04 7.00 1692878198.04
7.99 10.24 7.00 1692878198.14
5.53 7.95 7.00 1692878198.24
3.40 6.18 7.00 1692878198.34
1.91 5.03 7.00 1692878198.44
1.48 4.74 21.00 1692878198.54
1.86 5.70 69.00 1692878198.64
2.03 6.87 88.00 1692878198.74
1.84 6.99 88.00 1692878198.85
1.43 6.33 90.00 1692878198.95
0.75 5.20 91.00 1692878199.05
0.28 3.91 92.00 1692878199.15
0.15 2.71 91.00 1692878199.25
0.13 2.86 90.00 1692878199.35
0.23 3.14 90.00 1692878199.45
0.42 3.36 90.00 1692878199.55
0.60 3.45 90.00 1692878199.65
0.75 3.44 92.00 1692878199.75
0.91 3.35 92.00 1692878199.85
1.09 3.27 90.00 1692878199.95
1.19 3.22 90.00 1692878200.05
1.20 3.16 90.00 1692878200.15
1.18 3.12 90.00 1692878200.25
1.07 3.10 90.00 1692878200.35
0.83 3.00 90.00 1692878200.45
0.61 2.98 90.00 1692878200.55
0.48 2.96 90.00 1692878200.65
0.43 2.98 90.00 1692878200.75
0.37 3.02 90.00 1692878200.85
0.24 2.89 90.00 1692878200.95
0.13 2.60 90.00 1692878201.05
0.10 2.33 90.00 1692878201.15
0.10 2.23 90.00 1692878201.25
0.10 2.32 90.00 1692878201.35
0.10 2.49 90.00 1692878201.45
0.11 2.68 90.00 1692878201.55
0.11 2.35 90.00 1692878201.65
0.18 2.68 90.00 1692878201.75
0.23 2.90 90.00 1692878201.86
0.26 2.78 90.00 1692878201.96
0.33 2.78 90.00 1692878202.06
0.39 2.78 90.00 1692878202.16
0.51 2.84 90.00 1692878202.26
0.68 2.99 90.00 1692878202.36
0.92 3.28 90.00 1692878202.46
1.22 3.77 90.00 1692878202.56
1.53 4.34 90.00 1692878202.66
1.95 4.86 90.00 1692878202.76
2.41 6.37 90.00 1692878202.86
3.12 7.92 90.00 1692878202.96
4.14 9.75 89.00 1692878203.06
4.56 10.49 88.00 1692878203.16
4.34 10.02 87.00 1692878203.26
4.40 9.50 87.00 1692878203.36
5.23 9.84 85.00 1692878203.46
6.51 11.09 85.00 1692878203.56
7.60 12.62 84.00 1692878203.66
8.23 13.86 84.00 1692878203.76
8.38 14.38 82.00 1692878203.86
8.67 14.40 81.00 1692878203.96
9.34 14.87 80.00 1692878204.06
10.01 15.25 80.00 1692878204.16
10.70 15.80 80.00 1692878204.26
11.37 16.26 78.00 1692878204.36
11.84 16.66 77.00 1692878204.46
12.42 17.20 76.00 1692878204.56
13.36 18.01 76.00 1692878204.66
