0.10 0.06 92.00 1692792374.32
0.10 0.07 92.00 1692792374.38
0.10 0.07 92.00 1692792374.47
0.10 0.06 92.00 1692792374.56
0.10 0.06 92.00 1692792374.65
0.11 0.06 92.00 1692792374.75
0.11 0.07 92.00 1692792374.84
0.11 0.07 92.00 1692792374.94
0.11 0.07 94.00 1692792375.04
0.11 0.07 96.00 1692792375.14
0.11 0.07 96.00 1692792375.24
0.11 0.08 95.00 1692792375.34
0.12 0.08 95.00 1692792375.44
0.12 0.10 95.00 1692792375.54
0.13 0.13 95.00 1692792375.64
0.14 0.13 95.00 1692792375.74
0.14 0.13 95.00 1692792375.84
0.14 0.13 95.00 1692792375.94
0.15 0.13 95.00 1692792376.04
0.15 0.13 95.00 1692792376.14
0.15 0.13 95.00 1692792376.24
0.14 0.13 95.00 1692792376.34
0.15 0.13 95.00 1692792376.44
0.14 0.13 95.00 1692792376.54
0.14 0.13 95.00 1692792376.64
0.14 0.13 94.00 1692792376.74
0.15 0.13 94.00 1692792376.84
0.18 0.13 94.00 1692792376.94
0.29 0.18 94.00 1692792377.04
0.38 0.34 94.00 1692792377.14
0.41 23.94 94.00 1692792377.24
0.36 0.13 94.00 1692792377.66
0.16 0.13 94.00 1692792377.75
0.17 0.13 94.00 1692792377.84
0.20 0.13 94.00 1692792377.93
0.21 0.13 94.00 1692792378.03
0.19 0.13 94.00 1692792378.12
0.17 0.13 94.00 1692792378.21
0.16 0.13 94.00 1692792378.30
0.14 0.13 94.00 1692792378.40
0.14 0.13 94.00 1692792378.49
0.14 0.13 94.00 1692792378.58
0.15 0.13 94.00 1692792378.67
0.17 0.14 94.00 1692792378.77
0.30 0.24 94.00 1692792378.86
0.62 0.58 94.00 1692792378.95
0.64 0.72 94.00 1692792379.05
0.59 0.82 92.00 1692792379.15
0.97 1.16 91.00 1692792379.25
1.64 1.80 89.00 1692792379.35
2.05 2.38 88.00 1692792379.45
2.42 2.82 87.00 1692792379.55
3.00 3.37 87.00 1692792379.65
3.52 4.11 86.00 1692792379.75
3.93 4.96 84.00 1692792379.85
4.43 5.78 83.00 1692792379.95
4.85 6.24 81.00 1692792380.05
5.18 6.48 80.00 1692792380.15
5.80 7.40 80.00 1692792380.25
6.62 8.21 79.00 1692792380.35
7.07 8.79 77.00 1692792380.45
7.55 9.24 76.00 1692792380.55
8.36 9.97 74.00 1692792380.65
8.94 13.79 70.00 1692792381.06
10.50 14.41 70.00 1692792381.16
10.85 15.28 70.00 1692792381.25
11.53 16.18 70.00 1692792381.34
12.35 16.52 70.00 1692792381.44
12.78 16.56 70.00 1692792381.53
12.95 16.45 70.00 1692792381.62
13.05 16.42 70.00 1692792381.71
13.18 16.16 70.00 1692792381.81
13.11 15.60 70.00 1692792381.90
12.67 14.98 70.00 1692792381.99
11.97 14.38 70.00 1692792382.08
11.57 13.89 70.00 1692792382.18
11.30 13.42 70.00 1692792382.27
11.32 13.29 70.00 1692792382.36
11.08 12.66 70.00 1692792382.46
10.14 11.79 70.00 1692792382.56
9.56 11.42 70.00 1692792382.66
9.27 10.74 70.00 1692792382.76
8.64 9.90 70.00 1692792382.86
8.08 9.44 70.00 1692792382.96
7.21 8.57 70.00 1692792383.06
6.37 7.71 70.00 1692792383.16
5.54 7.06 70.00 1692792383.26
4.47 5.81 70.00 1692792383.36
3.63 4.57 70.00 1692792383.46
3.04 3.85 70.00 1692792383.56
2.52 2.18 70.00 1692792383.66
1.99 1.57 70.00 1692792383.76
1.57 1.18 70.00 1692792383.86
1.31 0.96 70.00 1692792383.96
0.98 0.66 70.00 1692792384.06
0.65 0.34 70.00 1692792384.16
0.41 0.18 70.00 1692792384.26
0.23 0.13 70.00 1692792384.36
0.15 0.13 70.00 1692792384.46
0.14 0.13 70.00 1692792384.56
0.13 0.13 71.00 1692792384.66
0.13 0.13 78.00 1692792384.76
0.13 0.13 85.00 1692792384.86
0.13 0.13 91.00 1692792384.97
0.13 0.13 92.00 1692792385.07
0.13 0.13 96.00 1692792385.17
0.13 0.13 96.00 1692792385.27
0.13 0.13 96.00 1692792385.37
0.13 0.13 96.00 1692792385.47
0.12 0.13 95.00 1692792385.57
0.12 0.13 95.00 1692792385.67
0.13 0.13 95.00 1692792385.77
0.13 0.13 95.00 1692792385.87
0.13 0.13 95.00 1692792385.97
0.13 0.13 95.00 1692792386.07
0.13 0.13 95.00 1692792386.17
0.13 0.13 95.00 1692792386.27
0.12 0.13 95.00 1692792386.37
0.12 0.13 95.00 1692792386.47
0.12 0.13 95.00 1692792386.57
0.12 0.13 95.00 1692792386.67
0.12 0.14 95.00 1692792386.77
0.11 0.15 95.00 1692792386.87
0.11 0.16 95.00 1692792386.97
0.11 0.15 95.00 1692792387.07
0.11 0.16 95.00 1692792387.17
0.11 0.14 95.00 1692792387.27
0.11 0.13 95.00 1692792387.37
0.11 0.13 95.00 1692792387.47
0.11 0.13 95.00 1692792387.57
0.11 0.15 95.00 1692792387.67
0.12 0.19 95.00 1692792387.77
0.12 0.22 95.00 1692792387.87
0.12 0.18 95.00 1692792387.97
0.13 0.15 95.00 1692792388.07
0.15 0.15 95.00 1692792388.17
0.17 0.14 95.00 1692792388.27
0.13 0.14 95.00 1692792388.72
0.14 0.14 95.00 1692792388.82
0.14 0.13 95.00 1692792388.92
0.14 0.13 95.00 1692792389.02
0.15 0.13 94.00 1692792389.12
0.16 0.13 94.00 1692792389.22
0.18 0.13 94.00 1692792389.32
0.22 0.21 94.00 1692792389.42
0.31 0.54 94.00 1692792389.52
0.47 0.84 94.00 1692792389.62
0.53 1.13 95.00 1692792389.72
0.47 1.31 95.00 1692792389.82
0.28 1.18 94.00 1692792389.92
0.15 0.82 94.00 1692792390.02
0.13 0.50 94.00 1692792390.12
0.13 0.30 94.00 1692792390.22
0.14 0.28 94.00 1692792390.33
0.14 0.36 94.00 1692792390.43
0.14 0.40 94.00 1692792390.53
0.14 0.40 94.00 1692792390.63
0.13 0.35 94.00 1692792390.73
0.13 0.28 94.00 1692792390.83
0.13 0.28 94.00 1692792390.93
0.14 0.42 94.00 1692792391.03
0.14 0.51 94.00 1692792391.13
0.13 0.51 94.00 1692792391.23
0.13 0.44 94.00 1692792391.33
0.13 0.33 94.00 1692792391.43
0.13 0.14 94.00 1692792391.53
0.12 0.13 94.00 1692792391.63
0.13 0.13 94.00 1692792391.73
0.13 0.13 94.00 1692792391.83
0.13 0.13 94.00 1692792391.93
0.13 0.13 94.00 1692792392.03
0.13 0.13 94.00 1692792392.13
0.13 0.13 94.00 1692792392.23
0.13 0.13 94.00 1692792392.33
0.13 0.13 94.00 1692792392.43
0.13 0.13 94.00 1692792392.53
0.13 0.13 94.00 1692792392.63
0.13 0.13 94.00 1692792392.73
0.13 0.13 94.00 1692792392.83
0.13 0.13 94.00 1692792392.93
0.13 0.13 94.00 1692792393.03
0.13 0.13 94.00 1692792393.13
0.13 1.44 94.00 1692792393.23
0.13 0.13 94.00 1692792393.65
0.13 0.13 94.00 1692792393.74
0.13 0.13 94.00 1692792393.83
0.13 0.13 94.00 1692792393.92
0.13 0.13 94.00 1692792394.02
0.50 0.13 94.00 1692792394.11
0.13 0.13 94.00 1692792394.49
0.13 0.13 94.00 1692792394.59
0.13 0.13 94.00 1692792394.69
0.13 0.13 94.00 1692792394.79
0.13 0.13 94.00 1692792394.89
0.13 0.13 94.00 1692792394.99
0.13 0.13 94.00 1692792395.09
0.13 0.13 94.00 1692792395.19
0.13 0.13 94.00 1692792395.29
0.14 0.13 94.00 1692792395.39
0.14 0.13 94.00 1692792395.49
0.14 0.13 94.00 1692792395.59
0.13 0.13 94.00 1692792395.69
0.13 0.13 94.00 1692792395.79
0.13 0.13 94.00 1692792395.89
0.13 0.13 94.00 1692792395.99
0.14 0.13 94.00 1692792396.09
0.14 0.13 94.00 1692792396.20
0.14 0.13 94.00 1692792396.30
0.14 0.13 94.00 1692792396.40
0.13 0.13 94.00 1692792396.50
0.14 0.13 94.00 1692792396.60
0.14 0.13 94.00 1692792396.70
0.14 0.13 94.00 1692792396.80
0.13 0.13 94.00 1692792396.90
0.13 0.13 94.00 1692792397.00
0.13 0.13 94.00 1692792397.10
0.13 0.13 94.00 1692792397.20
0.13 0.13 94.00 1692792397.30
0.13 0.13 94.00 1692792397.40
0.13 0.13 94.00 1692792397.50
0.13 0.13 94.00 1692792397.60
0.13 0.13 94.00 1692792397.70
0.13 0.13 94.00 1692792397.80
0.13 0.13 94.00 1692792397.90
0.13 0.13 94.00 1692792398.00
0.13 0.13 94.00 1692792398.10
0.13 0.13 94.00 1692792398.20
0.13 0.13 94.00 1692792398.30
0.13 0.13 94.00 1692792398.40
0.13 0.13 94.00 1692792398.50
0.13 0.13 94.00 1692792398.60
0.13 0.13 94.00 1692792398.70
0.13 0.13 94.00 1692792398.80
0.13 0.13 94.00 1692792398.90
0.13 0.13 94.00 1692792399.00
0.13 0.13 94.00 1692792399.10
0.14 0.31 90.00 1692792399.20
0.39 1.48 89.00 1692792399.30
1.66 3.53 87.00 1692792399.40
2.72 4.95 86.00 1692792399.50
3.75 5.99 84.00 1692792399.60
4.19 6.49 81.00 1692792399.70
4.20 6.54 80.00 1692792399.81
4.59 6.71 79.00 1692792399.91
6.19 7.81 78.00 1692792400.01
7.41 9.36 77.00 1692792400.11
7.65 10.45 75.00 1692792400.21
7.69 11.04 74.00 1692792400.31
8.03 11.64 72.00 1692792400.41
9.36 13.09 70.00 1692792400.51
11.26 15.04 70.00 1692792400.61
12.41 16.31 69.00 1692792400.71
12.50 16.48 68.00 1692792400.81
12.10 16.04 66.00 1692792400.91
12.27 16.00 65.00 1692792401.01
12.93 16.53 64.00 1692792401.11
13.41 16.86 63.00 1692792401.21
13.89 17.05 62.00 1692792401.31
15.02 17.40 62.00 1692792401.41
16.66 18.41 61.00 1692792401.51
17.91 20.38 60.00 1692792401.61
18.88 20.80 59.00 1692792401.71
19.27 21.02 58.00 1692792401.81
19.10 21.07 57.00 1692792401.91
19.38 21.46 56.00 1692792402.01
20.09 22.47 55.00 1692792402.11
20.90 23.27 55.00 1692792402.21
21.74 23.61 54.00 1692792402.31
22.57 23.73 54.00 1692792402.41
23.56 24.16 53.00 1692792402.51
24.05 24.54 52.00 1692792402.61
24.23 24.32 52.00 1692792402.71
24.82 24.53 51.00 1692792402.81
25.18 24.85 50.00 1692792402.91
25.73 25.55 50.00 1692792403.01
27.07 26.53 49.00 1692792403.11
27.99 27.04 48.00 1692792403.21
28.44 27.29 47.00 1692792403.31
29.13 27.88 46.00 1692792403.41
29.70 28.47 46.00 1692792403.51
30.14 28.90 45.00 1692792403.61
30.51 29.27 45.00 1692792403.72
30.44 29.15 44.00 1692792403.82
30.63 28.94 44.00 1692792403.92
31.45 30.03 43.00 1692792404.02
32.26 30.61 43.00 1692792404.12
32.93 31.04 42.00 1692792404.22
33.40 31.31 42.00 1692792404.32
33.99 31.83 41.00 1692792404.42
34.53 32.48 41.00 1692792404.52
34.76 32.69 41.00 1692792404.62
34.65 32.72 40.00 1692792404.72
34.32 32.41 40.00 1692792404.82
34.35 32.28 39.00 1692792404.92
34.79 32.65 38.00 1692792405.02
35.47 33.19 37.00 1692792405.12
35.79 33.76 36.00 1692792405.22
36.02 34.25 35.00 1692792405.32
36.91 34.89 35.00 1692792405.42
38.00 35.49 34.00 1692792405.52
38.97 35.94 34.00 1692792405.62
39.63 36.23 33.00 1692792405.72
39.85 36.54 33.00 1692792405.82
39.85 36.65 32.00 1692792405.92
39.73 36.56 32.00 1692792406.02
39.12 36.42 31.00 1692792406.12
38.42 35.84 31.00 1692792406.22
38.72 35.59 30.00 1692792406.32
39.45 37.26 29.00 1692792406.42
39.77 37.64 29.00 1692792406.52
40.01 38.05 28.00 1692792406.62
40.57 39.47 26.00 1692792407.04
41.75 39.83 25.00 1692792407.13
42.32 39.63 25.00 1692792407.22
42.43 38.06 24.00 1692792407.31
42.02 34.77 23.00 1692792407.41
41.35 29.49 22.00 1692792407.50
40.08 27.19 20.00 1692792407.59
39.22 28.40 17.00 1692792407.68
38.31 29.75 13.00 1692792407.78
35.15 26.91 11.00 1692792407.87
28.06 20.35 10.00 1692792407.96
19.79 12.43 9.00 1692792408.05
13.37 7.10 9.00 1692792408.15
9.61 4.59 9.00 1692792408.24
7.24 3.07 9.00 1692792408.33
5.78 2.29 9.00 1692792408.43
4.81 1.97 9.00 1692792408.53
4.44 1.86 10.00 1692792408.63
4.20 1.86 11.00 1692792408.73
3.89 1.76 11.00 1692792408.83
3.43 1.60 11.00 1692792408.93
2.94 1.60 11.00 1692792409.03
2.54 1.99 11.00 1692792409.13
2.28 2.44 11.00 1692792409.23
2.16 3.19 11.00 1692792409.33
2.25 4.08 11.00 1692792409.43
2.61 3.76 11.00 1692792409.53
3.16 3.53 11.00 1692792409.63
3.78 3.71 12.00 1692792409.73
4.38 4.05 12.00 1692792409.83
4.73 4.64 11.00 1692792409.93
5.04 5.36 11.00 1692792410.03
5.06 6.06 12.00 1692792410.13
4.54 6.45 12.00 1692792410.23
3.70 6.24 12.00 1692792410.33
3.00 5.27 12.00 1692792410.43
2.44 4.02 11.00 1692792410.53
1.96 2.86 14.00 1692792410.63
1.83 2.19 23.00 1692792410.73
2.23 2.52 81.00 1692792411.14
1.60 1.78 93.00 1692792411.24
0.52 1.50 96.00 1692792411.33
0.15 1.52 96.00 1692792411.42
0.13 1.46 96.00 1692792411.52
0.13 1.36 96.00 1692792411.61
0.13 1.54 96.00 1692792411.70
0.13 1.38 95.00 1692792411.79
0.13 0.88 95.00 1692792411.89
0.13 0.53 95.00 1692792411.98
0.13 0.52 95.00 1692792412.07
0.13 0.64 95.00 1692792412.16
0.13 0.60 94.00 1692792412.26
0.13 0.55 94.00 1692792412.35
0.13 0.43 94.00 1692792412.44
0.13 0.31 94.00 1692792412.54
0.13 0.25 94.00 1692792412.64
0.13 0.23 94.00 1692792412.74
0.13 0.18 94.00 1692792412.84
0.13 0.18 94.00 1692792412.94
0.13 0.17 93.00 1692792413.04
0.13 0.17 93.00 1692792413.14
0.13 0.16 93.00 1692792413.24
0.13 0.17 93.00 1692792413.34
0.13 0.18 93.00 1692792413.44
0.13 0.20 93.00 1692792413.54
0.13 0.24 93.00 1692792413.64
0.13 0.30 93.00 1692792413.74
0.13 0.32 93.00 1692792413.84
0.14 0.35 93.00 1692792413.94
0.14 0.39 93.00 1692792414.04
0.13 0.41 93.00 1692792414.14
0.13 0.41 93.00 1692792414.24
0.13 0.38 94.00 1692792414.34
0.14 0.37 94.00 1692792414.44
0.20 1.31 93.00 1692792414.86
1.08 1.36 93.00 1692792414.95
1.17 1.41 93.00 1692792415.04
1.37 1.43 93.00 1692792415.13
1.49 1.44 93.00 1692792415.23
1.28 1.00 93.00 1692792415.32
0.88 0.74 93.00 1692792415.41
0.72 0.64 93.00 1692792415.50
0.78 0.62 93.00 1692792415.60
0.91 0.75 93.00 1692792415.69
1.29 0.98 93.00 1692792415.78
1.67 1.19 93.00 1692792415.87
1.85 1.48 93.00 1692792415.97
2.09 1.83 93.00 1692792416.06
2.20 1.97 93.00 1692792416.15
2.24 2.04 93.00 1692792416.25
2.34 2.09 93.00 1692792416.35
2.50 2.11 93.00 1692792416.45
2.31 1.86 93.00 1692792416.55
1.79 1.40 93.00 1692792416.65
1.17 0.93 93.00 1692792416.75
0.69 0.61 93.00 1692792416.85
0.51 0.51 93.00 1692792416.95
0.58 0.52 93.00 1692792417.05
0.74 0.61 93.00 1692792417.15
0.93 0.63 93.00 1692792417.25
1.21 0.74 93.00 1692792417.35
1.59 1.42 93.00 1692792417.45
1.87 1.68 93.00 1692792417.55
2.04 1.74 93.00 1692792417.65
2.38 1.92 93.00 1692792417.75
2.64 2.17 92.00 1692792417.85
2.95 2.64 92.00 1692792417.95
3.43 3.57 92.00 1692792418.05
3.69 4.15 92.00 1692792418.15
3.55 4.11 91.00 1692792418.25
3.38 5.94 90.00 1692792418.35
3.30 4.18 86.00 1692792418.77
3.95 5.66 85.00 1692792418.86
4.98 7.06 84.00 1692792418.95
5.87 7.73 81.00 1692792419.04
6.28 8.45 81.00 1692792419.14
6.83 9.70 80.00 1692792419.23
7.96 10.70 80.00 1692792419.32
8.72 10.83 78.00 1692792419.41
8.75 10.49 77.00 1692792419.51
8.89 10.83 77.00 1692792419.60
9.61 11.52 76.00 1692792419.69
10.42 12.07 74.00 1692792419.78
10.94 12.44 73.00 1692792419.88
11.41 12.91 72.00 1692792419.97
12.48 13.91 72.00 1692792420.06
13.53 14.81 71.00 1692792420.16
13.52 14.73 70.00 1692792420.26
13.19 14.32 68.00 1692792420.36
13.47 14.54 68.00 1692792420.46
14.20 15.23 66.00 1692792420.56
15.21 16.01 65.00 1692792420.66
16.57 17.17 64.00 1692792420.76
17.92 18.35 64.00 1692792420.86
18.21 18.91 63.00 1692792420.96
17.47 18.44 62.00 1692792421.06
17.57 17.64 62.00 1692792421.16
18.05 18.14 61.00 1692792421.26
18.99 19.64 60.00 1692792421.36
20.25 20.32 60.00 1692792421.46
20.77 20.30 59.00 1692792421.56
21.08 19.83 58.00 1692792421.66
21.59 19.97 56.00 1692792421.76
22.44 20.57 55.00 1692792421.86
23.87 21.64 54.00 1692792421.96
24.93 22.66 54.00 1692792422.06
25.38 0.06 53.00 1692792422.16
25.46 24.54 51.00 1692792422.58
28.20 24.81 49.00 1692792422.67
29.01 24.55 49.00 1692792422.76
28.88 24.76 48.00 1692792422.85
28.89 25.72 46.00 1692792422.95
193.09 26.88 45.00 1692792423.04
32.02 28.59 43.00 1692792423.42
32.29 28.94 41.00 1692792423.52
32.91 29.68 42.00 1692792423.62
33.50 30.30 42.00 1692792423.72
33.96 30.63 41.00 1692792423.82
34.28 30.63 40.00 1692792423.92
34.59 30.47 40.00 1692792424.02
34.87 30.79 39.00 1692792424.12
35.15 31.38 38.00 1692792424.22
35.85 32.37 38.00 1692792424.32
36.64 33.51 37.00 1692792424.42
36.85 34.13 36.00 1692792424.52
36.70 34.03 36.00 1692792424.62
36.70 34.13 35.00 1692792424.72
36.18 33.82 34.00 1692792424.82
36.25 33.60 34.00 1692792424.92
37.58 34.48 32.00 1692792425.02
38.80 35.69 31.00 1692792425.12
39.59 36.64 31.00 1692792425.23
40.16 37.29 30.00 1692792425.33
40.38 37.82 29.00 1692792425.43
39.63 37.59 29.00 1692792425.53
39.83 36.85 28.00 1692792425.63
40.40 37.91 28.00 1692792425.73
40.64 38.12 27.00 1692792425.83
41.11 38.61 26.00 1692792425.93
41.54 39.32 25.00 1692792426.03
42.00 39.87 25.00 1692792426.13
42.12 40.27 24.00 1692792426.23
42.16 40.28 23.00 1692792426.33
38.54 32.66 18.00 1692792426.77
34.72 28.40 14.00 1692792426.88
26.56 20.16 11.00 1692792426.98
17.67 11.62 10.00 1692792427.08
10.82 7.32 9.00 1692792427.18
7.16 4.44 9.00 1692792427.28
5.09 3.02 9.00 1692792427.38
4.05 2.03 9.00 1692792427.48
3.35 0.84 8.00 1692792427.58
2.98 0.58 8.00 1692792427.68
2.71 0.64 9.00 1692792427.78
2.40 0.73 9.00 1692792427.88
2.05 0.57 10.00 1692792427.98
1.77 0.48 11.00 1692792428.08
1.43 0.60 11.00 1692792428.18
1.23 0.44 11.00 1692792428.28
1.24 0.36 11.00 1692792428.38
1.41 0.41 11.00 1692792428.48
1.68 0.43 11.00 1692792428.58
2.10 0.53 11.00 1692792428.68
2.48 1.53 11.00 1692792428.78
3.55 2.11 11.00 1692792428.88
5.15 2.88 11.00 1692792428.98
6.24 3.48 11.00 1692792429.08
5.96 3.41 11.00 1692792429.18
4.98 2.73 11.00 1692792429.28
4.31 1.85 11.00 1692792429.38
4.47 1.25 11.00 1692792429.48
4.58 0.99 11.00 1692792429.58
4.01 0.81 11.00 1692792429.68
2.93 0.73 11.00 1692792429.78
1.92 0.72 11.00 1692792429.88
1.43 0.66 11.00 1692792429.98
1.21 0.45 11.00 1692792430.08
0.94 0.06 11.00 1692792430.18
0.45 0.10 11.00 1692792430.60
0.09 0.08 11.00 1692792430.69
0.09 0.03 11.00 1692792430.78
0.08 0.03 10.00 1692792430.87
0.08 0.09 12.00 1692792430.97
0.09 0.21 12.00 1692792431.06
0.09 0.24 13.00 1692792431.15
0.09 0.05 13.00 1692792431.24
0.09 0.01 13.00 1692792431.34
