0.05 0.03 88.00 1692708820.41
0.04 0.03 88.00 1692708820.45
0.03 0.03 88.00 1692708820.55
0.03 0.03 88.00 1692708820.64
0.04 0.03 88.00 1692708820.74
0.03 0.03 88.00 1692708820.84
0.03 0.03 88.00 1692708820.94
0.04 0.03 88.00 1692708821.04
0.04 0.03 88.00 1692708821.14
0.05 0.03 88.00 1692708821.24
0.06 0.03 88.00 1692708821.34
0.06 0.03 88.00 1692708821.44
0.06 0.03 88.00 1692708821.54
0.06 10.70 88.00 1692708821.64
0.06 0.03 86.00 1692708822.05
0.05 0.03 84.00 1692708822.15
0.04 0.03 83.00 1692708822.24
0.04 0.03 81.00 1692708822.33
0.04 0.02 81.00 1692708822.42
0.04 0.02 81.00 1692708822.52
0.03 0.02 81.00 1692708822.61
0.02 0.02 81.00 1692708822.70
11.83 0.01 81.00 1692708822.79
0.03 0.03 81.00 1692708823.19
0.01 0.00 81.00 1692708823.29
0.02 0.01 81.00 1692708823.39
0.03 0.00 81.00 1692708823.49
0.02 0.00 81.00 1692708823.59
0.01 0.01 81.00 1692708823.69
0.01 0.02 81.00 1692708823.79
0.01 0.03 81.00 1692708823.89
0.01 0.03 81.00 1692708823.99
0.01 0.03 81.00 1692708824.09
0.01 0.03 81.00 1692708824.19
0.01 0.03 81.00 1692708824.29
0.01 0.03 81.00 1692708824.39
0.01 0.03 81.00 1692708824.49
0.02 0.04 81.00 1692708824.59
0.02 0.03 81.00 1692708824.69
0.02 0.03 81.00 1692708824.79
0.01 0.04 81.00 1692708824.89
0.01 0.03 81.00 1692708824.99
0.02 0.03 81.00 1692708825.09
0.02 0.03 81.00 1692708825.19
0.02 0.03 81.00 1692708825.29
0.02 0.04 81.00 1692708825.39
0.02 0.04 81.00 1692708825.49
0.02 0.03 81.00 1692708825.59
0.02 0.03 81.00 1692708825.69
0.02 0.03 81.00 1692708825.79
0.03 0.03 81.00 1692708825.89
0.03 0.03 81.00 1692708825.99
0.03 0.03 81.00 1692708826.09
0.02 0.03 81.00 1692708826.19
0.03 0.04 81.00 1692708826.29
0.03 0.03 81.00 1692708826.39
0.03 0.03 81.00 1692708826.49
0.02 0.03 81.00 1692708826.59
0.02 0.04 81.00 1692708826.69
0.02 0.03 81.00 1692708826.79
0.02 0.03 81.00 1692708826.89
0.03 0.04 81.00 1692708826.99
0.04 0.04 81.00 1692708827.09
0.05 0.03 81.00 1692708827.19
0.05 0.03 81.00 1692708827.29
0.04 0.03 81.00 1692708827.39
0.05 0.03 81.00 1692708827.49
0.05 0.03 81.00 1692708827.59
0.05 0.03 81.00 1692708827.69
0.04 0.03 81.00 1692708827.79
0.04 0.03 81.00 1692708827.89
0.03 0.03 81.00 1692708827.99
0.02 0.03 81.00 1692708828.09
0.01 0.03 81.00 1692708828.19
0.02 0.03 81.00 1692708828.29
0.02 0.03 81.00 1692708828.39
0.03 0.03 81.00 1692708828.49
0.03 0.03 81.00 1692708828.59
0.02 0.03 81.00 1692708828.69
0.01 0.04 81.00 1692708828.79
0.01 0.03 81.00 1692708828.89
0.01 0.03 81.00 1692708828.99
0.02 0.03 81.00 1692708829.09
0.02 0.03 81.00 1692708829.19
0.02 0.03 81.00 1692708829.29
0.03 0.03 81.00 1692708829.39
0.03 0.03 81.00 1692708829.49
0.03 0.03 81.00 1692708829.59
0.04 0.03 81.00 1692708829.69
0.04 0.03 81.00 1692708829.79
0.04 0.02 81.00 1692708829.89
0.04 0.03 81.00 1692708829.99
0.03 0.03 81.00 1692708830.09
0.02 0.03 81.00 1692708830.19
0.03 0.03 81.00 1692708830.29
0.03 0.03 81.00 1692708830.39
0.04 0.03 81.00 1692708830.49
0.04 0.02 81.00 1692708830.59
0.04 0.02 81.00 1692708830.69
0.02 0.03 81.00 1692708830.79
0.02 0.03 81.00 1692708830.89
0.02 0.03 81.00 1692708830.99
0.02 0.03 81.00 1692708831.09
0.03 0.02 81.00 1692708831.19
0.03 0.03 81.00 1692708831.29
0.02 0.04 81.00 1692708831.39
0.02 0.03 81.00 1692708831.49
0.01 0.03 81.00 1692708831.59
0.01 0.03 81.00 1692708831.69
0.01 0.03 81.00 1692708831.79
0.01 0.04 81.00 1692708831.89
0.02 0.04 81.00 1692708831.99
0.02 0.04 81.00 1692708832.09
0.02 0.04 81.00 1692708832.19
0.02 0.03 81.00 1692708832.29
0.01 0.04 81.00 1692708832.39
0.02 0.04 81.00 1692708832.49
0.02 0.04 81.00 1692708832.59
0.02 0.04 81.00 1692708832.69
0.04 0.03 81.00 1692708832.79
0.05 0.03 81.00 1692708832.89
0.05 0.03 81.00 1692708832.99
0.03 0.03 81.00 1692708833.09
0.02 0.03 81.00 1692708833.19
0.02 0.03 81.00 1692708833.29
0.02 0.03 81.00 1692708833.39
0.03 0.03 81.00 1692708833.49
0.03 0.03 81.00 1692708833.59
0.03 0.03 81.00 1692708833.69
0.03 0.02 81.00 1692708833.79
0.03 0.03 81.00 1692708833.89
0.03 0.03 81.00 1692708833.99
0.03 0.03 81.00 1692708834.09
0.02 0.03 81.00 1692708834.19
0.02 0.03 81.00 1692708834.29
0.02 0.03 81.00 1692708834.39
0.02 0.04 81.00 1692708834.49
0.02 0.03 81.00 1692708834.59
0.03 0.03 81.00 1692708834.69
0.03 0.03 81.00 1692708834.79
0.03 0.03 81.00 1692708834.89
0.04 0.04 81.00 1692708834.99
0.03 0.04 81.00 1692708835.09
0.03 0.04 81.00 1692708835.19
0.03 0.03 81.00 1692708835.29
0.03 0.04 81.00 1692708835.39
0.03 0.03 81.00 1692708835.49
0.03 0.04 81.00 1692708835.59
0.04 0.04 81.00 1692708835.69
0.05 0.04 81.00 1692708835.79
0.05 0.04 81.00 1692708835.89
0.04 0.04 81.00 1692708835.99
0.04 0.04 81.00 1692708836.09
0.04 0.03 81.00 1692708836.19
0.04 0.04 81.00 1692708836.29
0.03 0.03 81.00 1692708836.39
0.02 0.03 81.00 1692708836.49
0.00 0.03 81.00 1692708836.59
0.00 0.03 81.00 1692708836.69
0.00 0.03 81.00 1692708836.79
0.00 0.03 81.00 1692708836.89
0.00 0.03 81.00 1692708836.99
0.00 0.03 81.00 1692708837.09
0.00 0.03 81.00 1692708837.19
0.00 0.03 81.00 1692708837.29
0.01 0.04 81.00 1692708837.39
0.01 0.04 81.00 1692708837.49
0.01 0.03 81.00 1692708837.59
0.02 0.02 81.00 1692708837.69
0.03 0.02 81.00 1692708837.79
0.02 0.02 81.00 1692708837.89
0.00 0.03 81.00 1692708837.99
0.01 0.03 81.00 1692708838.09
0.04 0.03 80.00 1692708838.19
0.05 0.01 80.00 1692708838.29
0.08 0.01 80.00 1692708838.39
0.30 0.01 80.00 1692708838.49
0.82 0.07 80.00 1692708838.59
1.25 0.13 80.00 1692708838.69
0.95 0.09 80.00 1692708838.79
0.71 0.01 79.00 1692708838.89
0.92 0.01 79.00 1692708838.99
1.21 0.00 77.00 1692708839.09
1.30 0.00 77.00 1692708839.19
1.29 0.01 77.00 1692708839.29
1.26 0.14 76.00 1692708839.39
1.29 0.39 74.00 1692708839.49
1.53 0.35 73.00 1692708839.59
2.01 0.53 70.00 1692708839.69
3.02 0.90 68.00 1692708839.79
4.80 1.52 66.00 1692708839.89
7.55 2.72 65.00 1692708839.99
9.82 4.40 65.00 1692708840.09
8.88 4.93 64.00 1692708840.19
7.55 3.99 64.00 1692708840.29
7.81 3.84 64.00 1692708840.39
7.88 4.21 64.00 1692708840.49
8.21 4.61 63.00 1692708840.59
9.08 6.01 63.00 1692708840.69
9.33 6.13 63.00 1692708840.79
8.24 5.55 63.00 1692708840.89
7.68 5.35 62.00 1692708840.99
8.55 5.98 62.00 1692708841.09
9.30 6.84 62.00 1692708841.19
9.97 7.38 62.00 1692708841.29
10.42 7.82 62.00 1692708841.39
9.58 7.81 62.00 1692708841.49
8.82 7.31 61.00 1692708841.59
9.30 7.49 60.00 1692708841.69
9.69 7.83 60.00 1692708841.79
10.35 8.70 60.00 1692708841.89
11.30 9.28 60.00 1692708841.99
11.64 9.34 59.00 1692708842.09
11.26 9.07 59.00 1692708842.19
11.33 9.15 59.00 1692708842.29
11.19 9.36 59.00 1692708842.39
10.61 9.27 59.00 1692708842.49
10.56 9.28 58.00 1692708842.59
10.81 9.67 57.00 1692708842.69
11.33 10.16 57.00 1692708842.79
11.74 10.99 56.00 1692708842.89
11.87 11.41 56.00 1692708842.99
12.34 11.63 55.00 1692708843.09
12.94 12.05 55.00 1692708843.19
13.17 12.38 55.00 1692708843.29
12.68 12.13 55.00 1692708843.39
12.31 11.94 55.00 1692708843.49
11.91 11.94 55.00 1692708843.59
11.17 11.73 55.00 1692708843.69
11.72 11.83 54.00 1692708843.79
12.35 12.36 54.00 1692708843.89
12.15 12.79 54.00 1692708843.99
12.41 12.85 54.00 1692708844.09
12.55 13.30 54.00 1692708844.19
11.89 12.89 54.00 1692708844.29
11.75 12.70 54.00 1692708844.39
12.71 13.10 54.00 1692708844.49
13.10 13.13 54.00 1692708844.59
12.39 12.70 54.00 1692708844.69
12.52 12.51 54.00 1692708844.79
12.69 12.60 54.00 1692708844.89
12.64 12.34 54.00 1692708844.99
12.40 12.45 54.00 1692708845.09
11.90 12.15 54.00 1692708845.19
12.17 12.05 54.00 1692708845.29
12.17 12.20 53.00 1692708845.39
12.55 12.98 52.00 1692708845.49
13.03 13.58 51.00 1692708845.59
12.70 13.48 51.00 1692708845.69
13.38 14.24 51.00 1692708845.79
14.25 15.26 51.00 1692708845.89
14.20 16.07 51.00 1692708845.99
13.55 15.68 51.00 1692708846.09
13.96 15.54 51.00 1692708846.19
13.77 15.64 51.00 1692708846.29
13.89 15.53 50.00 1692708846.39
14.46 15.87 50.00 1692708846.49
15.22 17.49 49.00 1692708846.93
15.13 17.05 49.00 1692708847.03
15.36 17.42 49.00 1692708847.13
15.85 18.84 48.00 1692708847.23
16.00 18.60 48.00 1692708847.33
15.57 17.66 48.00 1692708847.43
15.04 16.88 48.00 1692708847.53
15.69 17.22 48.00 1692708847.63
16.03 17.64 47.00 1692708847.73
16.18 18.08 46.00 1692708847.83
16.08 17.99 45.00 1692708847.93
16.87 18.47 45.00 1692708848.03
17.84 19.84 44.00 1692708848.13
18.92 20.68 44.00 1692708848.23
19.11 20.75 44.00 1692708848.33
19.27 20.59 44.00 1692708848.43
19.22 20.95 44.00 1692708848.53
19.35 21.17 44.00 1692708848.63
19.85 21.40 44.00 1692708848.73
19.57 21.15 44.00 1692708848.83
18.78 21.04 43.00 1692708848.93
19.32 20.69 43.00 1692708849.03
20.46 21.20 43.00 1692708849.13
20.91 21.90 42.00 1692708849.23
20.61 22.31 42.00 1692708849.33
20.26 22.10 42.00 1692708849.43
21.03 22.13 42.00 1692708849.53
21.37 23.40 42.00 1692708849.63
21.01 23.40 42.00 1692708849.73
20.33 22.50 42.00 1692708849.83
20.95 22.40 42.00 1692708849.93
21.49 23.34 42.00 1692708850.03
21.24 23.46 42.00 1692708850.13
21.95 23.72 42.00 1692708850.23
21.41 23.33 42.00 1692708850.33
20.43 22.21 42.00 1692708850.43
20.55 21.88 42.00 1692708850.53
20.36 21.86 41.00 1692708850.63
21.09 21.73 41.00 1692708850.73
21.81 22.92 40.00 1692708850.83
22.01 23.45 39.00 1692708850.93
22.28 23.41 38.00 1692708851.03
23.15 23.94 38.00 1692708851.13
23.74 24.61 37.00 1692708851.23
23.89 24.87 36.00 1692708851.33
23.94 25.05 35.00 1692708851.43
25.20 25.90 35.00 1692708851.53
25.95 26.69 35.00 1692708851.63
25.74 27.18 34.00 1692708851.73
25.90 27.43 34.00 1692708851.83
26.59 27.23 35.00 1692708851.93
26.36 27.41 34.00 1692708852.03
25.18 26.91 34.00 1692708852.13
25.46 26.65 34.00 1692708852.23
25.95 27.25 34.00 1692708852.33
24.60 26.98 34.00 1692708852.43
23.72 26.33 34.00 1692708852.53
23.82 26.02 33.00 1692708852.63
24.60 26.14 32.00 1692708852.73
25.89 27.10 31.00 1692708852.83
26.88 28.11 31.00 1692708852.93
27.83 28.62 31.00 1692708853.03
27.89 29.18 30.00 1692708853.13
27.65 29.28 29.00 1692708853.23
28.49 29.24 29.00 1692708853.33
28.75 29.23 29.00 1692708853.43
28.73 29.65 29.00 1692708853.53
29.24 30.00 28.00 1692708853.63
29.77 30.66 28.00 1692708853.73
30.84 31.15 28.00 1692708853.83
31.29 31.91 27.00 1692708853.93
31.24 32.18 27.00 1692708854.03
31.00 32.37 27.00 1692708854.13
31.04 32.15 27.00 1692708854.23
31.11 31.92 26.00 1692708854.33
31.67 31.68 26.00 1692708854.43
31.64 31.52 25.00 1692708854.53
31.49 31.72 25.00 1692708854.63
31.72 32.23 25.00 1692708854.73
31.81 32.08 23.00 1692708854.83
32.01 32.46 22.00 1692708854.93
32.03 32.79 21.00 1692708855.03
32.05 33.14 21.00 1692708855.13
31.25 33.48 19.00 1692708855.23
31.58 33.73 16.00 1692708855.33
32.95 34.58 15.00 1692708855.43
33.35 35.21 14.00 1692708855.53
29.88 34.56 13.00 1692708855.63
23.35 31.49 10.00 1692708855.73
16.58 22.92 9.00 1692708855.83
12.28 16.72 8.00 1692708855.93
9.64 12.64 8.00 1692708856.03
7.90 9.97 8.00 1692708856.13
6.45 8.27 8.00 1692708856.23
5.43 6.95 8.00 1692708856.33
4.60 5.77 8.00 1692708856.43
3.79 4.98 8.00 1692708856.53
3.19 4.30 8.00 1692708856.63
2.77 3.11 8.00 1692708856.73
2.19 2.79 8.00 1692708856.83
1.70 2.54 8.00 1692708856.93
1.55 2.27 8.00 1692708857.03
1.49 2.31 8.00 1692708857.13
1.55 2.39 8.00 1692708857.23
1.70 2.31 8.00 1692708857.33
1.99 2.29 8.00 1692708857.43
2.13 2.34 8.00 1692708857.53
2.03 2.06 8.00 1692708857.63
2.04 2.06 8.00 1692708857.73
1.91 2.14 8.00 1692708857.83
2.24 2.55 8.00 1692708857.93
2.34 2.41 23.00 1692708858.03
2.39 2.24 43.00 1692708858.13
2.33 2.24 62.00 1692708858.23
1.84 2.12 81.00 1692708858.33
1.35 1.91 95.00 1692708858.43
1.22 1.94 96.00 1692708858.53
0.99 2.02 96.00 1692708858.63
0.77 1.70 96.00 1692708858.73
0.74 1.58 96.00 1692708858.83
0.73 1.68 95.00 1692708858.93
0.83 1.71 95.00 1692708859.03
1.25 1.89 95.00 1692708859.13
1.15 2.02 95.00 1692708859.23
0.74 2.37 94.00 1692708859.33
0.82 2.49 94.00 1692708859.43
1.05 2.14 94.00 1692708859.53
0.75 1.89 94.00 1692708859.63
0.45 2.07 94.00 1692708859.73
0.20 2.54 94.00 1692708859.83
0.08 2.75 94.00 1692708859.93
0.02 2.49 93.00 1692708860.03
0.01 2.01 92.00 1692708860.13
0.03 1.82 92.00 1692708860.23
0.04 2.36 92.00 1692708860.33
0.04 2.35 92.00 1692708860.43
0.03 2.11 92.00 1692708860.53
0.01 1.98 91.00 1692708860.63
0.02 2.18 91.00 1692708860.73
0.04 2.55 91.00 1692708860.83
0.05 2.51 91.00 1692708860.93
0.04 2.53 91.00 1692708861.03
0.02 2.10 90.00 1692708861.13
0.01 1.67 90.00 1692708861.23
0.01 1.55 90.00 1692708861.33
0.01 1.57 90.00 1692708861.43
0.01 1.52 90.00 1692708861.53
0.01 1.35 90.00 1692708861.63
0.03 1.31 89.00 1692708861.73
0.04 1.46 89.00 1692708861.83
0.04 1.58 89.00 1692708861.93
0.02 1.20 89.00 1692708862.03
0.01 0.91 89.00 1692708862.13
0.01 0.85 89.00 1692708862.23
0.01 0.86 89.00 1692708862.33
0.02 0.81 89.00 1692708862.43
0.02 0.86 89.00 1692708862.53
0.01 0.82 89.00 1692708862.63
0.01 0.69 89.00 1692708862.73
0.01 0.59 89.00 1692708862.83
0.00 0.52 89.00 1692708862.93
0.01 0.45 89.00 1692708863.03
0.01 0.53 89.00 1692708863.13
0.02 0.68 89.00 1692708863.23
0.03 0.90 89.00 1692708863.33
0.04 1.07 89.00 1692708863.43
0.04 1.05 89.00 1692708863.53
0.03 0.96 89.00 1692708863.63
0.02 0.78 89.00 1692708863.73
0.01 0.57 89.00 1692708863.83
0.01 0.58 89.00 1692708863.93
0.01 0.45 89.00 1692708864.03
0.01 0.31 89.00 1692708864.13
192.38 0.21 89.00 1692708864.23
0.01 0.03 89.00 1692708864.67
0.01 0.09 89.00 1692708864.77
0.01 0.09 89.00 1692708864.87
0.01 0.05 89.00 1692708864.97
0.01 0.07 89.00 1692708865.07
0.01 0.08 89.00 1692708865.17
0.02 0.06 89.00 1692708865.27
0.02 0.08 89.00 1692708865.37
0.03 0.35 89.00 1692708865.47
0.02 0.66 89.00 1692708865.57
0.02 0.31 89.00 1692708865.67
0.02 0.16 89.00 1692708865.77
0.02 0.16 89.00 1692708865.87
0.03 0.31 89.00 1692708865.97
0.03 0.56 89.00 1692708866.07
0.03 0.33 89.00 1692708866.17
0.04 0.13 89.00 1692708866.27
0.04 0.08 89.00 1692708866.37
0.04 0.02 89.00 1692708866.47
0.04 0.01 89.00 1692708866.57
0.04 0.01 89.00 1692708866.67
0.04 0.01 89.00 1692708866.77
0.03 0.01 89.00 1692708866.87
0.03 0.01 89.00 1692708866.97
0.03 0.01 89.00 1692708867.07
0.03 0.02 89.00 1692708867.17
0.03 0.02 89.00 1692708867.27
0.03 0.02 89.00 1692708867.37
0.02 0.03 89.00 1692708867.47
0.02 0.03 89.00 1692708867.57
0.01 0.03 89.00 1692708867.67
0.01 0.03 89.00 1692708867.77
0.01 0.04 89.00 1692708867.87
0.02 0.03 89.00 1692708867.97
0.01 0.03 89.00 1692708868.07
0.01 0.04 89.00 1692708868.17
0.01 0.04 89.00 1692708868.27
0.02 0.03 89.00 1692708868.37
0.01 0.03 89.00 1692708868.47
0.01 0.03 89.00 1692708868.57
0.01 0.03 89.00 1692708868.67
0.01 0.03 89.00 1692708868.77
0.02 0.03 89.00 1692708868.87
0.02 0.02 89.00 1692708868.97
0.02 0.01 89.00 1692708869.07
0.01 0.01 89.00 1692708869.17
0.01 0.02 89.00 1692708869.27
0.02 0.02 89.00 1692708869.37
0.02 0.02 90.00 1692708869.47
0.02 0.03 89.00 1692708869.57
0.02 0.02 89.00 1692708869.67
0.02 0.02 89.00 1692708869.77
0.02 0.03 89.00 1692708869.87
0.01 0.03 89.00 1692708869.97
0.01 0.03 89.00 1692708870.07
0.02 0.03 89.00 1692708870.17
0.02 0.03 89.00 1692708870.27
0.02 0.02 89.00 1692708870.37
0.01 0.02 89.00 1692708870.47
0.01 0.03 89.00 1692708870.57
0.02 0.03 89.00 1692708870.67
0.02 0.02 89.00 1692708870.77
0.03 0.02 89.00 1692708870.87
0.04 0.01 89.00 1692708870.97
0.04 0.01 89.00 1692708871.07
0.03 0.01 89.00 1692708871.17
0.04 0.00 89.00 1692708871.27
0.04 0.03 89.00 1692708871.37
0.06 0.04 89.00 1692708871.47
0.10 0.13 89.00 1692708871.57
0.11 0.47 89.00 1692708871.67
0.05 0.23 88.00 1692708871.77
0.07 0.30 87.00 1692708871.87
0.15 0.59 87.00 1692708871.97
0.28 0.74 86.00 1692708872.07
0.28 0.86 85.00 1692708872.17
0.30 0.86 84.00 1692708872.27
0.54 1.18 82.00 1692708872.37
0.80 1.58 81.00 1692708872.47
1.39 2.52 81.00 1692708872.57
1.55 3.48 81.00 1692708872.67
1.27 3.24 81.00 1692708872.77
1.09 2.28 81.00 1692708872.87
1.19 2.33 82.00 1692708872.97
1.36 2.26 80.00 1692708873.07
1.32 2.13 79.00 1692708873.17
1.78 2.55 78.00 1692708873.27
2.50 3.35 77.00 1692708873.37
2.85 3.83 76.00 1692708873.47
3.63 4.28 75.00 1692708873.57
4.43 4.83 75.00 1692708873.67
4.86 5.32 74.00 1692708873.77
5.20 5.55 74.00 1692708873.87
5.29 5.49 74.00 1692708873.97
5.07 5.09 73.00 1692708874.07
5.01 5.12 72.00 1692708874.17
5.43 5.53 72.00 1692708874.27
5.82 5.85 72.00 1692708874.37
5.99 5.92 72.00 1692708874.47
5.97 5.87 70.00 1692708874.57
6.19 5.92 70.00 1692708874.67
7.01 6.41 69.00 1692708874.77
7.70 6.89 69.00 1692708874.87
8.00 7.06 68.00 1692708874.97
8.62 7.10 68.00 1692708875.07
9.17 7.32 68.00 1692708875.17
9.08 7.19 68.00 1692708875.27
8.91 6.92 67.00 1692708875.37
9.37 7.20 66.00 1692708875.47
10.15 7.92 65.00 1692708875.57
10.57 8.21 65.00 1692708875.67
10.20 8.02 65.00 1692708875.77
10.10 7.81 64.00 1692708875.87
11.10 8.45 64.00 1692708875.97
11.57 9.23 63.00 1692708876.07
11.28 9.29 62.00 1692708876.17
11.34 9.14 62.00 1692708876.27
11.91 9.43 62.00 1692708876.37
12.43 10.75 62.00 1692708876.47
12.67 10.98 61.00 1692708876.57
12.83 11.25 61.00 1692708876.67
12.87 11.73 61.00 1692708876.77
12.68 11.57 60.00 1692708876.87
12.91 11.47 59.00 1692708876.97
13.46 11.75 58.00 1692708877.07
14.38 12.32 58.00 1692708877.17
15.21 12.88 57.00 1692708877.27
15.95 12.64 56.00 1692708877.37
16.57 13.29 56.00 1692708877.47
16.67 13.71 55.00 1692708877.57
16.86 14.51 55.00 1692708877.67
17.28 14.82 54.00 1692708877.77
17.75 15.51 53.00 1692708877.87
18.09 15.95 53.00 1692708877.97
18.37 16.22 53.00 1692708878.07
17.98 16.05 52.00 1692708878.17
18.60 15.80 52.00 1692708878.27
19.59 16.44 51.00 1692708878.37
19.83 17.07 51.00 1692708878.47
19.47 17.23 50.00 1692708878.57
19.26 16.50 50.00 1692708878.67
20.11 18.23 49.00 1692708878.76
21.07 19.25 48.00 1692708878.87
22.05 20.29 48.00 1692708878.97
22.48 21.07 48.00 1692708879.06
21.95 20.63 46.00 1692708879.16
21.86 19.51 45.00 1692708879.26
22.84 20.61 45.00 1692708879.36
23.68 21.63 44.00 1692708879.46
24.72 22.76 44.00 1692708879.56
24.98 23.80 44.00 1692708879.66
24.17 24.04 43.00 1692708879.76
24.14 24.13 42.00 1692708879.86
24.86 25.28 41.00 1692708879.96
25.74 25.84 40.00 1692708880.06
26.38 26.29 40.00 1692708880.17
26.53 25.91 39.00 1692708880.26
26.14 26.15 39.00 1692708880.36
25.87 26.07 37.00 1692708880.46
26.71 26.63 36.00 1692708880.56
27.73 27.43 35.00 1692708880.66
28.87 28.56 34.00 1692708880.76
29.18 28.41 33.00 1692708880.86
29.17 28.17 31.00 1692708880.96
29.74 28.64 29.00 1692708881.06
30.15 30.09 27.00 1692708881.16
30.40 30.94 24.00 1692708881.26
31.37 30.99 21.00 1692708881.36
32.29 30.84 19.00 1692708881.46
32.19 15.84 1.00 1692708881.87
19.97 10.75 0.00 1692708881.97
12.70 8.01 0.00 1692708882.06
9.08 6.44 0.00 1692708882.15
7.02 5.56 0.00 1692708882.24
5.52 4.77 0.00 1692708882.34
4.66 3.81 0.00 1692708882.43
3.68 3.05 0.00 1692708882.52
2.86 2.70 0.00 1692708882.61
2.28 2.39 0.00 1692708882.70
2.00 2.15 0.00 1692708882.80
1.85 2.07 0.00 1692708882.89
1.70 1.95 0.00 1692708882.98
1.63 1.89 0.00 1692708883.07
1.59 2.15 0.00 1692708883.17
1.45 2.23 0.00 1692708883.26
1.32 2.24 21.00 1692708883.36
1.45 2.40 45.00 1692708883.46
1.65 2.56 63.00 1692708883.56
1.66 2.70 71.00 1692708883.66
1.60 2.66 83.00 1692708883.76
1.68 2.88 93.00 1692708883.86
1.61 3.19 96.00 1692708883.96
1.61 3.15 96.00 1692708884.06
1.40 2.77 96.00 1692708884.16
1.04 2.34 91.00 1692708884.26
0.80 2.11 90.00 1692708884.36
0.28 1.88 90.00 1692708884.46
0.18 1.96 90.00 1692708884.56
0.45 2.49 90.00 1692708884.66
1.39 3.66 90.00 1692708884.76
2.13 5.01 90.00 1692708884.86
1.71 4.90 90.00 1692708884.96
0.99 3.82 90.00 1692708885.06
0.44 2.91 90.00 1692708885.16
0.21 2.58 90.00 1692708885.26
0.08 2.41 90.00 1692708885.36
0.03 2.24 90.00 1692708885.46
0.04 2.62 89.00 1692708885.56
0.04 1.93 89.00 1692708885.66
0.01 0.95 89.00 1692708885.76
0.01 0.37 89.00 1692708885.86
0.03 0.50 88.00 1692708885.96
0.26 1.09 88.00 1692708886.06
1.26 0.88 88.00 1692708886.16
0.98 0.85 88.00 1692708886.26
0.14 0.92 88.00 1692708886.36
0.02 0.33 88.00 1692708886.46
0.00 0.04 88.00 1692708886.56
0.01 0.02 88.00 1692708886.66
0.01 0.03 88.00 1692708886.76
0.01 0.04 88.00 1692708886.86
0.02 0.03 88.00 1692708886.96
0.02 0.03 88.00 1692708887.06
0.04 0.03 88.00 1692708887.16
0.06 0.04 88.00 1692708887.26
0.12 0.04 88.00 1692708887.36
0.13 0.03 88.00 1692708887.46
0.13 0.05 88.00 1692708887.56
0.10 0.55 88.00 1692708887.66
0.05 0.49 88.00 1692708887.76
0.02 0.01 88.00 1692708887.86
0.00 0.03 88.00 1692708887.96
0.01 0.03 88.00 1692708888.06
0.01 0.03 88.00 1692708888.16
0.00 0.03 88.00 1692708888.26
0.00 0.03 88.00 1692708888.36
0.00 0.02 88.00 1692708888.46
0.01 0.01 87.00 1692708888.56
0.02 0.01 87.00 1692708888.66
0.11 0.10 87.00 1692708888.76
0.56 0.62 86.00 1692708888.86
0.61 1.01 84.00 1692708888.96
0.77 1.01 84.00 1692708889.06
1.51 1.63 83.00 1692708889.16
2.31 1.92 81.00 1692708889.26
3.01 2.12 81.00 1692708889.36
3.79 2.55 81.00 1692708889.46
4.26 2.94 80.00 1692708889.56
3.87 2.69 80.00 1692708889.66
3.70 2.36 79.00 1692708889.76
4.26 2.54 78.00 1692708889.86
5.18 3.27 77.00 1692708889.96
5.87 3.80 77.00 1692708890.06
6.68 4.19 76.00 1692708890.16
7.23 4.52 75.00 1692708890.26
7.24 4.43 74.00 1692708890.36
7.33 4.72 73.00 1692708890.46
7.91 5.27 72.00 1692708890.56
9.16 6.41 72.00 1692708890.66
9.67 6.95 72.00 1692708890.76
9.40 6.57 70.00 1692708890.86
9.58 6.75 70.00 1692708890.96
9.95 7.37 69.00 1692708891.06
10.49 7.80 69.00 1692708891.16
10.93 7.97 68.00 1692708891.26
11.12 7.82 67.00 1692708891.36
11.67 7.64 66.00 1692708891.46
12.33 8.05 65.00 1692708891.56
12.74 8.29 65.00 1692708891.66
13.10 8.78 65.00 1692708891.76
13.41 9.37 64.00 1692708891.86
13.82 9.96 63.00 1692708891.96
14.18 10.35 63.00 1692708892.06
13.82 9.67 63.00 1692708892.16
13.72 9.08 63.00 1692708892.26
13.84 9.48 61.00 1692708892.36
14.33 10.46 60.00 1692708892.46
15.60 11.77 60.00 1692708892.56
15.64 12.93 60.00 1692708892.66
14.68 10.84 60.00 1692708892.76
15.02 11.62 59.00 1692708892.86
16.18 13.22 58.00 1692708892.96
17.45 14.29 58.00 1692708893.06
17.72 14.46 58.00 1692708893.16
17.44 14.30 56.00 1692708893.26
17.38 14.67 56.00 1692708893.36
18.17 14.71 56.00 1692708893.46
18.52 14.87 55.00 1692708893.56
18.65 15.05 54.00 1692708893.66
19.79 15.53 55.00 1692708893.76
20.79 17.04 55.00 1692708893.86
20.17 17.23 54.00 1692708893.96
19.87 16.90 53.00 1692708894.06
19.96 16.66 52.00 1692708894.16
20.55 16.94 51.00 1692708894.26
21.42 18.88 51.00 1692708894.36
21.34 19.86 51.00 1692708894.46
20.64 18.88 50.00 1692708894.56
21.80 19.36 49.00 1692708894.66
23.43 21.62 48.00 1692708894.76
23.89 23.15 48.00 1692708894.86
23.50 23.67 47.00 1692708894.96
23.99 22.93 47.00 1692708895.06
23.67 22.85 45.00 1692708895.16
23.57 22.71 45.00 1692708895.26
24.57 23.47 45.00 1692708895.36
24.98 23.47 44.00 1692708895.46
25.51 23.78 44.00 1692708895.56
26.14 24.92 43.00 1692708895.66
26.49 25.41 43.00 1692708895.76
25.75 25.44 42.00 1692708895.86
25.44 25.02 40.00 1692708895.96
25.68 25.84 39.00 1692708896.06
25.55 26.56 37.00 1692708896.16
25.64 27.53 35.00 1692708896.26
26.26 28.69 34.00 1692708896.36
27.51 30.06 30.00 1692708896.46
28.28 30.95 28.00 1692708896.56
29.19 30.94 24.00 1692708896.66
29.07 30.42 21.00 1692708896.76
27.56 27.88 17.00 1692708896.86
22.52 23.57 10.00 1692708896.96
15.22 17.02 5.00 1692708897.06
9.07 10.40 4.00 1692708897.16
6.18 5.90 3.00 1692708897.26
5.24 4.14 3.00 1692708897.36
4.63 3.04 3.00 1692708897.46
4.14 2.50 3.00 1692708897.56
3.47 2.04 3.00 1692708897.66
2.83 1.65 2.00 1692708897.76
2.53 1.50 2.00 1692708897.86
2.26 1.33 2.00 1692708897.96
1.95 1.07 2.00 1692708898.06
1.56 0.97 2.00 1692708898.16
1.33 0.81 2.00 1692708898.26
1.14 0.93 2.00 1692708898.36
1.01 1.18 2.00 1692708898.46
0.99 1.28 5.00 1692708898.56
1.05 1.35 27.00 1692708898.66
1.03 1.61 47.00 1692708898.76
1.04 1.54 65.00 1692708898.86
0.84 1.46 81.00 1692708898.96
0.57 1.45 91.00 1692708899.06
0.42 1.56 96.00 1692708899.16
0.38 1.72 96.00 1692708899.26
0.29 1.72 96.00 1692708899.36
0.15 1.45 89.00 1692708899.46
0.15 1.39 88.00 1692708899.56
0.07 1.15 89.00 1692708899.66
0.04 0.98 88.00 1692708899.76
0.03 0.66 88.00 1692708899.86
0.01 0.42 88.00 1692708899.96
0.02 0.08 88.00 1692708900.06
0.01 0.00 88.00 1692708900.16
