0.10 0.18 80.00 1692707835.72
0.08 0.16 80.00 1692707835.78
0.06 0.13 80.00 1692707835.88
0.05 0.10 80.00 1692707835.98
0.04 0.08 80.00 1692707836.08
0.09 0.06 80.00 1692707836.18
0.61 0.05 80.00 1692707836.28
1.13 0.05 80.00 1692707836.38
0.57 0.05 80.00 1692707836.48
0.23 0.05 80.00 1692707836.58
0.19 0.03 80.00 1692707836.68
0.17 0.03 80.00 1692707836.78
0.16 0.03 80.00 1692707836.88
0.14 0.04 80.00 1692707836.98
0.14 0.04 80.00 1692707837.08
0.13 0.04 80.00 1692707837.18
0.12 0.04 80.00 1692707837.28
0.32 0.04 80.00 1692707837.38
1.30 0.04 80.00 1692707837.48
1.43 0.04 80.00 1692707837.58
1.71 0.04 80.00 1692707837.68
2.37 0.05 80.00 1692707837.78
2.33 0.05 80.00 1692707837.88
2.49 0.04 80.00 1692707837.98
2.49 0.06 80.00 1692707838.08
2.14 0.09 80.00 1692707838.18
1.96 0.13 80.00 1692707838.28
1.90 0.15 80.00 1692707838.38
1.74 0.12 80.00 1692707838.48
1.47 0.11 80.00 1692707838.58
1.25 0.13 80.00 1692707838.68
0.84 0.22 80.00 1692707838.78
0.60 0.34 80.00 1692707838.88
0.38 0.36 80.00 1692707838.98
0.21 0.45 80.00 1692707839.08
0.15 0.70 80.00 1692707839.18
0.11 0.83 80.00 1692707839.28
0.10 0.80 80.00 1692707839.38
0.09 0.77 80.00 1692707839.48
0.08 0.82 80.00 1692707839.58
0.15 0.97 80.00 1692707839.68
0.42 1.20 80.00 1692707839.78
0.57 1.01 80.00 1692707839.88
0.58 0.96 80.00 1692707839.98
0.33 0.60 80.00 1692707840.08
0.13 0.19 80.00 1692707840.18
0.15 0.13 80.00 1692707840.28
0.18 0.12 80.00 1692707840.38
0.18 0.12 80.00 1692707840.48
0.22 0.12 80.00 1692707840.58
0.20 0.11 80.00 1692707840.68
0.16 0.11 80.00 1692707840.78
0.17 0.11 80.00 1692707840.88
0.16 0.10 80.00 1692707840.98
0.17 0.10 80.00 1692707841.08
0.21 0.10 80.00 1692707841.18
0.25 0.09 80.00 1692707841.28
0.26 0.08 80.00 1692707841.38
0.27 0.08 80.00 1692707841.48
0.32 0.08 80.00 1692707841.58
0.39 0.08 80.00 1692707841.68
0.42 0.08 80.00 1692707841.78
0.43 0.09 80.00 1692707841.88
0.43 0.09 80.00 1692707841.98
0.38 0.09 80.00 1692707842.08
0.31 0.09 80.00 1692707842.18
0.23 0.09 80.00 1692707842.28
0.16 0.09 80.00 1692707842.38
0.11 0.08 80.00 1692707842.48
0.10 0.08 80.00 1692707842.58
0.10 0.07 80.00 1692707842.68
0.09 0.12 80.00 1692707842.78
0.08 0.12 80.00 1692707842.88
0.08 0.13 80.00 1692707842.98
0.05 0.20 80.00 1692707843.08
0.04 0.20 80.00 1692707843.18
0.05 0.13 80.00 1692707843.28
0.06 0.12 80.00 1692707843.38
0.07 0.11 80.00 1692707843.48
0.07 0.10 80.00 1692707843.58
0.07 0.10 80.00 1692707843.68
0.07 0.08 80.00 1692707843.78
0.06 0.10 80.00 1692707843.88
0.06 0.11 84.00 1692707843.98
0.06 0.10 85.00 1692707844.08
0.07 0.08 86.00 1692707844.18
0.07 0.08 87.00 1692707844.28
0.06 0.09 89.00 1692707844.38
0.06 0.08 92.00 1692707844.48
0.05 0.06 93.00 1692707844.58
0.06 0.05 94.00 1692707844.68
0.06 0.05 94.00 1692707844.78
0.06 0.05 94.00 1692707844.88
0.05 0.05 94.00 1692707844.98
0.05 0.08 92.00 1692707845.08
0.06 0.09 92.00 1692707845.18
0.06 0.10 90.00 1692707845.60
0.07 0.10 91.00 1692707845.69
0.07 0.08 94.00 1692707845.78
0.08 0.07 96.00 1692707845.87
0.08 0.07 96.00 1692707845.96
0.08 0.09 96.00 1692707846.06
0.08 0.09 96.00 1692707846.15
0.07 0.09 95.00 1692707846.53
0.07 0.09 95.00 1692707846.63
0.06 0.09 95.00 1692707846.73
0.06 0.09 95.00 1692707846.83
0.06 0.09 96.00 1692707846.93
0.06 0.10 96.00 1692707847.03
0.06 0.10 96.00 1692707847.13
0.06 0.09 96.00 1692707847.23
0.07 0.08 96.00 1692707847.33
0.07 0.10 96.00 1692707847.43
0.08 0.10 96.00 1692707847.53
0.07 0.10 96.00 1692707847.63
0.07 0.11 96.00 1692707847.73
0.07 0.12 96.00 1692707847.83
0.06 0.12 96.00 1692707847.93
0.06 0.13 96.00 1692707848.03
0.06 0.16 96.00 1692707848.13
0.06 0.17 96.00 1692707848.23
0.05 0.15 95.00 1692707848.33
0.04 0.13 94.00 1692707848.43
0.04 0.11 94.00 1692707848.53
0.04 0.09 94.00 1692707848.63
0.04 0.06 92.00 1692707848.73
0.05 0.08 90.00 1692707848.83
0.05 0.07 89.00 1692707848.93
0.05 0.05 88.00 1692707849.03
0.05 0.05 87.00 1692707849.13
0.05 0.04 87.00 1692707849.23
0.04 0.04 86.00 1692707849.33
0.04 0.05 86.00 1692707849.43
0.04 0.05 86.00 1692707849.53
0.05 0.05 86.00 1692707849.63
0.05 0.06 86.00 1692707849.73
0.05 0.06 86.00 1692707849.83
0.05 0.06 86.00 1692707849.93
0.05 0.05 86.00 1692707850.03
0.05 0.05 86.00 1692707850.13
0.05 0.05 86.00 1692707850.23
0.05 0.04 87.00 1692707850.33
0.05 0.04 87.00 1692707850.43
0.06 0.05 87.00 1692707850.53
0.06 0.05 87.00 1692707850.63
0.06 0.05 87.00 1692707850.73
0.06 0.05 87.00 1692707850.83
0.05 0.05 87.00 1692707850.93
0.05 0.06 87.00 1692707851.03
0.05 0.06 87.00 1692707851.13
0.05 0.06 87.00 1692707851.23
0.06 0.07 88.00 1692707851.33
0.06 0.07 87.00 1692707851.43
0.06 0.08 87.00 1692707851.53
0.06 0.08 87.00 1692707851.63
0.06 0.08 87.00 1692707851.73
0.06 0.08 87.00 1692707851.83
0.06 0.09 87.00 1692707851.93
0.07 0.09 87.00 1692707852.03
0.07 0.10 87.00 1692707852.13
0.07 0.11 87.00 1692707852.23
0.08 0.12 87.00 1692707852.33
0.08 0.12 87.00 1692707852.43
0.08 0.11 87.00 1692707852.53
0.07 0.11 87.00 1692707852.63
0.08 0.11 87.00 1692707852.73
0.07 0.10 87.00 1692707852.83
0.07 0.08 87.00 1692707852.93
0.07 0.06 87.00 1692707853.03
0.06 0.05 87.00 1692707853.13
0.05 0.04 87.00 1692707853.23
0.05 0.04 87.00 1692707853.33
0.04 0.04 87.00 1692707853.43
0.05 0.06 87.00 1692707853.53
0.06 0.06 87.00 1692707853.63
0.06 0.08 89.00 1692707853.73
0.06 0.10 96.00 1692707853.83
0.05 0.09 96.00 1692707853.93
0.05 0.09 96.00 1692707854.03
0.05 0.10 96.00 1692707854.13
0.05 0.11 96.00 1692707854.23
0.05 0.12 96.00 1692707854.33
0.06 0.12 96.00 1692707854.43
0.07 0.12 96.00 1692707854.53
0.06 0.12 96.00 1692707854.63
0.04 0.11 96.00 1692707854.73
0.04 0.10 95.00 1692707854.83
0.04 0.10 95.00 1692707854.93
0.04 0.10 95.00 1692707855.03
0.04 0.10 95.00 1692707855.13
0.05 0.11 95.00 1692707855.23
0.04 0.12 95.00 1692707855.33
0.03 0.11 95.00 1692707855.43
0.03 0.10 95.00 1692707855.53
0.03 0.09 94.00 1692707855.63
0.03 0.09 94.00 1692707855.73
0.03 0.09 94.00 1692707855.83
0.03 0.10 95.00 1692707855.93
0.04 0.10 95.00 1692707856.03
0.03 0.10 95.00 1692707856.13
0.03 0.09 95.00 1692707856.23
0.03 0.09 95.00 1692707856.33
0.03 0.09 95.00 1692707856.43
0.03 0.09 95.00 1692707856.53
0.03 0.10 95.00 1692707856.63
0.03 0.10 95.00 1692707856.73
0.03 0.10 95.00 1692707856.83
0.03 0.10 95.00 1692707856.93
0.03 0.10 94.00 1692707857.03
0.03 0.10 94.00 1692707857.13
0.03 0.10 94.00 1692707857.23
0.03 0.10 94.00 1692707857.33
0.03 0.10 94.00 1692707857.43
0.03 0.10 94.00 1692707857.53
0.03 0.10 93.00 1692707857.63
0.03 0.10 93.00 1692707857.73
0.03 0.10 93.00 1692707857.83
0.04 0.10 93.00 1692707857.93
0.04 0.10 93.00 1692707858.03
0.04 0.11 93.00 1692707858.13
0.04 192.98 93.00 1692707858.23
0.04 0.11 93.00 1692707858.42
0.03 0.10 93.00 1692707858.51
0.03 0.09 93.00 1692707858.60
23.91 0.09 93.00 1692707858.70
0.03 0.09 94.00 1692707859.08
0.03 0.09 94.00 1692707859.18
0.03 0.09 94.00 1692707859.28
0.03 0.10 94.00 1692707859.38
0.03 0.10 93.00 1692707859.48
0.03 0.09 93.00 1692707859.58
0.03 0.10 93.00 1692707859.68
0.03 0.10 92.00 1692707859.78
0.04 0.10 92.00 1692707859.88
0.06 0.10 93.00 1692707859.98
0.08 0.12 93.00 1692707860.08
0.08 0.13 94.00 1692707860.18
0.09 0.14 94.00 1692707860.28
0.17 0.13 94.00 1692707860.38
0.23 0.12 94.00 1692707860.48
0.20 0.12 94.00 1692707860.58
0.14 0.11 94.00 1692707860.68
0.09 0.11 94.00 1692707860.78
0.07 0.10 94.00 1692707860.88
0.04 0.09 94.00 1692707860.98
0.03 0.08 94.00 1692707861.08
0.03 0.09 94.00 1692707861.18
0.03 0.08 94.00 1692707861.28
0.03 0.09 94.00 1692707861.38
0.03 0.09 94.00 1692707861.48
0.03 0.09 94.00 1692707861.58
0.03 0.09 94.00 1692707861.68
0.03 0.09 94.00 1692707861.78
0.03 0.08 94.00 1692707861.88
0.03 0.09 94.00 1692707861.98
0.03 0.09 94.00 1692707862.08
0.03 0.09 94.00 1692707862.18
0.03 0.09 93.00 1692707862.28
0.03 0.09 93.00 1692707862.38
0.03 0.09 93.00 1692707862.48
0.03 0.09 93.00 1692707862.58
0.03 0.09 93.00 1692707862.68
0.03 0.09 93.00 1692707862.78
0.03 0.09 93.00 1692707862.88
0.03 0.09 93.00 1692707862.98
0.03 0.09 93.00 1692707863.08
0.03 0.09 93.00 1692707863.18
0.03 0.10 93.00 1692707863.28
0.04 0.10 93.00 1692707863.38
0.03 0.10 93.00 1692707863.48
0.03 0.09 93.00 1692707863.58
0.03 0.10 93.00 1692707863.68
0.03 0.09 93.00 1692707863.78
0.03 0.09 93.00 1692707863.88
0.03 0.10 93.00 1692707863.98
0.03 0.09 93.00 1692707864.08
0.04 0.10 92.00 1692707864.18
0.04 0.10 92.00 1692707864.28
0.04 0.10 92.00 1692707864.38
0.04 0.10 92.00 1692707864.48
0.04 0.10 92.00 1692707864.58
0.04 0.11 92.00 1692707864.68
0.05 0.11 92.00 1692707864.78
0.04 0.11 92.00 1692707864.88
0.04 0.10 92.00 1692707864.98
0.04 0.10 92.00 1692707865.08
0.03 0.10 92.00 1692707865.18
0.03 0.09 92.00 1692707865.28
0.04 0.10 92.00 1692707865.38
0.04 0.10 93.00 1692707865.48
0.04 0.10 93.00 1692707865.58
0.04 0.09 93.00 1692707865.68
0.04 0.09 93.00 1692707865.78
0.04 0.09 93.00 1692707865.88
0.04 0.09 93.00 1692707865.98
0.04 0.09 93.00 1692707866.08
0.04 0.09 93.00 1692707866.18
0.04 0.09 93.00 1692707866.28
0.04 0.08 93.00 1692707866.38
0.04 0.08 93.00 1692707866.48
0.04 0.08 93.00 1692707866.58
0.04 0.09 93.00 1692707866.68
0.04 0.08 93.00 1692707866.78
0.04 0.08 93.00 1692707866.88
0.04 0.09 93.00 1692707866.98
0.04 0.09 94.00 1692707867.08
0.04 0.09 94.00 1692707867.18
0.04 0.09 94.00 1692707867.28
0.05 0.10 94.00 1692707867.38
0.04 0.09 94.00 1692707867.48
0.04 0.09 94.00 1692707867.58
0.04 0.09 94.00 1692707867.68
0.05 0.09 94.00 1692707867.78
0.06 0.09 94.00 1692707867.88
0.06 0.09 94.00 1692707867.98
0.05 0.09 94.00 1692707868.08
0.04 0.08 94.00 1692707868.18
0.04 0.08 94.00 1692707868.28
0.05 0.08 94.00 1692707868.38
0.06 0.09 94.00 1692707868.48
0.06 0.10 94.00 1692707868.58
0.05 0.09 94.00 1692707868.68
0.04 0.09 94.00 1692707868.78
0.04 0.10 94.00 1692707868.88
0.04 0.11 94.00 1692707868.98
0.04 0.11 94.00 1692707869.08
0.04 0.11 94.00 1692707869.18
0.04 0.11 94.00 1692707869.28
0.04 0.11 94.00 1692707869.38
0.05 0.11 94.00 1692707869.48
0.06 0.11 94.00 1692707869.58
0.07 0.11 94.00 1692707869.68
0.07 0.11 94.00 1692707869.78
0.07 0.11 94.00 1692707869.88
0.06 0.11 94.00 1692707869.98
0.06 0.11 94.00 1692707870.08
0.06 0.11 94.00 1692707870.18
0.05 0.11 94.00 1692707870.28
0.04 0.11 94.00 1692707870.38
0.04 0.10 94.00 1692707870.48
0.04 0.09 94.00 1692707870.58
0.04 0.10 94.00 1692707870.68
0.04 0.07 94.00 1692707870.78
0.04 0.07 94.00 1692707870.88
0.04 0.07 94.00 1692707870.98
0.04 0.08 94.00 1692707871.08
0.04 0.07 94.00 1692707871.18
0.04 0.08 94.00 1692707871.28
0.04 0.08 94.00 1692707871.38
0.04 0.09 93.00 1692707871.48
0.04 0.09 93.00 1692707871.58
0.04 0.09 93.00 1692707871.68
0.04 0.09 93.00 1692707871.78
0.04 0.08 93.00 1692707871.88
0.04 0.09 93.00 1692707871.98
0.04 0.09 93.00 1692707872.08
0.04 0.09 93.00 1692707872.18
0.04 0.09 93.00 1692707872.28
0.04 0.08 93.00 1692707872.38
0.04 0.09 93.00 1692707872.48
0.05 0.10 93.00 1692707872.58
0.05 0.10 93.00 1692707872.68
0.05 0.10 93.00 1692707872.78
0.05 0.10 93.00 1692707872.88
0.04 0.09 93.00 1692707872.98
0.04 0.09 93.00 1692707873.08
0.04 0.09 93.00 1692707873.18
0.04 0.10 93.00 1692707873.28
0.04 0.10 93.00 1692707873.38
0.04 0.10 93.00 1692707873.48
0.04 0.10 93.00 1692707873.58
0.04 0.09 93.00 1692707873.68
0.04 0.08 93.00 1692707873.78
0.04 0.09 93.00 1692707873.88
0.04 0.09 93.00 1692707873.98
0.04 0.09 93.00 1692707874.08
0.04 0.09 93.00 1692707874.18
0.04 0.09 93.00 1692707874.28
0.04 0.10 93.00 1692707874.38
0.04 0.10 93.00 1692707874.48
0.04 0.09 93.00 1692707874.58
0.04 0.09 93.00 1692707874.68
0.04 0.10 93.00 1692707874.78
0.04 0.09 93.00 1692707874.88
0.04 0.09 93.00 1692707874.98
0.04 0.09 93.00 1692707875.08
0.04 0.09 93.00 1692707875.18
0.04 0.10 93.00 1692707875.28
0.04 0.10 93.00 1692707875.38
0.04 0.10 93.00 1692707875.48
0.04 0.09 93.00 1692707875.58
0.04 0.09 93.00 1692707875.68
0.04 0.09 93.00 1692707875.78
0.04 0.09 93.00 1692707875.88
0.04 0.09 93.00 1692707875.98
0.04 0.09 93.00 1692707876.08
0.04 0.09 93.00 1692707876.18
0.04 0.09 93.00 1692707876.28
0.04 0.09 93.00 1692707876.38
0.04 0.09 93.00 1692707876.48
0.04 0.10 93.00 1692707876.58
0.04 0.10 93.00 1692707876.68
0.04 0.10 93.00 1692707876.78
0.04 0.10 92.00 1692707876.88
0.05 0.10 92.00 1692707876.98
0.05 0.10 93.00 1692707877.08
0.05 0.10 92.00 1692707877.49
0.05 0.10 92.00 1692707877.59
0.05 0.11 92.00 1692707877.68
0.05 0.10 91.00 1692707877.77
0.05 0.10 91.00 1692707877.86
0.05 0.11 91.00 1692707877.96
0.05 0.10 91.00 1692707878.05
0.05 0.10 91.00 1692707878.14
0.05 0.10 91.00 1692707878.23
0.04 0.10 91.00 1692707878.33
0.04 0.09 91.00 1692707878.42
0.04 0.09 92.00 1692707878.51
0.04 0.10 92.00 1692707878.60
0.04 0.09 92.00 1692707878.69
0.04 0.08 92.00 1692707878.79
0.04 0.07 92.00 1692707878.88
0.04 0.07 92.00 1692707878.98
0.04 0.08 92.00 1692707879.08
0.04 0.08 92.00 1692707879.18
0.04 0.09 92.00 1692707879.28
0.04 0.09 92.00 1692707879.38
0.04 0.08 92.00 1692707879.48
0.04 0.08 92.00 1692707879.58
0.04 0.07 92.00 1692707879.68
0.04 0.07 92.00 1692707879.78
0.04 0.07 92.00 1692707879.88
0.03 0.07 92.00 1692707879.98
0.04 0.07 92.00 1692707880.08
0.04 0.08 92.00 1692707880.18
0.04 0.09 92.00 1692707880.28
0.04 0.08 92.00 1692707880.38
0.04 0.08 92.00 1692707880.48
0.04 0.08 92.00 1692707880.58
0.04 0.08 92.00 1692707880.68
0.04 0.08 92.00 1692707880.78
0.04 0.08 92.00 1692707880.88
0.04 0.09 92.00 1692707880.98
0.04 0.09 92.00 1692707881.08
0.04 0.08 93.00 1692707881.18
0.04 0.07 93.00 1692707881.28
0.04 0.08 93.00 1692707881.38
0.04 0.08 93.00 1692707881.48
0.03 0.08 93.00 1692707881.58
0.03 0.08 93.00 1692707881.68
0.04 0.09 93.00 1692707881.78
0.04 0.09 93.00 1692707881.88
0.03 0.08 93.00 1692707881.98
0.04 0.08 93.00 1692707882.08
0.04 0.08 93.00 1692707882.18
0.04 0.09 93.00 1692707882.28
0.04 0.10 92.00 1692707882.69
0.04 0.09 92.00 1692707882.79
0.04 0.09 92.00 1692707882.88
0.05 0.09 92.00 1692707882.97
0.05 0.09 92.00 1692707883.06
0.05 0.09 92.00 1692707883.16
0.05 0.09 92.00 1692707883.25
0.04 0.09 92.00 1692707883.34
0.04 0.09 91.00 1692707883.43
0.05 0.10 92.00 1692707883.53
0.05 0.10 91.00 1692707883.62
0.05 0.09 91.00 1692707883.71
0.05 0.09 90.00 1692707883.80
0.05 0.10 89.00 1692707883.89
0.05 0.10 88.00 1692707883.99
0.06 0.11 87.00 1692707884.08
0.07 0.11 87.00 1692707884.18
0.07 0.11 87.00 1692707884.28
0.07 0.11 87.00 1692707884.38
0.07 0.11 86.00 1692707884.48
0.07 0.10 86.00 1692707884.58
0.07 0.10 86.00 1692707884.68
0.07 0.11 86.00 1692707884.78
0.07 0.11 86.00 1692707885.19
0.07 0.11 85.00 1692707885.29
0.07 0.11 85.00 1692707885.38
0.08 0.11 84.00 1692707885.47
0.10 0.12 83.00 1692707885.56
0.17 0.12 83.00 1692707885.66
0.20 0.14 82.00 1692707885.75
0.27 0.17 82.00 1692707885.84
0.39 0.20 81.00 1692707885.93
0.67 0.23 80.00 1692707886.03
0.96 0.26 80.00 1692707886.12
0.83 0.19 80.00 1692707886.21
0.75 0.21 80.00 1692707886.30
0.95 0.31 79.00 1692707886.39
1.22 0.40 79.00 1692707886.49
1.40 0.50 78.00 1692707886.58
1.77 0.68 78.00 1692707886.68
2.20 0.94 77.00 1692707886.78
2.32 1.02 76.00 1692707886.88
2.49 1.63 76.00 1692707886.98
2.93 2.75 75.00 1692707887.39
3.81 2.63 75.00 1692707887.49
3.80 2.24 75.00 1692707887.58
3.44 1.66 75.00 1692707887.67
2.93 1.14 75.00 1692707887.76
2.52 1.07 74.00 1692707887.86
2.59 1.39 73.00 1692707887.95
3.17 1.85 73.00 1692707888.04
3.70 2.25 72.00 1692707888.13
3.97 2.66 72.00 1692707888.23
4.28 3.03 70.00 1692707888.32
4.69 3.41 70.00 1692707888.41
5.24 3.99 70.00 1692707888.50
5.77 4.54 69.00 1692707888.59
6.02 4.79 68.00 1692707888.69
6.20 5.05 67.00 1692707888.78
6.66 1.37 66.00 1692707888.88
7.19 7.66 62.00 1692707889.30
8.43 8.80 62.00 1692707889.39
9.95 9.17 61.00 1692707889.48
10.35 9.16 60.00 1692707889.57
9.86 9.28 60.00 1692707889.66
9.83 9.66 59.00 1692707889.76
10.30 10.38 58.00 1692707889.85
11.06 11.28 57.00 1692707889.94
11.80 11.81 55.00 1692707890.03
12.02 12.22 54.00 1692707890.13
12.19 12.80 53.00 1692707890.22
12.82 13.78 53.00 1692707890.31
13.78 14.70 52.00 1692707890.40
14.15 15.02 51.00 1692707890.49
14.22 15.26 51.00 1692707890.59
14.34 15.36 50.00 1692707890.68
14.77 15.80 49.00 1692707890.78
15.39 16.64 48.00 1692707890.88
16.21 17.49 48.00 1692707890.98
16.64 17.86 48.00 1692707891.09
16.16 17.57 47.00 1692707891.19
15.80 17.05 45.00 1692707891.29
15.97 17.14 45.00 1692707891.38
17.08 17.67 44.00 1692707891.48
18.86 18.99 43.00 1692707891.58
19.59 20.34 43.00 1692707891.69
19.29 20.66 42.00 1692707891.78
19.17 20.34 42.00 1692707891.88
19.67 20.82 41.00 1692707891.98
20.11 21.14 40.00 1692707892.08
20.84 21.87 39.00 1692707892.19
22.03 22.74 38.00 1692707892.29
23.30 23.75 38.00 1692707892.38
23.26 23.84 37.00 1692707892.49
23.03 23.33 36.00 1692707892.58
23.72 23.68 36.00 1692707892.69
24.63 24.06 35.00 1692707892.79
26.94 24.60 33.00 1692707893.23
27.12 24.07 32.00 1692707893.33
27.94 24.67 32.00 1692707893.43
28.76 25.16 31.00 1692707893.53
28.97 25.64 30.00 1692707893.63
28.78 25.97 30.00 1692707893.73
29.21 26.50 29.00 1692707893.83
29.90 26.89 29.00 1692707893.93
30.86 27.43 29.00 1692707894.03
31.76 27.86 29.00 1692707894.13
32.77 28.39 29.00 1692707894.23
33.21 28.77 28.00 1692707894.33
32.31 28.46 28.00 1692707894.43
31.23 27.38 28.00 1692707894.53
31.01 26.81 27.00 1692707894.63
31.65 26.82 26.00 1692707894.73
32.90 28.18 25.00 1692707894.83
34.36 29.26 25.00 1692707894.93
35.15 29.99 24.00 1692707895.03
34.78 29.87 24.00 1692707895.13
34.71 29.81 24.00 1692707895.23
35.08 29.94 24.00 1692707895.33
35.39 30.03 23.00 1692707895.43
35.51 30.09 23.00 1692707895.53
35.47 29.98 23.00 1692707895.63
35.35 30.24 23.00 1692707895.73
35.04 30.30 22.00 1692707895.83
35.15 30.44 22.00 1692707895.93
34.92 30.40 22.00 1692707896.03
34.79 30.32 21.00 1692707896.13
35.19 30.81 20.00 1692707896.23
35.78 31.30 19.00 1692707896.33
36.68 32.02 19.00 1692707896.43
37.33 32.43 18.00 1692707896.53
38.26 33.03 17.00 1692707896.63
38.85 33.72 17.00 1692707896.73
39.35 34.23 17.00 1692707896.83
39.99 34.90 17.00 1692707896.93
40.25 35.45 17.00 1692707897.03
39.77 35.68 17.00 1692707897.13
38.83 34.43 17.00 1692707897.23
37.99 33.81 16.00 1692707897.33
37.11 33.31 16.00 1692707897.43
36.99 33.36 14.00 1692707897.53
37.28 33.18 13.00 1692707897.63
37.92 32.93 11.00 1692707897.73
39.43 34.73 10.00 1692707897.83
41.28 36.59 9.00 1692707897.93
42.87 38.68 8.00 1692707898.03
43.55 40.29 6.00 1692707898.13
44.11 41.26 6.00 1692707898.23
44.32 42.02 5.00 1692707898.33
43.82 41.45 5.00 1692707898.43
42.95 40.56 5.00 1692707898.53
42.10 40.12 4.00 1692707898.63
41.64 40.21 4.00 1692707898.73
41.73 40.94 2.00 1692707898.83
41.89 41.63 0.00 1692707898.93
42.14 42.32 0.00 1692707899.03
42.73 43.06 0.00 1692707899.13
43.60 43.95 0.00 1692707899.23
43.77 44.72 0.00 1692707899.33
43.39 45.16 0.00 1692707899.43
43.61 45.96 0.00 1692707899.53
44.46 47.74 0.00 1692707899.63
45.33 47.99 0.00 1692707899.73
46.07 48.04 0.00 1692707899.83
46.93 48.35 0.00 1692707899.93
46.97 48.51 0.00 1692707900.03
46.10 48.43 0.00 1692707900.13
45.80 48.45 0.00 1692707900.23
45.61 48.47 0.00 1692707900.33
45.38 47.91 0.00 1692707900.43
45.68 47.33 0.00 1692707900.53
45.59 47.43 0.00 1692707900.63
43.89 45.87 0.00 1692707900.73
40.50 40.24 0.00 1692707900.83
36.86 34.27 0.00 1692707900.93
31.35 28.37 0.00 1692707901.03
22.90 22.22 0.00 1692707901.13
17.58 16.49 0.00 1692707901.23
14.47 12.80 0.00 1692707901.33
12.03 10.21 0.00 1692707901.43
10.28 8.09 0.00 1692707901.53
9.08 6.58 0.00 1692707901.63
8.39 5.74 0.00 1692707901.73
8.01 5.37 0.00 1692707901.83
7.39 4.98 0.00 1692707901.93
6.49 3.55 0.00 1692707902.03
5.82 2.92 0.00 1692707902.13
5.18 2.33 0.00 1692707902.23
4.64 1.94 0.00 1692707902.33
4.31 1.72 0.00 1692707902.43
4.05 1.52 0.00 1692707902.53
3.70 1.32 0.00 1692707902.63
3.36 1.11 0.00 1692707902.73
2.83 0.96 0.00 1692707902.83
2.46 0.76 0.00 1692707902.93
2.31 0.34 0.00 1692707903.03
2.21 0.15 0.00 1692707903.13
2.38 0.29 0.00 1692707903.23
2.44 0.73 0.00 1692707903.33
2.28 0.71 0.00 1692707903.43
2.15 0.53 0.00 1692707903.53
1.98 0.55 0.00 1692707903.63
1.84 0.54 0.00 1692707903.73
1.52 0.50 0.00 1692707903.83
0.94 0.41 0.00 1692707903.93
0.47 0.23 0.00 1692707904.03
0.22 0.14 0.00 1692707904.13
0.11 0.11 0.00 1692707904.23
0.08 0.11 0.00 1692707904.33
0.07 0.08 0.00 1692707904.43
0.07 0.07 0.00 1692707904.53
0.07 0.07 0.00 1692707904.63
0.07 0.08 0.00 1692707904.73
0.07 0.09 0.00 1692707904.83
0.07 0.10 0.00 1692707904.93
0.07 0.10 0.00 1692707905.03
0.06 0.11 19.00 1692707905.13
0.05 0.11 39.00 1692707905.23
0.04 0.11 63.00 1692707905.33
0.04 0.11 86.00 1692707905.43
0.04 0.12 96.00 1692707905.53
0.04 0.11 96.00 1692707905.63
0.05 0.10 96.00 1692707905.73
0.05 0.10 95.00 1692707905.83
0.05 0.10 95.00 1692707905.93
0.05 0.08 95.00 1692707906.03
0.05 0.08 95.00 1692707906.13
0.05 0.08 94.00 1692707906.23
0.05 0.08 94.00 1692707906.33
0.05 0.09 94.00 1692707906.43
0.05 0.09 94.00 1692707906.53
0.06 0.09 94.00 1692707906.63
0.06 0.10 94.00 1692707906.73
0.06 0.10 94.00 1692707906.83
0.06 0.10 94.00 1692707906.93
0.05 0.09 94.00 1692707907.03
0.05 0.09 94.00 1692707907.13
0.06 0.10 94.00 1692707907.23
0.06 0.10 94.00 1692707907.33
0.05 0.09 94.00 1692707907.43
0.05 0.09 94.00 1692707907.53
0.06 0.10 94.00 1692707907.63
0.06 0.10 94.00 1692707907.73
0.05 0.10 94.00 1692707907.83
0.05 0.10 94.00 1692707907.93
0.05 0.10 94.00 1692707908.03
0.05 0.09 94.00 1692707908.13
0.04 0.08 94.00 1692707908.23
0.05 0.10 94.00 1692707908.33
0.06 0.11 94.00 1692707908.43
0.06 0.11 94.00 1692707908.53
0.04 0.11 94.00 1692707908.63
0.04 0.11 94.00 1692707908.73
0.04 0.10 94.00 1692707908.83
0.04 0.09 94.00 1692707908.93
0.05 0.08 94.00 1692707909.03
0.04 0.08 94.00 1692707909.13
0.05 0.08 94.00 1692707909.23
0.05 0.09 94.00 1692707909.33
0.05 0.08 94.00 1692707909.43
0.05 0.08 94.00 1692707909.53
0.05 0.08 94.00 1692707909.63
0.06 0.09 94.00 1692707909.73
0.06 0.10 94.00 1692707909.83
0.06 0.10 94.00 1692707909.93
0.05 0.10 94.00 1692707910.03
0.04 0.09 94.00 1692707910.13
0.04 0.08 94.00 1692707910.23
0.04 0.09 94.00 1692707910.33
0.05 0.09 94.00 1692707910.43
0.04 0.08 94.00 1692707910.53
0.05 0.09 94.00 1692707910.63
0.05 0.09 94.00 1692707910.73
0.04 0.08 94.00 1692707910.83
0.04 0.08 94.00 1692707910.93
0.05 0.09 94.00 1692707911.03
0.05 0.09 94.00 1692707911.13
0.05 0.08 94.00 1692707911.23
0.06 0.09 94.00 1692707911.33
0.05 0.09 94.00 1692707911.43
0.04 0.08 94.00 1692707911.53
0.04 0.08 94.00 1692707911.63
0.04 0.08 94.00 1692707911.73
0.04 0.08 94.00 1692707911.83
0.05 0.08 94.00 1692707911.93
0.05 0.08 94.00 1692707912.03
0.05 0.08 94.00 1692707912.13
0.05 0.08 94.00 1692707912.23
0.05 0.08 94.00 1692707912.33
0.04 0.08 94.00 1692707912.43
0.04 0.08 94.00 1692707912.53
0.04 0.08 94.00 1692707912.63
0.05 0.09 94.00 1692707912.73
0.06 0.09 94.00 1692707912.83
0.05 0.09 94.00 1692707912.93
0.04 0.08 94.00 1692707913.03
0.06 0.09 94.00 1692707913.13
0.06 0.09 94.00 1692707913.23
0.05 0.09 94.00 1692707913.33
0.05 0.09 94.00 1692707913.43
0.04 0.09 94.00 1692707913.53
0.04 0.08 94.00 1692707913.63
0.04 0.08 94.00 1692707913.73
0.05 0.08 94.00 1692707913.83
0.05 0.09 94.00 1692707913.93
0.05 0.09 94.00 1692707914.03
0.06 0.10 94.00 1692707914.13
0.05 0.09 94.00 1692707914.23
0.05 0.09 94.00 1692707914.33
0.05 0.09 94.00 1692707914.43
0.05 0.09 94.00 1692707914.53
0.05 0.10 94.00 1692707914.63
0.04 0.09 94.00 1692707914.73
0.04 0.09 94.00 1692707914.83
0.04 0.08 94.00 1692707914.93
0.05 0.08 94.00 1692707915.03
0.05 0.09 94.00 1692707915.13
0.05 0.10 94.00 1692707915.23
0.04 0.09 94.00 1692707915.33
0.04 0.09 94.00 1692707915.43
0.04 0.09 94.00 1692707915.53
0.04 0.08 94.00 1692707915.63
0.04 0.09 94.00 1692707915.73
0.05 0.09 94.00 1692707915.83
0.04 0.10 94.00 1692707915.93
0.05 0.10 94.00 1692707916.03
0.05 0.09 94.00 1692707916.13
0.04 0.09 94.00 1692707916.23
0.04 0.08 94.00 1692707916.33
0.05 0.08 94.00 1692707916.43
0.05 0.08 94.00 1692707916.53
0.05 0.09 94.00 1692707916.63
0.05 0.08 94.00 1692707916.73
0.05 0.08 94.00 1692707916.83
0.05 0.09 94.00 1692707916.93
0.05 0.09 94.00 1692707917.03
0.05 0.09 94.00 1692707917.13
0.05 0.09 94.00 1692707917.23
0.05 0.09 94.00 1692707917.33
0.05 0.09 94.00 1692707917.43
0.05 0.09 94.00 1692707917.53
0.05 0.09 94.00 1692707917.63
0.05 0.09 94.00 1692707917.73
0.05 0.10 94.00 1692707917.83
0.05 0.10 94.00 1692707917.93
0.05 0.10 94.00 1692707918.03
0.05 0.09 94.00 1692707918.13
0.05 0.09 94.00 1692707918.23
0.05 0.09 94.00 1692707918.33
0.04 0.09 94.00 1692707918.43
0.04 0.08 94.00 1692707918.53
0.05 0.09 94.00 1692707918.63
0.05 0.09 94.00 1692707918.73
0.04 0.08 94.00 1692707918.83
0.05 0.08 94.00 1692707918.93
0.05 0.09 94.00 1692707919.03
0.05 0.09 94.00 1692707919.13
0.05 0.08 94.00 1692707919.23
0.05 0.09 94.00 1692707919.33
0.04 0.09 94.00 1692707919.43
0.05 0.08 94.00 1692707919.53
0.05 0.08 94.00 1692707919.63
0.05 0.08 94.00 1692707919.73
0.05 0.08 94.00 1692707919.83
0.04 0.08 94.00 1692707919.93
0.04 0.08 94.00 1692707920.03
0.05 0.09 94.00 1692707920.13
0.05 0.08 94.00 1692707920.23
0.05 0.08 94.00 1692707920.33
0.05 0.09 94.00 1692707920.43
0.05 0.09 94.00 1692707920.53
0.06 0.09 94.00 1692707920.63
0.06 0.10 94.00 1692707920.73
0.05 0.10 94.00 1692707920.83
0.05 0.10 94.00 1692707920.93
0.05 0.09 94.00 1692707921.03
0.05 0.10 94.00 1692707921.13
0.05 0.10 94.00 1692707921.23
0.06 0.10 94.00 1692707921.33
0.06 0.10 94.00 1692707921.43
0.06 0.10 94.00 1692707921.53
0.05 0.09 94.00 1692707921.63
0.05 0.08 94.00 1692707921.73
0.05 0.08 94.00 1692707921.83
0.06 0.09 94.00 1692707921.93
0.06 0.10 94.00 1692707922.03
0.07 0.10 93.00 1692707922.13
0.07 0.12 93.00 1692707922.23
0.13 0.13 92.00 1692707922.33
0.29 0.17 92.00 1692707922.43
0.62 0.28 92.00 1692707922.53
1.10 0.49 92.00 1692707922.63
1.84 0.97 91.00 1692707922.73
2.30 1.57 89.00 1692707922.83
2.26 1.56 88.00 1692707922.93
2.64 1.72 88.00 1692707923.03
3.97 2.11 87.00 1692707923.13
5.48 2.89 86.00 1692707923.23
6.46 3.89 85.00 1692707923.33
7.02 5.59 84.00 1692707923.43
6.56 5.31 84.00 1692707923.53
5.60 4.72 82.00 1692707923.63
5.54 4.74 81.00 1692707923.73
6.58 5.50 80.00 1692707923.83
8.32 6.73 80.00 1692707923.93
9.86 8.08 79.00 1692707924.03
10.01 8.93 77.00 1692707924.13
9.10 8.82 77.00 1692707924.23
8.88 8.37 75.00 1692707924.33
9.58 8.64 73.00 1692707924.43
10.63 9.18 73.00 1692707924.53
12.51 12.70 72.00 1692707924.63
13.83 14.05 72.00 1692707924.73
12.97 13.41 71.00 1692707924.83
11.81 12.30 70.00 1692707924.93
11.89 12.32 70.00 1692707925.03
12.18 12.74 68.00 1692707925.13
12.99 13.27 66.00 1692707925.23
14.48 14.25 66.00 1692707925.33
15.81 15.55 65.00 1692707925.43
15.50 16.05 64.00 1692707925.53
15.11 15.40 63.00 1692707925.63
15.98 15.64 62.00 1692707925.73
17.30 17.98 62.00 1692707925.83
18.35 18.55 62.00 1692707925.93
18.48 18.31 62.00 1692707926.03
18.91 18.41 62.00 1692707926.13
18.95 18.36 61.00 1692707926.23
18.29 17.60 60.00 1692707926.33
18.36 17.44 60.00 1692707926.43
19.50 18.61 59.00 1692707926.53
20.15 19.75 59.00 1692707926.63
20.21 19.92 58.00 1692707926.73
20.61 20.12 57.00 1692707926.83
21.45 20.61 56.00 1692707926.93
22.43 21.11 55.00 1692707927.03
22.63 20.55 54.00 1692707927.13
23.01 20.84 53.00 1692707927.23
23.70 21.20 52.00 1692707927.33
24.65 22.14 52.00 1692707927.43
25.97 23.66 52.00 1692707927.53
26.80 24.33 51.00 1692707927.63
26.02 23.90 51.00 1692707927.73
25.59 22.56 51.00 1692707927.83
26.38 22.66 51.00 1692707927.93
26.61 22.69 51.00 1692707928.03
26.35 22.17 50.00 1692707928.13
26.89 22.30 49.00 1692707928.23
28.02 23.35 49.00 1692707928.33
28.85 24.52 47.00 1692707928.43
27.91 23.88 46.00 1692707928.53
27.47 23.58 45.00 1692707928.63
28.68 24.94 45.00 1692707928.73
30.04 26.20 44.00 1692707928.83
31.12 27.88 44.00 1692707928.93
31.52 28.86 44.00 1692707929.03
31.26 29.21 44.00 1692707929.13
30.22 28.22 44.00 1692707929.23
29.84 26.97 43.00 1692707929.33
30.14 25.91 42.00 1692707929.43
30.87 26.24 41.00 1692707929.53
32.54 27.99 40.00 1692707929.63
34.18 29.77 39.00 1692707929.73
34.86 31.03 39.00 1692707929.83
34.41 31.03 38.00 1692707929.93
34.45 30.62 38.00 1692707930.03
35.07 30.96 36.00 1692707930.13
35.06 30.88 35.00 1692707930.23
35.33 29.94 35.00 1692707930.33
36.13 30.50 34.00 1692707930.43
36.70 31.41 33.00 1692707930.53
37.91 33.32 31.00 1692707930.63
38.91 34.61 31.00 1692707930.73
39.45 35.34 31.00 1692707930.83
38.96 35.09 31.00 1692707930.93
37.99 34.44 29.00 1692707931.03
38.78 34.67 29.00 1692707931.13
39.75 35.51 29.00 1692707931.23
40.12 35.70 28.00 1692707931.33
40.55 35.64 27.00 1692707931.43
40.88 36.02 26.00 1692707931.53
41.43 36.25 25.00 1692707931.63
41.80 36.53 24.00 1692707931.73
40.96 35.52 23.00 1692707931.83
40.78 35.70 22.00 1692707931.93
41.90 37.66 21.00 1692707932.03
43.07 39.21 19.00 1692707932.13
44.29 40.62 18.00 1692707932.23
44.91 41.41 17.00 1692707932.33
45.48 41.55 17.00 1692707932.43
45.44 41.40 17.00 1692707932.53
44.85 40.31 18.00 1692707932.63
44.69 38.86 15.00 1692707932.73
45.45 38.70 13.00 1692707932.83
46.52 39.28 11.00 1692707932.93
47.56 40.29 10.00 1692707933.03
48.07 41.04 9.00 1692707933.13
47.63 41.08 7.00 1692707933.23
47.60 41.82 6.00 1692707933.33
48.45 43.11 5.00 1692707933.43
49.28 43.90 3.00 1692707933.53
49.14 43.77 0.00 1692707933.63
48.35 43.44 0.00 1692707933.73
47.61 43.89 0.00 1692707933.83
47.15 44.07 0.00 1692707933.93
46.67 44.19 0.00 1692707934.03
45.95 40.47 0.00 1692707934.13
42.43 35.55 0.00 1692707934.23
35.01 28.78 0.00 1692707934.33
26.18 20.22 0.00 1692707934.43
18.51 14.18 0.00 1692707934.53
14.29 10.95 0.00 1692707934.63
11.66 8.58 0.00 1692707934.73
9.70 6.55 0.00 1692707934.83
8.98 5.48 0.00 1692707934.93
9.00 5.29 0.00 1692707935.03
8.76 5.22 0.00 1692707935.13
8.01 4.86 0.00 1692707935.23
6.74 3.16 0.00 1692707935.33
5.21 2.16 0.00 1692707935.43
4.17 1.50 0.00 1692707935.53
3.78 1.19 0.00 1692707935.63
3.68 1.14 0.00 1692707935.73
3.44 1.07 0.00 1692707935.83
3.38 1.17 0.00 1692707935.93
3.35 1.06 0.00 1692707936.03
3.36 0.90 0.00 1692707936.13
3.44 0.90 0.00 1692707936.23
3.66 0.75 0.00 1692707936.33
3.90 0.62 0.00 1692707936.43
3.82 0.78 0.00 1692707936.53
3.77 0.95 0.00 1692707936.63
3.44 1.13 0.00 1692707936.73
3.09 1.25 0.00 1692707936.83
2.62 0.99 0.00 1692707936.93
2.51 0.68 0.00 1692707937.03
2.52 0.53 0.00 1692707937.13
1.90 0.31 0.00 1692707937.23
1.28 0.16 0.00 1692707937.33
0.59 0.13 0.00 1692707937.43
0.17 0.12 0.00 1692707937.53
0.08 0.11 0.00 1692707937.63
0.07 0.09 0.00 1692707937.73
0.05 0.09 0.00 1692707937.83
0.04 0.09 0.00 1692707937.93
0.04 0.10 17.00 1692707938.03
0.04 0.10 43.00 1692707938.13
0.04 0.11 63.00 1692707938.23
0.04 0.11 90.00 1692707938.33
0.04 0.09 96.00 1692707938.43
0.04 0.09 96.00 1692707938.53
0.05 0.10 97.00 1692707938.63
0.05 0.11 96.00 1692707938.73
0.05 0.11 96.00 1692707938.83
0.06 0.11 96.00 1692707938.93
0.05 0.11 96.00 1692707939.03
0.05 0.10 95.00 1692707939.13
0.05 0.10 96.00 1692707939.23
0.06 0.11 96.00 1692707939.33
0.06 0.11 96.00 1692707939.43
0.05 0.11 96.00 1692707939.53
0.04 0.11 96.00 1692707939.63
0.04 0.11 95.00 1692707939.73
0.05 0.10 96.00 1692707939.83
0.07 0.11 95.00 1692707939.93
0.06 0.11 95.00 1692707940.03
0.06 0.12 95.00 1692707940.13
0.05 0.12 95.00 1692707940.23
0.04 0.11 95.00 1692707940.33
0.06 0.10 95.00 1692707940.43
0.07 0.11 95.00 1692707940.53
0.07 0.12 95.00 1692707940.63
0.06 0.11 95.00 1692707940.73
0.06 0.10 95.00 1692707940.83
0.07 0.10 95.00 1692707940.93
0.07 0.10 95.00 1692707941.03
0.07 0.10 95.00 1692707941.13
0.07 0.10 95.00 1692707941.23
0.07 0.10 95.00 1692707941.33
0.07 0.11 95.00 1692707941.43
0.07 0.11 95.00 1692707941.53
0.06 0.11 95.00 1692707941.63
0.07 0.10 95.00 1692707941.73
0.06 0.11 95.00 1692707941.83
0.07 0.11 95.00 1692707941.93
0.07 0.11 95.00 1692707942.03
0.05 0.10 95.00 1692707942.13
0.05 0.10 95.00 1692707942.23
0.05 0.10 95.00 1692707942.33
0.06 0.11 95.00 1692707942.43
0.06 0.11 95.00 1692707942.53
0.06 0.11 95.00 1692707942.63
0.06 0.11 95.00 1692707942.73
0.07 0.11 95.00 1692707942.83
0.07 0.11 95.00 1692707942.93
0.07 0.11 95.00 1692707943.03
0.07 0.11 95.00 1692707943.13
0.06 0.11 95.00 1692707943.23
0.07 0.11 95.00 1692707943.33
0.07 0.10 95.00 1692707943.43
0.07 0.11 95.00 1692707943.53
0.06 0.11 95.00 1692707943.63
0.06 0.11 95.00 1692707943.73
0.06 0.11 95.00 1692707943.83
0.05 0.10 95.00 1692707943.93
0.05 0.10 95.00 1692707944.03
0.05 0.10 95.00 1692707944.13
0.05 0.10 95.00 1692707944.23
0.05 0.10 95.00 1692707944.33
0.06 0.10 95.00 1692707944.43
0.05 0.11 95.00 1692707944.53
0.04 0.11 95.00 1692707944.63
0.04 0.10 95.00 1692707944.73
0.04 0.10 95.00 1692707944.83
0.03 0.08 95.00 1692707944.93
0.03 0.08 95.00 1692707945.03
0.04 0.08 95.00 1692707945.13
0.04 0.07 95.00 1692707945.23
0.05 0.06 95.00 1692707945.33
0.04 0.06 95.00 1692707945.43
0.04 0.05 95.00 1692707945.53
0.04 0.04 95.00 1692707945.63
0.03 0.04 95.00 1692707945.73
0.04 0.03 95.00 1692707945.83
0.06 0.04 95.00 1692707945.93
0.04 0.05 95.00 1692707946.03
0.04 0.04 95.00 1692707946.13
0.04 0.04 95.00 1692707946.23
0.04 0.05 95.00 1692707946.33
0.05 0.06 95.00 1692707946.43
0.05 0.06 95.00 1692707946.53
0.05 0.06 95.00 1692707946.63
0.06 0.06 95.00 1692707946.73
0.07 0.06 95.00 1692707946.83
0.07 0.06 95.00 1692707946.93
0.08 0.07 95.00 1692707947.03
0.07 0.07 95.00 1692707947.13
0.07 0.07 95.00 1692707947.23
0.07 0.09 95.00 1692707947.33
0.07 0.10 95.00 1692707947.43
0.06 0.10 95.00 1692707947.53
0.07 0.11 95.00 1692707947.63
0.07 0.10 95.00 1692707947.73
0.08 0.10 95.00 1692707947.83
0.08 0.09 95.00 1692707947.93
0.08 0.10 95.00 1692707948.03
0.07 0.11 95.00 1692707948.13
0.07 0.11 95.00 1692707948.23
0.08 0.11 95.00 1692707948.33
0.08 0.11 95.00 1692707948.43
0.07 0.11 95.00 1692707948.53
0.07 0.11 95.00 1692707948.63
0.07 0.11 95.00 1692707948.73
0.07 0.11 94.00 1692707948.83
0.07 0.12 94.00 1692707948.93
0.11 0.13 94.00 1692707949.03
0.39 0.17 92.00 1692707949.13
0.92 0.34 92.00 1692707949.23
1.01 0.56 91.00 1692707949.33
1.16 0.58 91.00 1692707949.43
1.12 0.63 91.00 1692707949.53
0.98 0.43 91.00 1692707949.63
0.98 0.36 91.00 1692707949.73
1.28 0.37 91.00 1692707949.83
1.37 0.33 91.00 1692707949.93
0.96 0.22 91.00 1692707950.03
0.67 0.16 89.00 1692707950.13
0.94 0.17 89.00 1692707950.23
1.54 0.30 88.00 1692707950.33
2.11 0.50 88.00 1692707950.43
2.64 0.73 87.00 1692707950.53
2.94 0.96 87.00 1692707950.63
3.18 1.09 86.00 1692707950.73
3.64 1.53 86.00 1692707950.83
4.24 1.87 85.00 1692707950.93
4.91 2.38 84.00 1692707951.03
5.38 2.83 84.00 1692707951.13
5.03 2.82 82.00 1692707951.23
4.66 2.66 81.00 1692707951.33
5.35 2.92 81.00 1692707951.43
6.25 3.78 80.00 1692707951.53
6.26 4.50 80.00 1692707951.63
6.05 4.86 78.00 1692707951.73
6.20 5.10 77.00 1692707951.83
6.66 5.29 76.00 1692707951.93
7.67 6.15 74.00 1692707952.03
9.19 7.38 74.00 1692707952.13
10.00 8.46 73.00 1692707952.23
9.98 8.86 72.00 1692707952.33
9.33 8.41 71.00 1692707952.43
9.22 8.11 70.00 1692707952.53
10.09 8.82 68.00 1692707952.63
11.49 10.43 68.00 1692707952.73
12.61 12.21 68.00 1692707952.83
12.84 13.21 67.00 1692707952.93
12.27 13.12 65.00 1692707953.03
12.18 12.64 64.00 1692707953.13
12.57 13.41 63.00 1692707953.23
13.25 14.13 62.00 1692707953.33
13.62 14.20 62.00 1692707953.43
13.89 14.28 61.00 1692707953.53
14.77 15.01 59.00 1692707953.63
16.00 15.77 56.00 1692707953.73
17.42 16.79 56.00 1692707953.83
18.48 17.68 55.00 1692707953.93
18.85 17.78 54.00 1692707954.03
19.18 17.53 53.00 1692707954.13
20.12 17.71 53.00 1692707954.23
21.07 18.33 53.00 1692707954.33
21.83 19.68 52.00 1692707954.43
22.43 19.88 52.00 1692707954.53
22.53 19.42 52.00 1692707954.63
22.24 18.94 51.00 1692707954.73
22.08 18.04 50.00 1692707954.83
22.65 18.01 50.00 1692707954.93
23.73 18.91 49.00 1692707955.03
24.35 19.79 48.00 1692707955.13
24.65 20.88 47.00 1692707955.23
25.03 21.80 46.00 1692707955.33
25.30 22.51 45.00 1692707955.43
25.59 22.98 44.00 1692707955.53
25.73 23.49 44.00 1692707955.63
26.08 24.18 43.00 1692707955.73
26.86 25.30 42.00 1692707955.83
27.61 26.49 42.00 1692707955.93
28.38 26.95 41.00 1692707956.03
29.28 27.10 40.00 1692707956.13
29.85 27.58 39.00 1692707956.23
30.08 28.05 39.00 1692707956.33
30.15 28.29 38.00 1692707956.43
29.94 28.16 37.00 1692707956.53
29.98 27.75 37.00 1692707956.63
30.67 28.09 36.00 1692707956.73
31.48 29.66 35.00 1692707956.83
32.65 30.75 34.00 1692707956.93
33.58 31.56 34.00 1692707957.03
34.27 31.91 33.00 1692707957.13
34.97 32.24 32.00 1692707957.23
35.59 32.65 31.00 1692707957.33
35.69 32.81 31.00 1692707957.43
35.79 32.80 30.00 1692707957.53
35.97 32.94 29.00 1692707957.63
36.05 33.03 28.00 1692707957.73
36.54 33.52 28.00 1692707957.83
37.62 34.07 27.00 1692707957.93
39.43 35.00 25.00 1692707958.03
40.88 36.22 24.00 1692707958.13
40.78 36.26 24.00 1692707958.23
40.05 35.40 22.00 1692707958.33
40.86 36.42 21.00 1692707958.43
42.39 38.10 20.00 1692707958.53
43.39 39.06 19.00 1692707958.63
43.60 39.90 19.00 1692707958.73
42.60 40.07 18.00 1692707958.83
41.47 38.85 17.00 1692707958.93
42.23 38.19 16.00 1692707959.03
43.67 38.81 14.00 1692707959.13
44.72 40.21 13.00 1692707959.23
44.59 40.17 12.00 1692707959.33
44.24 39.62 11.00 1692707959.43
44.78 40.24 9.00 1692707959.53
45.70 41.21 7.00 1692707959.63
46.20 42.36 6.00 1692707959.73
46.73 43.11 4.00 1692707959.83
47.66 43.60 0.00 1692707959.93
48.16 43.29 0.00 1692707960.03
46.94 41.68 0.00 1692707960.13
41.64 37.75 0.00 1692707960.23
32.84 29.53 0.00 1692707960.33
22.64 15.14 0.00 1692707960.43
15.07 10.54 0.00 1692707960.53
11.68 8.41 0.00 1692707960.63
10.16 7.30 0.00 1692707960.73
9.42 6.53 0.00 1692707960.83
8.56 5.68 0.00 1692707960.93
7.99 4.98 0.00 1692707961.03
7.47 4.55 0.00 1692707961.13
6.26 3.86 0.00 1692707961.23
4.88 2.94 0.00 1692707961.33
3.98 2.20 0.00 1692707961.43
3.47 1.49 0.00 1692707961.53
3.13 1.31 0.00 1692707961.63
3.05 1.29 0.00 1692707961.73
2.90 1.09 0.00 1692707961.83
2.61 0.93 0.00 1692707961.93
2.46 1.05 0.00 1692707962.03
2.36 1.13 0.00 1692707962.13
2.37 1.02 0.00 1692707962.23
2.59 1.20 0.00 1692707962.33
2.67 1.31 0.00 1692707962.43
2.51 1.19 0.00 1692707962.53
2.21 1.13 0.00 1692707962.63
1.76 1.45 0.00 1692707962.73
1.24 1.46 0.00 1692707962.83
0.77 1.20 0.00 1692707962.93
0.41 0.68 0.00 1692707963.03
0.24 0.28 0.00 1692707963.13
0.20 0.15 0.00 1692707963.23
0.11 0.11 43.00 1692707963.33
0.09 0.11 79.00 1692707963.43
0.10 0.11 89.00 1692707963.53
0.08 0.09 96.00 1692707963.63
0.07 0.09 96.00 1692707963.73
0.05 0.10 92.00 1692707963.83
