0.10 0.11 90.00  0.03
0.09 0.11 90.00  0.09
0.10 0.10 90.00  0.10
0.10 0.10 90.00  0.10
0.10 0.11 90.00  0.10
0.10 0.10 90.00  0.10
0.09 0.10 90.00  0.10
0.09 0.10 90.00  0.10
0.09 0.10 90.00  0.10
0.09 0.10 90.00  0.10
0.09 0.11 90.00  0.10
0.10 0.11 90.00  0.10
0.10 0.11 90.00  0.10
0.10 0.11 90.00  0.10
0.09 0.11 90.00  0.10
0.09 0.11 90.00  0.10
0.10 0.12 90.00  0.10
0.10 0.12 90.00  0.10
0.10 0.12 90.00  0.10
0.10 0.12 90.00  0.10
0.10 0.13 90.00  0.10
0.10 0.13 90.00  0.10
0.10 0.13 90.00  0.10
0.10 0.13 90.00  0.10
0.10 0.13 90.00  0.10
0.10 0.12 90.00  0.10
0.10 0.12 90.00  0.10
0.10 0.13 89.00  0.10
0.11 0.15 89.00  0.10
0.36 0.97 89.00  0.10
0.74 1.22 89.00  0.10
0.89 1.23 89.00  0.10
1.05 1.32 89.00  0.10
1.15 1.36 89.00  0.10
1.27 1.44 90.00  0.10
1.31 1.71 90.00  0.10
1.00 1.70 90.00  0.10
0.72 1.62 90.00  0.10
0.63 1.70 90.00  0.10
0.83 1.56 90.00  0.10
1.14 1.29 90.00  0.10
0.96 0.83 90.00  0.10
0.59 1.10 90.00  0.10
0.25 1.53 90.00  0.10
0.12 2.29 90.00  0.10
0.18 2.94 90.00  0.10
0.45 2.71 90.00  0.10
0.93 1.99 90.00  0.10
0.94 1.17 90.00  0.10
0.79 0.70 90.00  0.10
0.75 0.41 90.00  0.10
0.62 0.17 90.00  0.10
0.76 0.10 90.00  0.10
1.12 0.12 90.00  0.10
1.15 0.12 90.00  0.10
1.00 0.11 90.00  0.10
1.04 0.15 90.00  0.10
0.84 0.41 90.00  0.10
0.48 1.02 90.00  0.10
0.41 1.92 90.00  0.10
0.51 2.45 90.00  0.10
0.63 2.64 90.00  0.10
0.81 2.86 90.00  0.10
1.02 2.99 90.00  0.10
1.04 2.89 90.00  0.10
1.05 2.59 90.00  0.10
1.11 2.51 90.00  0.10
1.13 2.31 90.00  0.10
1.05 2.23 90.00  0.10
1.02 2.31 90.00  0.10
1.08 2.54 89.00  0.10
1.19 2.62 89.00  0.10
1.43 2.71 89.00  0.10
1.74 2.94 89.00  0.10
2.04 3.11 88.00  0.10
2.41 3.21 87.00  0.10
2.84 3.47 86.00  0.10
3.16 4.66 85.00  0.10
3.41 5.41 84.00  0.10
3.60 5.67 81.00  0.10
4.01 6.00 80.00  0.10
5.01 6.58 80.00  0.10
6.34 7.04 78.00  0.10
7.71 7.72 77.00  0.10
8.76 8.42 76.00  0.10
9.15 8.37 75.00  0.10
9.48 8.36 74.00  0.10
10.35 8.76 73.00  0.10
11.49 9.36 72.00  0.10
12.36 10.21 72.00  0.10
13.27 10.24 71.00  0.10
13.59 10.11 70.00  0.10
13.45 9.95 68.00  0.10
13.58 10.32 68.00  0.10
14.47 11.40 66.00  0.10
14.81 12.07 65.00  0.10
15.16 12.48 65.00  0.10
15.77 12.83 64.00  0.10
16.27 13.14 64.00  0.10
16.69 13.59 63.00  0.10
16.89 14.19 62.00  0.10
17.08 14.85 62.00  0.10
17.31 15.21 62.00  0.10
17.48 15.42 61.00  0.10
17.79 16.14 60.00  0.10
18.12 17.12 60.00  0.10
18.01 17.52 59.00  0.10
17.60 17.68 59.00  0.10
17.69 18.27 59.00  0.10
18.39 19.78 58.00  0.10
19.40 21.12 58.00  0.10
19.81 21.28 58.00  0.10
19.21 20.53 56.00  0.10
18.68 18.46 55.00  0.10
18.94 18.88 54.00  0.10
19.62 19.84 53.00  0.10
20.51 20.72 53.00  0.10
21.70 21.52 53.00  0.10
22.93 22.06 52.00  0.10
23.65 22.17 52.00  0.10
23.87 22.54 51.00  0.10
23.70 22.70 51.00  0.10
23.67 22.08 50.00  0.10
24.10 22.23 49.00  0.10
24.22 22.68 48.00  0.10
24.87 23.60 48.00  0.10
25.67 24.40 47.00  0.10
26.04 25.18 45.00  0.10
26.53 25.81 45.00  0.10
27.25 26.55 45.00  0.10
27.32 26.74 44.00  0.10
27.38 26.55 43.00  0.10
27.49 26.41 43.00  0.10
27.92 26.64 42.00  0.10
28.55 27.22 41.00  0.10
29.28 27.89 41.00  0.10
30.02 28.40 39.00  0.10
30.79 29.78 38.00  0.10
31.51 30.38 37.00  0.10
32.19 30.86 37.00  0.10
32.65 31.19 36.00  0.10
32.76 31.34 36.00  0.10
32.62 31.13 36.00  0.10
32.21 30.76 36.00  0.10
31.47 30.03 35.00  0.10
30.35 28.89 32.00  0.10
27.24 26.95 29.00  0.10
21.84 23.33 26.00  0.10
17.20 19.20 16.00  0.10
14.42 16.78 5.00  0.10
10.68 12.81 0.00  0.10
7.27 8.32 0.00  0.10
6.21 5.80 0.00  0.10
6.02 4.39 0.00  0.10
5.62 3.39 0.00  0.10
5.20 3.23 0.00  0.10
4.44 3.33 0.00  0.10
3.75 3.23 0.00  0.10
3.07 2.78 0.00  0.10
2.29 2.27 0.00  0.10
1.59 1.79 0.00  0.10
1.00 0.80 0.00  0.10
0.52 0.45 0.00  0.10
0.22 0.33 0.00  0.10
0.11 0.49 0.00  0.10
0.11 0.84 0.00  0.10
0.24 1.33 0.00  0.10
0.23 1.61 0.00  0.10
0.14 1.73 0.00  0.10
0.18 1.98 0.00  0.10
0.16 2.44 0.00  0.10
0.24 2.93 0.00  0.10
0.48 3.38 0.00  0.10
0.74 4.64 0.00  0.10
0.87 4.94 0.00  0.10
0.88 4.84 0.00  0.10
0.66 4.40 0.00  0.10
0.47 4.27 0.00  0.10
0.55 4.68 0.00  0.10
0.85 5.66 0.00  0.10
1.20 7.07 0.00  0.10
1.49 7.94 0.00  0.10
2.02 8.43 0.00  0.10
2.76 9.36 0.00  0.10
3.24 10.51 0.00  0.10
3.09 9.61 0.00  0.10
2.60 7.20 0.00  0.10
2.52 5.99 0.00  0.10
2.78 5.82 0.00  0.10
2.88 6.01 0.00  0.10
2.81 6.44 0.00  0.10
2.85 7.23 0.00  0.10
2.17 6.37 0.00  0.10
1.76 5.49 0.00  0.10
1.73 5.02 0.00  0.10
2.11 4.80 0.00  0.10
2.03 4.72 0.00  0.10
1.60 4.33 0.00  0.10
1.03 3.76 0.00  0.10
0.51 2.60 0.00  0.10
0.35 1.59 0.00  0.10
0.41 1.44 0.00  0.10
0.34 1.73 0.00  0.10
0.17 2.31 0.00  0.10
0.11 3.70 0.00  0.10
0.10 5.37 0.00  0.10
0.10 6.02 0.00  0.10
0.09 5.33 0.00  0.10
0.15 4.25 0.00  0.10
0.53 3.86 0.00  0.10
1.07 4.25 0.00  0.10
0.89 3.70 7.00  0.10
0.73 2.98 39.00  0.10
0.86 2.28 74.00  0.10
1.05 2.21 96.00  0.10
1.03 2.56 96.00  0.10
1.06 2.88 96.00  0.10
1.07 2.93 96.00  0.10
0.92 2.62 96.00  0.10
0.73 2.20 96.00  0.10
0.65 1.81 96.00  0.10
0.65 1.86 96.00  0.10
0.57 1.74 96.00  0.10
0.49 1.65 96.00  0.10
0.57 1.42 96.00  0.10
0.61 1.30 96.00  0.10
0.52 1.34 96.00  0.10
0.40 1.33 96.00  0.10
0.30 1.36 96.00  0.10
0.21 1.70 96.00  0.10
0.14 2.39 96.00  0.10
0.14 3.33 96.00  0.10
0.50 3.58 96.00  0.10
0.82 2.01 96.00  0.10
1.00 1.09 96.00  0.10
1.30 0.77 95.00  0.10
1.51 0.75 96.00  0.10
1.56 0.46 96.00  0.10
1.49 0.15 96.00  0.10
1.07 0.09 96.00  0.10
1.05 0.08 96.00  0.10
0.93 0.10 96.00  0.10
0.48 0.10 96.00  0.10
0.15 0.10 96.00  0.10
0.10 0.11 96.00  0.10
0.10 0.11 96.00  0.10
0.10 0.11 96.00  0.10
0.10 0.11 96.00  0.10
0.10 0.11 96.00  0.10
0.10 0.11 96.00  0.10
0.10 0.11 96.00  0.10
0.11 0.11 96.00  0.10
0.15 0.11 96.00  0.10
0.19 0.11 96.00  0.10
0.43 0.15 96.00  0.10
0.86 0.49 95.00  0.10
1.27 1.42 96.00  0.10
1.62 2.69 96.00  0.10
2.24 3.18 96.00  0.10
2.77 3.67 96.00  0.10
2.50 3.33 96.00  0.10
2.23 2.60 96.00  0.10
2.44 2.28 95.00  0.10
2.67 2.34 96.00  0.10
2.68 2.51 96.00  0.10
2.89 2.85 96.00  0.10
3.52 3.47 95.00  0.10
4.44 4.29 95.00  0.10
4.67 5.34 95.00  0.10
4.86 5.91 95.00  0.10
5.18 5.88 94.00  0.10
5.57 6.11 94.00  0.10
6.48 6.60 94.00  0.10
7.90 7.02 93.00  0.10
8.94 7.68 92.00  0.10
9.35 8.40 92.00  0.10
9.67 8.86 91.00  0.10
9.79 9.27 90.00  0.10
9.38 9.09 89.00  0.10
9.07 8.81 88.00  0.10
9.07 8.87 88.00  0.10
9.75 9.81 87.00  0.10
10.40 10.35 87.00  0.10
10.80 10.76 86.00  0.10
11.64 11.61 85.00  0.10
13.01 12.36 85.00  0.10
14.13 12.48 85.00  0.10
14.12 11.86 84.00  0.10
14.13 11.29 84.00  0.10
14.35 11.34 84.00  0.10
14.10 11.22 81.00  0.10
13.89 10.99 80.00  0.10
14.38 11.03 79.00  0.10
15.08 13.19 78.00  0.10
15.59 14.24 77.00  0.10
16.18 14.93 75.00  0.10
16.51 14.72 74.00  0.10
17.29 14.91 74.00  0.10
17.34 15.53 74.00  0.10
16.37 15.22 74.00  0.10
15.89 15.33 73.00  0.10
15.71 15.79 71.00  0.10
16.23 16.08 71.00  0.10
17.08 17.03 71.00  0.10
17.21 18.20 70.00  0.10
17.52 18.47 70.00  0.10
18.65 19.35 68.00  0.10
19.00 19.53 66.00  0.10
18.78 18.28 65.00  0.10
20.64 19.66 65.00  0.10
22.42 22.31 65.00  0.10
22.42 23.00 65.00  0.10
21.44 22.01 65.00  0.10
20.87 20.45 65.00  0.10
20.63 19.85 64.00  0.10
20.42 19.87 63.00  0.10
20.23 20.05 62.00  0.10
20.71 20.63 62.00  0.10
21.54 21.71 62.00  0.10
21.47 22.55 61.00  0.10
21.77 23.40 60.00  0.10
22.53 23.89 59.00  0.10
23.35 24.31 58.00  0.10
23.87 24.60 56.00  0.10
23.99 24.99 56.00  0.10
24.08 25.61 55.00  0.10
25.04 26.27 55.00  0.10
25.78 27.24 55.00  0.10
25.87 27.29 54.00  0.10
26.16 26.63 54.00  0.10
25.92 26.53 53.00  0.10
25.37 25.93 53.00  0.10
26.33 26.71 53.00  0.10
27.02 27.76 52.00  0.10
27.24 27.98 51.00  0.10
27.49 35.74 51.00  0.10
28.46 29.49 50.00  0.41
29.03 29.29 49.00  0.09
28.66 29.35 48.00  0.09
28.28 29.65 48.00  0.09
28.67 30.26 46.00  0.09
29.21 30.80 45.00  0.09
29.79 31.08 45.00  0.09
30.31 30.87 45.00  0.09
30.16 28.96 45.00  0.09
27.69 22.84 42.00  0.09
20.73 15.63 39.00  0.09
13.49 12.69 32.00  0.09
11.98 13.29 16.00  0.09
10.86 12.41 6.00  0.09
7.95 8.43 0.00  0.09
4.94 5.56 0.00  0.10
2.98 4.42 0.00  0.10
2.47 4.23 0.00  0.10
2.52 3.91 0.00  0.10
2.46 3.56 0.00  0.10
2.25 3.24 0.00  0.10
2.24 3.04 0.00  0.10
1.86 2.90 0.00  0.10
1.30 2.64 0.00  0.10
0.82 2.22 0.00  0.10
0.38 1.70 0.00  0.10
0.15 1.16 0.00  0.10
0.10 0.54 0.00  0.10
0.10 0.51 0.00  0.10
0.09 0.39 0.00  0.10
0.09 0.38 0.00  0.10
0.10 0.54 0.00  0.10
0.10 0.87 0.00  0.10
0.10 1.30 0.00  0.10
0.10 2.00 0.00  0.10
0.10 3.67 0.00  0.41
0.10 3.97 0.00  0.09
0.11 4.39 0.00  0.09
0.13 4.75 0.00  0.09
0.22 4.91 0.00  0.09
0.44 4.89 0.00  0.09
0.61 4.72 0.00  0.09
0.78 4.55 0.00  0.09
1.09 4.50 0.00  0.09
1.46 4.59 0.00  0.09
1.94 4.58 0.00  0.09
2.34 4.38 0.00  0.09
2.41 4.58 0.00  0.09
2.04 4.32 0.00  0.09
1.53 3.70 0.00  0.09
1.50 4.06 0.00  0.10
1.26 4.32 0.00  0.10
0.69 3.37 0.00  0.10
0.77 2.94 0.00  0.10
0.59 2.56 0.00  0.10
0.78 2.68 0.00  0.10
1.01 3.39 0.00  0.10
1.07 4.06 0.00  0.10
1.03 4.01 0.00  0.10
0.71 3.43 0.00  0.10
0.61 2.54 0.00  0.10
0.82 2.06 0.00  0.10
1.04 1.28 0.00  0.10
1.26 1.19 0.00  0.10
0.44 1.38 0.00  0.10
0.02 2.21 0.00  0.10
0.04 2.89 0.00  0.10
0.01 3.47 0.00  0.10
0.01 3.89 0.00  0.10
0.00 3.75 0.00  0.10
0.00 4.27 0.00  0.41
0.01 4.53 0.00  0.09
0.01 3.90 0.00  0.09
0.01 3.41 0.00  0.09
0.00 2.76 0.00  0.09
0.01 0.93 0.00  0.09
0.00 0.07 0.00  0.09
0.04 0.02 0.00  0.09
0.07 0.01 0.00  0.09
0.01 0.02 0.00  0.09
0.01 0.03 0.00  0.09
0.00 0.04 0.00  0.09
0.01 0.03 0.00  0.09
0.00 0.02 0.00  0.09
0.00 0.02 0.00  0.09
0.00 0.02 0.00  0.10
0.00 0.02 0.00  0.10
0.00 0.02 0.00  0.10
0.01 0.03 0.00  0.10
0.00 0.03 0.00  0.10
0.01 0.03 0.00  0.10
0.01 0.03 0.00  0.10
0.01 0.02 0.00  0.10
0.02 0.02 0.00  0.10
0.02 0.02 0.00  0.10
0.02 0.02 0.00  0.10
0.02 0.02 0.00  0.10
0.02 0.02 0.00  0.10
0.02 0.02 0.00  0.10
0.02 0.02 0.00  0.10
0.02 0.02 0.00  0.10
0.02 0.02 0.00  0.10
0.02 0.02 0.00  0.10
0.02 0.02 0.00  0.10
0.02 0.02 0.00  0.10
0.02 0.02 0.00  0.10