0.09 0.05 94.00 1692793163.78
0.09 0.04 94.00 1692793163.85
0.10 0.04 94.00 1692793163.94
0.10 0.04 94.00 1692793164.04
0.10 0.03 94.00 1692793164.14
0.10 0.03 94.00 1692793164.24
0.08 0.03 94.00 1692793164.35
0.06 0.03 94.00 1692793164.45
0.06 0.03 94.00 1692793164.55
0.07 0.03 94.00 1692793164.65
0.07 0.03 94.00 1692793164.75
0.07 0.03 94.00 1692793164.85
0.10 0.04 94.00 1692793164.95
0.11 0.05 94.00 1692793165.05
0.11 0.05 94.00 1692793165.15
0.15 0.06 94.00 1692793165.25
0.25 0.06 94.00 1692793165.35
0.41 0.07 94.00 1692793165.45
0.75 0.07 94.00 1692793165.55
1.09 0.11 94.00 1692793165.65
1.21 0.15 94.00 1692793165.75
1.32 0.19 94.00 1692793165.85
1.46 0.24 94.00 1692793165.95
1.51 0.24 94.00 1692793166.05
1.55 0.24 94.00 1692793166.15
1.56 0.25 94.00 1692793166.25
1.56 0.24 94.00 1692793166.35
1.56 0.26 94.00 1692793166.45
1.52 0.28 94.00 1692793166.55
1.51 0.28 94.00 1692793166.65
1.53 0.28 94.00 1692793166.75
1.59 0.30 94.00 1692793166.85
1.64 0.32 94.00 1692793166.95
1.69 0.35 94.00 1692793167.05
1.75 0.37 94.00 1692793167.15
1.84 0.40 94.00 1692793167.25
1.91 0.44 94.00 1692793167.35
1.93 0.44 94.00 1692793167.45
1.94 0.46 94.00 1692793167.55
1.96 0.45 94.00 1692793167.96
2.07 0.33 94.00 1692793168.06
2.01 0.25 94.00 1692793168.15
1.81 0.28 94.00 1692793168.24
1.68 0.32 94.00 1692793168.33
1.59 0.26 94.00 1692793168.43
0.92 0.11 94.00 1692793168.81
0.81 0.11 94.00 1692793168.91
0.77 0.14 94.00 1692793169.01
0.82 0.15 94.00 1692793169.11
0.92 0.14 94.00 1692793169.21
1.34 0.21 94.00 1692793169.31
2.11 0.52 94.00 1692793169.41
2.59 0.83 94.00 1692793169.51
2.50 1.03 94.00 1692793169.61
2.25 0.89 94.00 1692793169.71
2.57 0.80 94.00 1692793169.81
3.17 1.26 94.00 1692793169.91
3.27 0.38 94.00 1692793170.32
1.84 0.23 94.00 1692793170.42
1.75 0.07 94.00 1692793170.80
2.50 0.10 94.00 1692793170.90
3.59 0.36 94.00 1692793171.00
4.35 0.65 94.00 1692793171.10
4.73 0.71 93.00 1692793171.20
5.14 0.99 93.00 1692793171.30
5.58 1.96 92.00 1692793171.40
5.89 3.15 92.00 1692793171.50
6.30 3.93 90.00 1692793171.60
7.02 4.83 88.00 1692793171.70
8.19 5.64 88.00 1692793171.80
10.07 7.92 86.00 1692793171.90
11.25 8.56 85.00 1692793172.00
11.50 11.70 80.00 1692793172.41
15.94 11.52 78.00 1692793172.51
16.14 11.67 77.00 1692793172.60
16.27 12.51 76.00 1692793172.69
17.10 13.88 75.00 1692793172.78
18.71 15.43 74.00 1692793172.88
20.30 17.31 74.00 1692793172.97
22.40 20.01 75.00 1692793173.06
25.00 15.81 74.00 1692793173.47
16.76 19.97 74.00 1692793173.57
19.65 21.67 74.00 1692793173.66
23.59 21.39 74.00 1692793173.75
24.82 20.17 74.00 1692793173.84
24.21 18.62 74.00 1692793173.94
22.61 17.14 74.00 1692793174.03
20.42 16.25 74.00 1692793174.12
18.63 15.63 74.00 1692793174.22
13.68 11.60 74.00 1692793174.60
13.07 10.77 74.00 1692793174.70
13.16 10.52 74.00 1692793174.80
13.71 10.73 74.00 1692793174.90
14.43 11.35 74.00 1692793175.00
14.36 11.24 74.00 1692793175.10
12.98 10.52 74.00 1692793175.20
10.96 9.34 74.00 1692793175.30
9.60 8.14 74.00 1692793175.40
9.09 7.37 74.00 1692793175.50
9.08 7.01 74.00 1692793175.60
9.67 7.37 74.00 1692793175.70
10.46 7.91 74.00 1692793175.80
10.96 8.24 74.00 1692793175.90
11.50 8.71 74.00 1692793176.00
11.37 5.75 74.00 1692793176.41
8.27 5.05 74.00 1692793176.51
6.99 4.70 74.00 1692793176.60
6.17 4.71 74.00 1692793176.69
6.28 4.54 74.00 1692793176.78
6.64 4.47 74.00 1692793176.88
7.11 4.64 74.00 1692793176.97
8.04 4.99 74.00 1692793177.06
9.54 6.20 74.00 1692793177.16
15.65 11.61 74.00 1692793177.55
17.55 12.62 74.00 1692793177.65
18.29 13.05 74.00 1692793177.75
18.72 13.68 74.00 1692793177.85
18.76 14.23 74.00 1692793177.95
18.92 13.99 74.00 1692793178.05
19.63 47.93 74.00 1692793178.15
20.01 18.24 72.00 1692793178.56
20.33 19.54 71.00 1692793178.66
21.80 19.13 70.00 1692793178.75
22.17 18.59 70.00 1692793178.84
21.94 19.31 69.00 1692793178.94
22.47 20.46 68.00 1692793179.03
23.39 21.03 68.00 1692793179.12
23.16 20.64 66.00 1692793179.21
22.42 25.11 63.00 1692793179.62
25.66 25.53 63.00 1692793179.72
26.33 26.18 62.00 1692793179.81
26.75 26.66 62.00 1692793179.90
27.37 26.53 62.00 1692793179.99
27.52 26.75 61.00 1692793180.09
27.66 26.64 60.00 1692793180.18
27.85 26.56 60.00 1692793180.27
27.74 27.33 59.00 1692793180.37
28.48 27.94 58.00 1692793180.46
29.38 28.31 57.00 1692793180.55
29.85 28.80 55.00 1692793180.64
30.43 29.09 54.00 1692793180.74
30.98 29.12 53.00 1692793180.83
31.28 29.46 53.00 1692793180.92
31.47 29.60 51.00 1692793181.01
31.53 29.79 51.00 1692793181.11
31.90 30.18 49.00 1692793181.20
32.34 30.50 48.00 1692793181.29
32.45 29.19 45.00 1692793181.38
30.55 25.77 43.00 1692793181.48
26.14 22.96 40.00 1692793181.57
20.55 21.52 33.00 1692793181.66
16.18 20.30 23.00 1692793181.76
12.20 16.03 17.00 1692793181.86
7.73 10.13 14.00 1692793181.96
4.83 6.40 12.00 1692793182.06
4.27 5.71 11.00 1692793182.16
4.53 5.70 11.00 1692793182.26
4.75 6.18 11.00 1692793182.36
4.75 6.39 11.00 1692793182.46
4.85 6.22 11.00 1692793182.56
5.11 6.13 11.00 1692793182.66
4.97 6.03 11.00 1692793182.76
4.41 4.87 11.00 1692793182.86
3.81 4.22 11.00 1692793182.96
3.29 3.69 11.00 1692793183.06
2.84 3.26 11.00 1692793183.16
2.49 2.97 11.00 1692793183.27
2.24 2.69 11.00 1692793183.37
2.07 2.46 11.00 1692793183.47
1.94 2.32 11.00 1692793183.57
1.88 2.25 11.00 1692793183.67
1.86 2.11 11.00 1692793183.77
1.73 1.91 11.00 1692793183.87
1.66 1.75 11.00 1692793183.97
1.78 1.94 11.00 1692793184.07
1.93 2.16 11.00 1692793184.17
2.07 2.41 11.00 1692793184.27
2.20 2.58 11.00 1692793184.37
2.44 2.72 11.00 1692793184.47
2.61 2.88 11.00 1692793184.57
2.78 2.86 11.00 1692793184.67
2.95 2.77 11.00 1692793184.77
3.13 2.71 11.00 1692793184.87
3.32 2.80 11.00 1692793184.97
3.61 3.05 11.00 1692793185.07
4.21 3.76 11.00 1692793185.17
4.94 5.13 11.00 1692793185.27
5.38 6.91 11.00 1692793185.37
5.94 7.30 11.00 1692793185.47
6.50 7.90 11.00 1692793185.57
6.84 8.73 11.00 1692793185.67
7.44 9.62 11.00 1692793185.77
8.73 10.25 11.00 1692793185.87
9.50 10.67 11.00 1692793185.97
9.40 9.96 11.00 1692793186.07
9.19 8.88 11.00 1692793186.17
8.59 7.57 11.00 1692793186.27
7.70 6.26 11.00 1692793186.37
6.60 5.37 11.00 1692793186.47
5.66 1.28 11.00 1692793186.88
5.68 2.01 11.00 1692793186.98
6.86 1.87 11.00 1692793187.36
6.55 2.56 11.00 1692793187.46
6.72 3.45 11.00 1692793187.56
7.20 4.40 11.00 1692793187.66
7.57 5.22 11.00 1692793187.76
7.34 5.65 11.00 1692793187.86
6.61 5.51 11.00 1692793187.96
5.73 4.89 11.00 1692793188.06
4.88 4.27 11.00 1692793188.16
3.87 3.64 11.00 1692793188.26
2.96 2.90 17.00 1692793188.36
2.54 1.96 29.00 1692793188.46
2.69 2.03 45.00 1692793188.56
3.06 11.94 62.00 1692793188.66
3.56 1.77 95.00 1692793189.07
4.30 1.62 96.00 1692793189.17
4.25 1.49 96.00 1692793189.26
4.06 1.36 96.00 1692793189.35
3.52 1.25 96.00 1692793189.45
2.88 1.23 92.00 1692793189.54
2.55 1.26 92.00 1692793189.63
2.59 1.32 91.00 1692793189.72
2.90 1.43 95.00 1692793189.82
3.32 1.52 95.00 1692793189.91
3.76 1.57 95.00 1692793190.00
4.07 1.65 96.00 1692793190.09
4.20 1.62 91.00 1692793190.19
4.11 1.48 91.00 1692793190.28
3.93 1.42 91.00 1692793190.37
3.69 1.46 91.00 1692793190.47
3.54 1.53 91.00 1692793190.57
3.57 1.64 91.00 1692793190.67
3.74 1.74 91.00 1692793190.77
3.96 1.73 91.00 1692793190.87
4.10 1.70 91.00 1692793190.97
4.20 1.74 91.00 1692793191.07
4.31 2.03 91.00 1692793191.17
4.64 2.40 91.00 1692793191.27
5.16 2.65 91.00 1692793191.37
5.37 2.78 91.00 1692793191.47
5.25 2.64 91.00 1692793191.57
4.71 2.26 91.00 1692793191.67
3.83 2.00 91.00 1692793191.77
3.11 1.74 91.00 1692793191.87
2.65 1.54 91.00 1692793191.97
2.33 1.42 91.00 1692793192.07
2.01 1.38 91.00 1692793192.17
1.79 1.34 91.00 1692793192.27
1.73 1.33 91.00 1692793192.37
2.01 1.34 91.00 1692793192.47
2.62 1.38 91.00 1692793192.57
3.50 1.45 91.00 1692793192.67
4.66 1.58 91.00 1692793192.77
5.90 2.63 91.00 1692793192.87
6.69 3.50 91.00 1692793192.97
7.26 4.21 91.00 1692793193.07
7.83 4.62 89.00 1692793193.17
8.68 5.18 89.00 1692793193.27
9.56 5.78 89.00 1692793193.37
10.69 6.92 89.00 1692793193.47
11.98 8.57 88.00 1692793193.57
12.91 9.82 87.00 1692793193.67
14.07 10.36 87.00 1692793193.78
14.95 11.33 86.00 1692793193.88
14.60 11.90 86.00 1692793193.98
13.79 10.93 85.00 1692793194.08
13.35 10.58 84.00 1692793194.18
14.49 11.37 83.00 1692793194.28
15.97 12.49 83.00 1692793194.38
15.62 12.33 81.00 1692793194.48
15.01 11.60 80.00 1692793194.58
15.62 11.69 79.00 1692793194.68
17.65 13.25 79.00 1692793194.78
18.90 15.18 77.00 1692793194.88
18.70 16.08 77.00 1692793194.98
18.57 16.61 75.00 1692793195.08
19.45 17.40 74.00 1692793195.18
20.13 18.16 73.00 1692793195.28
20.51 18.22 73.00 1692793195.38
20.83 18.10 71.00 1692793195.48
21.46 18.15 70.00 1692793195.58
23.23 19.69 70.00 1692793195.68
24.43 21.11 68.00 1692793195.78
24.15 21.14 68.00 1692793195.88
24.56 21.30 67.00 1692793195.98
25.59 22.16 66.00 1692793196.08
25.97 22.76 64.00 1692793196.18
25.29 22.97 63.00 1692793196.28
24.61 22.52 62.00 1692793196.38
25.87 23.84 62.00 1692793196.48
27.31 25.42 60.00 1692793196.58
27.99 25.97 59.00 1692793196.68
28.67 26.15 58.00 1692793196.78
29.12 26.32 56.00 1692793196.88
30.04 27.14 54.00 1692793196.98
31.12 28.36 53.00 1692793197.08
31.80 28.63 51.00 1692793197.18
32.48 28.86 51.00 1692793197.28
32.93 29.17 49.00 1692793197.38
33.19 29.48 48.00 1692793197.48
33.03 29.73 46.00 1692793197.58
32.61 29.01 45.00 1692793197.68
30.76 26.23 43.00 1692793197.78
26.43 21.47 38.00 1692793197.88
22.38 18.77 30.00 1692793197.99
19.57 19.12 20.00 1692793198.08
15.15 19.68 13.00 1692793198.19
9.62 15.90 10.00 1692793198.29
6.85 10.25 9.00 1692793198.39
6.14 8.24 7.00 1692793198.49
6.51 8.27 6.00 1692793198.59
6.88 8.21 6.00 1692793198.69
6.90 8.12 6.00 1692793198.79
6.81 7.79 6.00 1692793198.89
6.72 7.66 6.00 1692793198.99
6.70 7.51 6.00 1692793199.09
6.64 7.34 6.00 1692793199.19
6.44 6.99 6.00 1692793199.29
6.17 6.50 6.00 1692793199.39
5.77 6.05 6.00 1692793199.49
5.27 5.69 6.00 1692793199.59
4.61 5.25 6.00 1692793199.69
3.75 4.63 6.00 1692793199.79
2.95 4.00 6.00 1692793199.89
2.36 3.40 6.00 1692793199.99
1.95 2.59 6.00 1692793200.09
1.83 2.47 6.00 1692793200.19
1.90 2.43 6.00 1692793200.29
2.20 2.72 6.00 1692793200.39
2.51 3.32 6.00 1692793200.49
2.97 3.63 6.00 1692793200.59
3.27 3.72 6.00 1692793200.69
3.43 3.60 6.00 1692793200.79
3.57 3.54 6.00 1692793200.89
3.86 3.68 6.00 1692793200.99
4.41 4.00 6.00 1692793201.09
5.19 4.98 9.00 1692793201.19
5.90 8.94 31.00 1692793201.29
6.51 10.44 96.00 1692793201.70
7.66 9.67 96.00 1692793201.80
7.47 7.98 96.00 1692793201.89
7.08 6.27 96.00 1692793201.98
6.61 4.89 96.00 1692793202.07
5.75 3.75 92.00 1692793202.17
4.70 2.86 92.00 1692793202.26
3.87 2.66 92.00 1692793202.35
3.62 2.70 92.00 1692793202.45
3.21 2.30 92.00 1692793202.54
0.31 0.10 92.00 1692793202.94
0.64 0.11 92.00 1692793203.04
1.78 0.32 92.00 1692793203.14
3.19 0.67 92.00 1692793203.24
3.82 0.92 92.00 1692793203.34
3.34 1.00 92.00 1692793203.44
2.67 0.72 92.00 1692793203.54
2.65 0.51 92.00 1692793203.64
3.15 0.42 92.00 1692793203.74
3.84 0.58 92.00 1692793203.84
4.39 0.82 92.00 1692793203.94
4.51 0.91 92.00 1692793204.04
4.13 0.86 92.00 1692793204.14
3.24 0.64 92.00 1692793204.24
2.69 0.45 92.00 1692793204.35
2.90 0.46 92.00 1692793204.45
3.40 0.56 92.00 1692793204.55
3.83 0.71 92.00 1692793204.65
4.24 0.91 92.00 1692793204.75
4.52 1.23 92.00 1692793204.85
4.33 1.33 92.00 1692793204.95
4.06 1.16 92.00 1692793205.05
4.13 1.16 92.00 1692793205.15
4.60 1.50 92.00 1692793205.25
5.26 1.92 92.00 1692793205.35
6.12 3.08 92.00 1692793205.45
6.61 3.99 91.00 1692793205.55
6.93 4.31 91.00 1692793205.65
7.59 4.76 91.00 1692793205.75
8.68 5.35 89.00 1692793205.85
10.13 6.13 89.00 1692793205.95
11.33 6.85 88.00 1692793206.05
11.94 8.08 87.00 1692793206.15
12.13 8.41 86.00 1692793206.25
12.34 8.72 85.00 1692793206.35
13.64 9.87 84.00 1692793206.45
15.40 11.80 83.00 1692793206.55
15.88 12.56 83.00 1692793206.65
15.68 12.61 81.00 1692793206.75
15.94 12.51 80.00 1692793206.85
17.06 12.98 80.00 1692793206.95
18.08 13.49 79.00 1692793207.05
18.91 13.03 78.00 1692793207.15
19.37 13.08 77.00 1692793207.25
19.15 13.46 77.00 1692793207.35
19.21 14.45 76.00 1692793207.45
19.48 15.38 74.00 1692793207.55
20.15 16.17 74.00 1692793207.65
21.40 17.63 74.00 1692793207.75
21.62 18.64 74.00 1692793207.85
21.29 18.32 74.00 1692793207.95
21.20 18.39 73.00 1692793208.05
20.19 18.32 72.00 1692793208.15
19.99 17.89 71.00 1692793208.25
20.93 18.66 70.00 1692793208.36
21.78 19.49 68.00 1692793208.45
23.27 19.74 67.00 1692793208.55
24.82 21.79 67.00 1692793208.66
25.49 22.75 67.00 1692793208.76
25.67 23.27 66.00 1692793208.86
24.41 21.91 64.00 1692793208.96
23.81 20.19 64.00 1692793209.06
25.84 21.75 63.00 1692793209.16
28.04 24.07 62.00 1692793209.26
28.76 25.15 62.00 1692793209.36
28.85 25.22 62.00 1692793209.46
28.84 25.86 61.00 1692793209.56
28.29 25.88 61.00 1692793209.66
27.79 25.27 60.00 1692793209.76
27.19 24.81 59.00 1692793209.86
27.70 25.67 59.00 1692793209.96
29.75 27.74 57.00 1692793210.06
31.42 28.53 56.00 1692793210.16
32.06 28.60 54.00 1692793210.26
32.18 29.00 53.00 1692793210.36
32.11 28.93 53.00 1692793210.46
31.87 28.71 52.00 1692793210.56
31.84 28.80 51.00 1692793210.66
32.11 28.70 49.00 1692793210.76
32.57 28.45 48.00 1692793210.86
33.08 29.56 45.00 1692793210.96
33.45 30.39 44.00 1692793211.06
33.69 30.84 42.00 1692793211.16
33.41 30.70 41.00 1692793211.26
31.43 29.44 37.00 1692793211.36
27.56 26.86 32.00 1692793211.46
22.33 21.99 21.00 1692793211.56
17.13 18.46 10.00 1692793211.66
12.18 17.31 7.00 1692793211.76
7.86 14.01 6.00 1692793211.86
6.35 8.61 5.00 1692793212.27
6.63 8.23 5.00 1692793212.37
6.78 7.43 6.00 1692793212.46
6.56 6.54 6.00 1692793212.55
6.20 5.42 6.00 1692793212.64
5.33 4.29 6.00 1692793212.74
4.17 3.32 6.00 1692793212.83
3.05 2.50 6.00 1692793212.92
2.17 1.90 6.00 1692793213.02
1.54 1.57 6.00 1692793213.11
1.13 1.46 6.00 1692793213.20
0.95 1.39 6.00 1692793213.29
0.95 1.39 6.00 1692793213.39
1.10 1.59 6.00 1692793213.48
1.40 1.91 6.00 1692793213.57
1.78 2.07 6.00 1692793213.67
2.24 2.30 6.00 1692793213.77
2.70 2.54 6.00 1692793213.87
3.04 2.72 6.00 1692793213.97
3.26 2.77 6.00 1692793214.07
3.50 2.78 6.00 1692793214.17
3.66 3.17 6.00 1692793214.27
4.06 4.22 6.00 1692793214.37
4.75 5.98 6.00 1692793214.47
5.21 7.65 6.00 1692793214.57
5.42 8.26 6.00 1692793214.67
5.47 8.18 6.00 1692793214.77
5.43 7.29 6.00 1692793214.87
5.33 6.97 6.00 1692793214.97
5.02 6.50 6.00 1692793215.07
5.07 6.32 6.00 1692793215.17
5.05 6.39 6.00 1692793215.27
4.41 5.73 6.00 1692793215.37
3.96 4.68 6.00 1692793215.47
4.18 4.24 6.00 1692793215.57
4.76 4.55 6.00 1692793215.67
5.02 4.77 6.00 1692793215.77
4.57 4.42 6.00 1692793215.87
3.45 3.77 6.00 1692793215.97
2.11 1.45 6.00 1692793216.07
1.31 0.62 6.00 1692793216.17
1.29 0.32 6.00 1692793216.27
1.27 5.94 6.00 1692793216.37
1.21 0.06 6.00 1692793216.78
2.81 0.06 6.00 1692793216.88
3.06 0.06 6.00 1692793216.97
2.69 0.06 6.00 1692793217.06
2.13 0.06 6.00 1692793217.15
1.76 0.06 6.00 1692793217.25
1.72 0.06 6.00 1692793217.34
1.97 0.06 6.00 1692793217.43
2.00 0.06 6.00 1692793217.53
2.02 0.06 6.00 1692793217.62
2.16 0.06 6.00 1692793217.71
2.33 0.07 6.00 1692793217.80
2.50 0.13 6.00 1692793217.90
2.39 0.38 6.00 1692793217.99
1.95 0.63 6.00 1692793218.08
1.27 0.63 6.00 1692793218.18
0.51 0.48 6.00 1692793218.28
0.13 0.52 6.00 1692793218.38
0.07 0.94 6.00 1692793218.48
0.08 2.08 6.00 1692793218.58
0.10 3.34 6.00 1692793218.68
0.10 3.91 14.00 1692793218.78
0.09 3.93 31.00 1692793218.88
0.08 3.84 51.00 1692793218.98
0.09 3.28 70.00 1692793219.08
0.08 2.63 80.00 1692793219.18
0.09 2.39 91.00 1692793219.28
0.08 3.86 96.00 1692793219.38
0.06 4.90 96.00 1692793219.48
0.01 4.79 96.00 1692793219.58
0.14 3.81 96.00 1692793219.68
0.38 2.86 96.00 1692793219.78
0.57 2.52 96.00 1692793219.88
0.61 2.90 96.00 1692793219.98
0.59 3.37 95.00 1692793220.08
0.56 3.69 95.00 1692793220.18
0.49 3.32 95.00 1692793220.28
0.36 1.82 95.00 1692793220.38
0.27 0.36 95.00 1692793220.48
0.21 0.03 95.00 1692793220.58
0.13 0.02 95.00 1692793220.68
0.07 0.02 95.00 1692793220.78
0.04 0.03 95.00 1692793220.88
0.04 0.03 95.00 1692793220.98
0.03 0.01 95.00 1692793221.08
0.02 0.04 95.00 1692793221.18
0.01 0.15 95.00 1692793221.28
0.00 0.26 95.00 1692793221.38
0.02 0.26 95.00 1692793221.48
0.03 0.23 95.00 1692793221.59
0.09 0.21 95.00 1692793221.69
0.22 0.16 95.00 1692793221.79
0.26 0.14 95.00 1692793221.89
0.21 0.13 95.00 1692793221.99
0.30 0.11 95.00 1692793222.09
0.37 0.09 95.00 1692793222.19
0.28 0.08 95.00 1692793222.29
0.27 0.04 95.00 1692793222.39
0.32 0.01 95.00 1692793222.49
0.25 0.05 95.00 1692793222.59
