0.02 0.00 89.00 1692715050.45
0.03 0.00 89.00 1692715050.51
0.02 0.01 89.00 1692715050.61
0.02 0.01 89.00 1692715050.71
0.01 0.02 89.00 1692715050.81
0.02 0.02 89.00 1692715050.91
0.03 0.02 89.00 1692715051.01
0.03 47.92 89.00 1692715051.11
0.03 0.03 89.00 1692715051.52
0.01 0.03 89.00 1692715051.61
0.02 0.03 89.00 1692715051.70
0.02 0.03 89.00 1692715051.80
0.02 0.03 89.00 1692715051.89
0.03 0.02 89.00 1692715051.98
0.03 0.02 89.00 1692715052.07
0.03 0.03 89.00 1692715052.17
0.03 0.02 89.00 1692715052.26
0.04 0.02 89.00 1692715052.35
0.05 0.01 89.00 1692715052.44
0.05 0.00 89.00 1692715052.54
0.05 0.00 89.00 1692715052.63
0.05 0.01 89.00 1692715052.72
0.05 0.01 89.00 1692715052.82
0.06 0.01 89.00 1692715052.91
0.06 0.04 89.00 1692715053.01
0.05 0.08 89.00 1692715053.11
0.05 0.09 89.00 1692715053.21
0.04 0.08 89.00 1692715053.31
0.04 0.06 89.00 1692715053.42
0.03 0.04 89.00 1692715053.52
0.04 0.02 89.00 1692715053.62
0.04 0.01 89.00 1692715053.72
0.04 0.00 88.00 1692715053.82
0.05 0.00 89.00 1692715053.92
0.04 0.00 88.00 1692715054.02
0.04 0.03 88.00 1692715054.12
0.03 0.04 88.00 1692715054.22
0.04 0.03 89.00 1692715054.32
0.04 0.01 88.00 1692715054.42
0.04 0.01 88.00 1692715054.52
0.04 0.02 89.00 1692715054.62
0.04 0.01 88.00 1692715054.72
0.05 0.02 87.00 1692715054.82
0.17 0.03 86.00 1692715054.92
0.57 0.04 85.00 1692715055.02
1.10 0.07 84.00 1692715055.12
1.79 0.34 83.00 1692715055.22
2.06 1.06 81.00 1692715055.32
2.34 1.51 81.00 1692715055.42
2.81 1.96 80.00 1692715055.52
3.26 2.42 80.00 1692715055.62
3.67 2.75 79.00 1692715055.72
4.01 3.14 78.00 1692715055.82
4.25 3.46 77.00 1692715055.92
4.48 3.70 76.00 1692715056.02
4.80 3.92 75.00 1692715056.12
5.18 4.21 74.00 1692715056.22
5.44 4.53 74.00 1692715056.32
5.68 4.78 72.00 1692715056.42
6.36 5.57 71.00 1692715056.52
7.41 6.46 70.00 1692715056.63
8.31 7.43 68.00 1692715056.73
9.09 8.45 66.00 1692715056.83
9.53 9.42 65.00 1692715056.93
9.71 10.10 63.00 1692715057.03
10.24 10.72 62.00 1692715057.13
10.65 11.20 62.00 1692715057.23
10.57 11.12 61.00 1692715057.33
11.44 11.50 60.00 1692715057.43
12.86 13.01 60.00 1692715057.53
96.53 14.55 59.00 1692715057.63
14.21 16.71 59.00 1692715058.07
15.18 17.52 59.00 1692715058.17
16.13 18.62 59.00 1692715058.28
17.49 21.29 58.00 1692715058.38
18.36 22.33 57.00 1692715058.48
18.63 22.75 56.00 1692715058.58
18.75 22.86 55.00 1692715058.68
18.58 22.61 55.00 1692715058.78
18.87 25.45 51.00 1692715059.19
20.97 27.12 50.00 1692715059.28
23.02 27.93 49.00 1692715059.37
24.39 28.44 49.00 1692715059.47
25.03 28.69 48.00 1692715059.56
25.56 28.28 47.00 1692715059.65
25.42 27.62 45.00 1692715059.74
25.51 28.10 45.00 1692715059.84
26.85 28.93 44.00 1692715059.93
28.33 29.94 43.00 1692715060.02
29.56 30.70 43.00 1692715060.11
30.62 31.46 42.00 1692715060.21
31.56 32.22 41.00 1692715060.30
32.65 33.17 40.00 1692715060.39
33.32 33.88 39.00 1692715060.48
33.74 34.40 38.00 1692715060.58
33.99 34.80 37.00 1692715060.68
33.89 34.89 36.00 1692715060.78
33.86 35.01 36.00 1692715060.88
33.83 35.38 34.00 1692715060.98
33.76 35.56 34.00 1692715061.08
34.62 36.05 32.00 1692715061.18
35.87 37.36 31.00 1692715061.28
36.89 38.61 29.00 1692715061.39
37.80 39.72 28.00 1692715061.49
38.84 40.59 27.00 1692715061.59
39.65 41.22 26.00 1692715061.69
40.45 42.70 25.00 1692715061.79
41.19 43.50 24.00 1692715061.89
41.29 43.63 24.00 1692715061.99
40.80 42.93 22.00 1692715062.09
40.93 42.39 21.00 1692715062.19
41.45 42.53 21.00 1692715062.29
41.53 42.45 20.00 1692715062.39
41.87 42.20 18.00 1692715062.49
42.71 42.92 17.00 1692715062.59
43.64 44.13 15.00 1692715062.69
43.95 45.08 14.00 1692715062.79
44.07 45.53 12.00 1692715062.89
44.14 47.17 11.00 1692715062.99
43.85 47.18 11.00 1692715063.09
42.59 44.29 11.00 1692715063.19
38.59 36.50 8.00 1692715063.29
31.53 25.98 0.00 1692715063.39
22.90 15.93 0.00 1692715063.49
15.36 10.28 0.00 1692715063.59
10.65 7.41 0.00 1692715063.69
8.39 5.88 0.00 1692715063.79
7.13 4.70 0.00 1692715063.89
5.80 3.43 0.00 1692715063.99
4.32 2.18 0.00 1692715064.09
3.36 0.79 0.00 1692715064.19
2.76 0.67 0.00 1692715064.29
2.37 0.51 0.00 1692715064.39
2.16 0.49 0.00 1692715064.50
2.13 0.55 0.00 1692715064.60
2.10 0.61 0.00 1692715064.70
1.85 0.47 0.00 1692715064.80
1.76 0.44 0.00 1692715064.90
1.83 0.43 0.00 1692715065.00
1.74 0.57 0.00 1692715065.10
1.69 0.77 0.00 1692715065.20
1.44 0.84 0.00 1692715065.30
1.10 0.83 0.00 1692715065.40
0.75 0.72 0.00 1692715065.50
0.25 0.41 23.00 1692715065.60
0.06 0.15 39.00 1692715065.70
0.05 0.05 55.00 1692715065.80
0.11 0.04 63.00 1692715065.90
0.48 0.10 80.00 1692715066.00
0.57 0.15 94.00 1692715066.10
0.38 0.07 96.00 1692715066.20
0.39 0.05 96.00 1692715066.30
0.62 0.08 96.00 1692715066.40
0.40 0.17 96.00 1692715066.50
0.25 0.08 95.00 1692715066.60
0.16 0.05 95.00 1692715066.70
0.06 0.04 95.00 1692715066.80
0.02 0.02 95.00 1692715066.90
0.00 0.01 95.00 1692715067.00
0.00 0.00 95.00 1692715067.10
0.00 0.01 95.00 1692715067.20
0.01 0.01 95.00 1692715067.30
0.01 0.01 95.00 1692715067.40
0.01 0.01 95.00 1692715067.50
0.01 0.01 95.00 1692715067.61
0.01 0.01 95.00 1692715067.71
0.01 0.01 95.00 1692715067.81
0.01 0.01 95.00 1692715067.91
0.01 0.01 95.00 1692715068.01
0.01 0.02 95.00 1692715068.11
0.00 0.03 95.00 1692715068.21
0.00 0.07 95.00 1692715068.31
0.00 0.03 95.00 1692715068.72
0.02 0.02 95.00 1692715068.81
0.04 0.01 95.00 1692715068.90
0.02 0.01 95.00 1692715069.00
0.00 0.01 95.00 1692715069.09
0.00 0.02 95.00 1692715069.18
0.00 0.02 95.00 1692715069.27
0.01 0.03 95.00 1692715069.37
0.02 0.02 94.00 1692715069.46
0.04 0.02 94.00 1692715069.55
0.04 0.03 93.00 1692715069.64
0.09 0.04 93.00 1692715069.74
0.24 0.04 93.00 1692715069.83
0.43 0.09 93.00 1692715069.92
0.93 0.29 93.00 1692715070.02
1.27 0.38 93.00 1692715070.11
1.32 0.47 93.00 1692715070.21
2.03 1.07 93.00 1692715070.31
3.16 2.05 93.00 1692715070.41
3.36 2.27 93.00 1692715070.51
3.26 2.27 93.00 1692715070.61
3.19 2.18 92.00 1692715070.71
3.30 2.17 92.00 1692715070.82
3.55 2.30 90.00 1692715070.92
3.94 2.60 90.00 1692715071.02
4.25 2.89 88.00 1692715071.12
4.51 3.07 87.00 1692715071.22
5.16 4.02 85.00 1692715071.32
6.46 5.93 84.00 1692715071.42
7.92 6.49 81.00 1692715071.83
7.30 6.32 81.00 1692715071.92
9.47 9.36 79.00 1692715072.30
10.01 10.30 78.00 1692715072.40
10.00 10.52 77.00 1692715072.51
9.70 10.27 77.00 1692715072.61
9.64 10.46 77.00 1692715072.71
9.91 10.76 76.00 1692715072.81
10.15 10.98 75.00 1692715072.91
10.26 12.81 71.00 1692715073.32
11.88 13.54 70.00 1692715073.41
12.61 14.57 70.00 1692715073.50
13.26 15.11 70.00 1692715073.60
13.71 14.70 69.00 1692715073.69
13.50 14.18 68.00 1692715073.78
13.04 14.47 68.00 1692715073.87
12.97 15.12 66.00 1692715073.97
13.09 15.81 66.00 1692715074.06
13.50 16.76 65.00 1692715074.15
14.33 17.35 65.00 1692715074.25
15.07 17.96 65.00 1692715074.34
15.32 18.15 63.00 1692715074.43
15.24 17.92 63.00 1692715074.52
15.57 17.88 63.00 1692715074.62
15.83 18.09 62.00 1692715074.71
16.26 18.62 62.00 1692715074.81
16.78 19.02 62.00 1692715074.91
17.51 19.44 62.00 1692715075.01
17.99 19.57 61.00 1692715075.11
18.40 19.70 61.00 1692715075.21
18.97 20.09 60.00 1692715075.31
19.59 20.53 60.00 1692715075.41
19.73 20.75 59.00 1692715075.51
19.90 20.76 58.00 1692715075.62
20.98 20.61 57.00 1692715075.72
22.33 21.36 56.00 1692715075.82
22.75 22.22 56.00 1692715075.92
23.40 22.77 55.00 1692715076.02
24.12 23.28 54.00 1692715076.12
24.74 23.64 54.00 1692715076.22
24.67 23.73 54.00 1692715076.32
24.21 23.57 53.00 1692715076.42
24.74 24.07 52.00 1692715076.52
25.57 24.30 51.00 1692715076.62
26.32 24.91 51.00 1692715076.72
26.73 25.66 51.00 1692715076.82
27.32 26.34 51.00 1692715076.92
27.74 27.09 50.00 1692715077.02
27.73 27.36 50.00 1692715077.12
27.84 27.22 49.00 1692715077.22
28.05 27.01 49.00 1692715077.32
28.49 26.84 48.00 1692715077.42
29.09 27.01 47.00 1692715077.52
29.95 27.50 45.00 1692715077.62
30.86 28.40 45.00 1692715077.72
31.49 28.77 44.00 1692715077.82
32.19 29.60 44.00 1692715077.92
32.65 30.69 43.00 1692715078.02
33.29 31.50 43.00 1692715078.12
34.30 32.69 42.00 1692715078.22
34.86 33.98 42.00 1692715078.32
34.51 33.17 42.00 1692715078.42
34.57 33.00 42.00 1692715078.52
34.51 32.82 42.00 1692715078.62
34.16 31.88 41.00 1692715078.73
34.50 32.58 41.00 1692715078.83
34.77 33.51 40.00 1692715078.93
34.74 33.54 39.00 1692715079.03
35.11 33.92 38.00 1692715079.13
35.97 35.01 38.00 1692715079.23
36.71 36.34 37.00 1692715079.33
36.98 37.06 37.00 1692715079.43
36.72 36.65 36.00 1692715079.53
36.42 36.08 35.00 1692715079.63
36.56 36.08 35.00 1692715079.73
37.51 37.04 34.00 1692715079.83
37.67 36.91 34.00 1692715079.93
37.77 36.54 32.00 1692715080.03
38.75 37.30 31.00 1692715080.13
39.98 38.25 31.00 1692715080.23
41.31 39.33 31.00 1692715080.33
42.05 40.33 30.00 1692715080.43
41.90 40.49 30.00 1692715080.53
41.99 39.55 30.00 1692715080.63
42.10 38.50 29.00 1692715080.73
41.85 37.49 28.00 1692715080.83
41.88 37.15 27.00 1692715080.93
42.91 38.34 27.00 1692715081.03
43.66 39.18 26.00 1692715081.13
44.05 39.67 25.00 1692715081.23
44.59 39.93 24.00 1692715081.33
45.55 40.75 23.00 1692715081.43
46.04 41.42 22.00 1692715081.53
45.58 41.17 21.00 1692715081.63
44.83 40.27 21.00 1692715081.73
44.85 39.50 20.00 1692715081.83
45.40 40.83 19.00 1692715081.93
45.79 41.10 18.00 1692715082.04
45.86 40.50 17.00 1692715082.14
43.30 36.77 17.00 1692715082.24
36.59 28.79 13.00 1692715082.34
27.87 18.96 10.00 1692715082.44
19.93 3.35 5.00 1692715082.85
8.23 2.54 5.00 1692715082.94
6.57 2.17 5.00 1692715083.03
5.93 1.64 5.00 1692715083.13
5.21 1.05 5.00 1692715083.22
4.15 0.68 5.00 1692715083.31
3.35 0.43 5.00 1692715083.40
2.91 0.57 5.00 1692715083.50
2.71 0.69 5.00 1692715083.59
2.47 0.38 5.00 1692715083.68
2.22 0.33 5.00 1692715083.77
2.25 0.20 11.00 1692715083.87
2.28 0.51 21.00 1692715083.96
2.35 0.93 41.00 1692715084.05
2.42 0.88 62.00 1692715084.15
2.26 0.93 79.00 1692715084.24
1.87 0.81 96.00 1692715084.34
1.14 0.35 96.00 1692715084.44
0.43 0.09 96.00 1692715084.54
0.11 0.04 96.00 1692715084.64
0.05 0.02 96.00 1692715084.74
0.04 0.00 96.00 1692715084.84
0.03 0.00 96.00 1692715084.94
0.01 0.00 96.00 1692715085.04
0.01 0.00 96.00 1692715085.15
0.01 0.00 96.00 1692715085.25
0.00 0.00 96.00 1692715085.35
0.01 0.00 96.00 1692715085.45
0.01 0.01 96.00 1692715085.55
0.00 0.00 96.00 1692715085.65
0.00 0.00 96.00 1692715085.75
0.00 0.00 96.00 1692715085.85
0.01 0.00 96.00 1692715085.95
0.00 0.00 94.00 1692715086.05
0.00 0.00 94.00 1692715086.15
0.01 0.01 94.00 1692715086.25
0.01 0.01 94.00 1692715086.35
0.00 0.00 94.00 1692715086.45
0.01 0.00 93.00 1692715086.55
0.01 0.01 93.00 1692715086.65
0.01 0.01 93.00 1692715086.75
0.01 0.02 93.00 1692715086.85
0.01 0.01 93.00 1692715086.95
0.01 0.01 93.00 1692715087.05
0.02 0.02 93.00 1692715087.15
0.02 0.01 93.00 1692715087.25
0.02 0.01 93.00 1692715087.35
0.02 0.02 93.00 1692715087.45
0.03 0.02 93.00 1692715087.55
0.02 0.02 93.00 1692715087.65
0.02 0.02 93.00 1692715087.75
0.02 0.01 93.00 1692715087.85
0.02 0.02 93.00 1692715087.95
0.02 0.02 93.00 1692715088.05
0.02 0.01 93.00 1692715088.15
0.02 0.00 93.00 1692715088.25
0.02 0.00 93.00 1692715088.35
0.02 0.01 93.00 1692715088.46
0.03 0.01 93.00 1692715088.56
0.02 0.01 94.00 1692715088.66
0.01 0.00 94.00 1692715088.76
0.01 0.00 94.00 1692715088.86
0.01 0.00 94.00 1692715088.96
0.01 0.00 94.00 1692715089.06
0.00 0.00 94.00 1692715089.16
0.01 0.01 94.00 1692715089.26
0.01 0.01 94.00 1692715089.36
0.01 0.01 94.00 1692715089.46
0.02 0.01 94.00 1692715089.56
0.02 0.01 94.00 1692715089.66
0.01 0.01 94.00 1692715089.76
0.00 0.00 94.00 1692715089.86
0.01 0.01 94.00 1692715089.96
0.01 0.02 94.00 1692715090.06
0.01 0.01 94.00 1692715090.16
0.01 0.01 94.00 1692715090.26
0.01 0.01 94.00 1692715090.36
0.01 0.00 94.00 1692715090.46
0.00 0.00 94.00 1692715090.56
0.00 0.00 94.00 1692715090.66
0.00 0.00 94.00 1692715090.76
0.00 0.00 94.00 1692715090.86
0.00 0.00 94.00 1692715090.96
0.01 0.00 94.00 1692715091.06
0.01 0.01 94.00 1692715091.16
0.02 0.01 94.00 1692715091.26
0.01 0.01 94.00 1692715091.36
0.01 0.01 94.00 1692715091.47
0.01 0.01 94.00 1692715091.56
0.02 0.01 94.00 1692715091.67
0.02 0.01 94.00 1692715091.77
0.01 0.01 94.00 1692715091.87
0.01 0.00 94.00 1692715091.97
0.00 0.00 94.00 1692715092.07
0.01 0.00 94.00 1692715092.17
0.02 0.01 94.00 1692715092.27
0.01 0.01 94.00 1692715092.37
0.00 0.00 94.00 1692715092.47
0.01 0.00 94.00 1692715092.57
0.01 0.00 94.00 1692715092.67
0.01 0.01 94.00 1692715092.77
0.02 0.01 94.00 1692715092.87
0.02 0.00 94.00 1692715092.97
0.02 0.01 94.00 1692715093.07
0.01 0.00 94.00 1692715093.17
0.01 0.00 94.00 1692715093.27
0.01 0.00 94.00 1692715093.37
0.01 0.00 93.00 1692715093.47
0.01 0.00 93.00 1692715093.57
0.01 0.00 93.00 1692715093.67
0.02 0.01 92.00 1692715093.77
0.03 0.02 90.00 1692715093.87
0.04 0.03 89.00 1692715093.97
0.14 0.08 87.00 1692715094.07
0.91 0.55 86.00 1692715094.17
2.42 1.84 85.00 1692715094.27
3.17 2.86 84.00 1692715094.37
3.62 3.73 83.00 1692715094.47
4.02 4.33 81.00 1692715094.57
4.42 4.70 81.00 1692715094.68
4.58 4.88 80.00 1692715094.77
4.75 4.87 79.00 1692715094.88
5.33 4.96 77.00 1692715094.98
6.41 6.43 77.00 1692715095.08
7.39 7.30 76.00 1692715095.18
7.60 7.50 74.00 1692715095.28
7.71 7.65 73.00 1692715095.38
8.34 8.02 72.00 1692715095.48
9.15 8.37 72.00 1692715095.58
9.89 8.68 70.00 1692715095.68
11.04 9.30 68.00 1692715095.78
11.64 9.82 68.00 1692715095.88
11.87 9.94 67.00 1692715095.98
12.58 10.18 65.00 1692715096.08
13.73 10.82 64.00 1692715096.18
15.22 13.11 62.00 1692715096.28
16.13 14.02 62.00 1692715096.38
16.36 14.20 62.00 1692715096.48
16.13 14.24 62.00 1692715096.58
16.23 14.27 60.00 1692715096.68
16.55 14.31 60.00 1692715096.78
17.46 14.78 59.00 1692715096.88
18.50 15.89 59.00 1692715096.98
19.07 16.75 58.00 1692715097.08
19.26 17.14 57.00 1692715097.18
19.35 17.73 56.00 1692715097.28
19.63 18.49 55.00 1692715097.38
20.14 19.09 54.00 1692715097.48
20.70 19.70 53.00 1692715097.58
21.65 21.02 52.00 1692715097.68
23.17 22.23 51.00 1692715097.78
24.51 23.20 51.00 1692715097.88
25.62 24.14 51.00 1692715097.99
26.41 24.93 50.00 1692715098.09
26.63 25.11 50.00 1692715098.19
26.72 25.07 49.00 1692715098.29
26.66 24.70 49.00 1692715098.39
26.73 23.69 48.00 1692715098.49
27.41 185.83 46.00 1692715098.59
28.47 27.44 45.00 1692715098.77
29.56 28.65 44.00 1692715098.86
30.39 29.22 44.00 1692715098.96
30.81 29.63 43.00 1692715099.05
31.07 29.59 42.00 1692715099.14
31.28 29.80 42.00 1692715099.23
31.87 30.24 41.00 1692715099.33
32.70 30.94 40.00 1692715099.42
33.72 32.03 40.00 1692715099.51
34.28 32.55 39.00 1692715099.61
34.49 32.59 38.00 1692715099.70
34.77 32.99 37.00 1692715099.79
35.02 33.39 36.00 1692715099.89
35.60 34.02 35.00 1692715099.99
36.68 35.38 35.00 1692715100.09
37.62 36.61 34.00 1692715100.19
37.95 37.22 34.00 1692715100.29
38.03 37.49 33.00 1692715100.39
37.97 37.38 32.00 1692715100.49
37.98 37.21 31.00 1692715100.59
38.17 37.20 31.00 1692715100.69
38.74 37.67 29.00 1692715100.79
39.78 38.49 28.00 1692715100.89
40.66 39.56 27.00 1692715100.99
41.01 39.78 26.00 1692715101.09
41.34 40.09 25.00 1692715101.20
41.82 40.34 24.00 1692715101.30
42.29 40.42 22.00 1692715101.40
43.17 41.28 21.00 1692715101.50
44.00 42.11 20.00 1692715101.60
44.57 42.78 19.00 1692715101.70
44.84 43.31 19.00 1692715101.80
44.73 43.56 17.00 1692715101.90
44.34 43.31 17.00 1692715102.00
44.44 42.94 15.00 1692715102.10
45.40 42.80 13.00 1692715102.20
46.62 43.34 11.00 1692715102.30
47.34 44.15 8.00 1692715102.40
47.41 45.42 6.00 1692715102.50
47.08 46.96 6.00 1692715102.60
47.08 48.29 5.00 1692715102.70
47.62 49.23 4.00 1692715102.80
48.40 49.74 3.00 1692715102.90
48.34 49.95 0.00 1692715103.00
47.15 49.72 0.00 1692715103.10
46.17 48.94 0.00 1692715103.20
45.75 48.71 0.00 1692715103.30
45.39 47.21 0.00 1692715103.40
43.15 41.90 0.00 1692715103.50
35.38 30.01 0.00 1692715103.60
24.82 18.39 0.00 1692715103.70
14.66 10.43 0.00 1692715103.80
8.81 6.06 0.00 1692715103.90
5.81 3.86 0.00 1692715104.00
4.45 2.33 0.00 1692715104.10
3.59 1.26 0.00 1692715104.20
2.71 0.72 0.00 1692715104.30
1.78 0.49 0.00 1692715104.40
1.18 0.19 0.00 1692715104.51
1.02 0.04 0.00 1692715104.61
0.85 0.04 0.00 1692715104.71
0.68 0.03 0.00 1692715104.81
0.62 0.02 0.00 1692715104.91
0.70 0.01 0.00 1692715105.01
0.77 0.07 0.00 1692715105.42
0.69 0.07 0.00 1692715105.51
0.44 0.05 0.00 1692715105.61
0.19 0.04 0.00 1692715105.70
0.06 0.04 0.00 1692715105.79
0.03 0.02 0.00 1692715105.88
0.01 0.00 0.00 1692715105.97
0.01 0.00 0.00 1692715106.07
0.01 0.00 0.00 1692715106.16
0.01 0.01 0.00 1692715106.25
0.00 0.01 3.00 1692715106.34
0.01 0.01 29.00 1692715106.44
0.01 0.00 55.00 1692715106.53
0.01 0.00 81.00 1692715106.62
0.01 0.00 96.00 1692715106.72
0.01 0.01 96.00 1692715106.81
0.01 0.01 96.00 1692715106.91
0.01 0.01 89.00 1692715107.01
0.01 0.00 89.00 1692715107.11
0.02 0.00 89.00 1692715107.21
0.02 0.00 89.00 1692715107.31
0.02 0.01 89.00 1692715107.41
0.01 0.01 89.00 1692715107.51
0.00 0.01 89.00 1692715107.61
0.00 0.01 89.00 1692715107.72
