0.00 0.01 75.00 1692714919.07
0.00 0.01 75.00 1692714919.15
0.00 0.01 74.00 1692714919.24
0.00 0.01 74.00 1692714919.34
0.01 0.01 75.00 1692714919.43
0.01 0.01 75.00 1692714919.52
0.01 0.01 75.00 1692714919.61
0.00 0.01 75.00 1692714919.71
0.00 0.01 75.00 1692714920.12
0.28 0.01 75.00 1692714920.21
0.01 0.00 74.00 1692714920.59
0.01 0.00 74.00 1692714920.70
0.01 0.00 74.00 1692714920.80
0.02 0.00 74.00 1692714920.90
0.04 0.02 74.00 1692714921.00
0.06 0.04 74.00 1692714921.10
0.08 0.07 73.00 1692714921.20
0.09 0.15 72.00 1692714921.30
0.09 0.35 71.00 1692714921.40
0.21 0.98 70.00 1692714921.50
0.60 1.43 69.00 1692714921.60
0.46 2.24 68.00 1692714921.70
0.57 2.57 67.00 1692714921.80
0.81 2.92 66.00 1692714921.90
1.08 3.18 65.00 1692714922.00
1.32 3.47 65.00 1692714922.10
1.36 3.41 65.00 1692714922.20
1.39 3.35 63.00 1692714922.30
1.72 3.96 63.00 1692714922.40
2.08 4.76 63.00 1692714922.50
1.99 4.89 63.00 1692714922.60
1.82 4.65 62.00 1692714922.70
1.97 4.75 62.00 1692714922.80
2.02 5.19 62.00 1692714922.90
2.19 5.22 62.00 1692714923.00
2.43 5.43 61.00 1692714923.10
2.79 5.71 60.00 1692714923.20
3.20 5.83 59.00 1692714923.30
3.97 6.09 59.00 1692714923.40
5.12 6.59 59.00 1692714923.50
6.06 7.05 59.00 1692714923.61
6.56 7.32 59.00 1692714923.71
7.18 7.59 59.00 1692714923.81
7.75 7.66 59.00 1692714923.91
8.30 7.72 59.00 1692714924.01
9.19 8.44 59.00 1692714924.11
10.94 9.56 59.00 1692714924.21
13.24 10.64 59.00 1692714924.31
13.99 11.17 59.00 1692714924.41
12.72 10.25 59.00 1692714924.51
11.90 9.46 59.00 1692714924.61
11.83 9.18 58.00 1692714924.71
12.18 9.59 58.00 1692714924.81
12.43 9.80 58.00 1692714924.91
12.76 10.06 57.00 1692714925.01
12.68 9.98 56.00 1692714925.11
12.97 9.65 56.00 1692714925.21
13.74 9.98 55.00 1692714925.31
14.07 10.25 54.00 1692714925.41
14.63 10.85 54.00 1692714925.51
15.49 11.79 53.00 1692714925.61
16.11 12.46 52.00 1692714925.71
16.67 12.75 52.00 1692714925.81
17.53 13.45 51.00 1692714925.91
17.72 13.84 51.00 1692714926.01
18.31 14.16 51.00 1692714926.11
18.89 14.73 50.00 1692714926.21
19.10 14.81 50.00 1692714926.31
19.57 15.26 50.00 1692714926.41
19.36 15.29 50.00 1692714926.51
19.79 16.30 50.00 1692714926.62
20.67 17.77 49.00 1692714926.72
21.17 18.85 49.00 1692714926.82
21.37 19.12 49.00 1692714926.92
21.05 18.71 48.00 1692714927.02
20.25 18.04 48.00 1692714927.12
20.62 18.06 47.00 1692714927.22
21.25 18.39 47.00 1692714927.32
21.16 18.42 47.00 1692714927.42
21.31 19.23 46.00 1692714927.52
21.32 20.21 45.00 1692714927.62
21.28 20.14 45.00 1692714927.72
22.31 21.10 45.00 1692714927.82
22.72 21.37 45.00 1692714927.92
23.14 22.02 44.00 1692714928.02
23.97 22.82 44.00 1692714928.12
24.64 23.64 44.00 1692714928.22
24.67 23.85 43.00 1692714928.32
24.94 24.09 43.00 1692714928.42
24.93 24.54 42.00 1692714928.52
24.72 24.11 42.00 1692714928.62
25.17 24.42 42.00 1692714928.72
25.42 25.54 42.00 1692714928.82
25.44 25.68 42.00 1692714928.92
26.29 26.52 42.00 1692714929.02
26.89 26.93 41.00 1692714929.12
26.53 26.67 41.00 1692714929.22
26.04 26.54 41.00 1692714929.32
25.33 26.27 40.00 1692714929.43
25.27 26.18 40.00 1692714929.53
25.54 26.62 39.00 1692714929.63
26.05 26.65 38.00 1692714929.73
27.08 27.11 37.00 1692714929.83
26.62 27.51 36.00 1692714929.93
23.54 12.39 9.00 1692714930.34
10.31 8.55 5.00 1692714930.43
7.54 5.25 0.00 1692714930.52
4.08 3.88 0.00 1692714930.62
2.51 3.28 0.00 1692714930.71
2.10 3.27 0.00 1692714930.80
2.32 3.06 0.00 1692714930.89
2.60 3.05 0.00 1692714930.99
2.79 3.19 0.00 1692714931.08
2.85 3.08 0.00 1692714931.17
2.75 2.88 0.00 1692714931.26
2.57 2.69 0.00 1692714931.36
2.47 2.42 0.00 1692714931.45
2.40 2.00 0.00 1692714931.54
2.22 1.71 0.00 1692714931.64
1.99 1.58 0.00 1692714931.73
1.73 1.44 0.00 1692714931.83
1.49 1.34 0.00 1692714931.93
1.29 1.37 0.00 1692714932.03
1.02 1.41 0.00 1692714932.13
0.64 1.37 0.00 1692714932.23
0.36 1.22 0.00 1692714932.34
0.31 1.33 0.00 1692714932.44
0.15 1.43 0.00 1692714932.54
0.09 1.18 0.00 1692714932.64
0.08 1.48 0.00 1692714932.74
0.08 1.73 0.00 1692714932.84
0.08 1.94 0.00 1692714932.94
0.18 2.08 0.00 1692714933.04
0.32 2.15 0.00 1692714933.14
0.23 2.22 0.00 1692714933.24
0.19 2.22 0.00 1692714933.34
0.25 2.15 0.00 1692714933.44
0.41 1.98 0.00 1692714933.54
0.72 2.01 0.00 1692714933.64
0.95 2.34 0.00 1692714933.74
1.27 2.54 15.00 1692714933.84
1.63 3.15 28.00 1692714933.94
1.77 4.07 44.00 1692714934.04
1.52 5.25 59.00 1692714934.14
1.16 4.88 73.00 1692714934.24
0.99 4.58 84.00 1692714934.34
0.82 3.99 92.00 1692714934.44
0.53 3.20 95.00 1692714934.54
0.26 2.36 96.00 1692714934.64
0.11 1.67 96.00 1692714934.74
0.07 1.28 96.00 1692714934.84
0.07 1.19 95.00 1692714934.94
0.06 1.22 94.00 1692714935.04
0.06 1.09 94.00 1692714935.14
0.07 0.89 94.00 1692714935.24
0.10 1.64 93.00 1692714935.35
0.55 2.76 93.00 1692714935.45
1.03 2.99 93.00 1692714935.55
0.46 2.46 93.00 1692714935.65
0.32 1.91 93.00 1692714935.75
0.11 2.87 93.00 1692714935.85
0.05 0.05 93.00 1692714936.26
0.03 0.01 93.00 1692714936.35
0.05 0.01 93.00 1692714936.45
0.06 0.01 93.00 1692714936.54
0.06 0.01 93.00 1692714936.63
0.05 0.01 93.00 1692714936.72
0.06 0.03 93.00 1692714936.81
0.06 0.45 93.00 1692714936.91
0.06 0.65 93.00 1692714937.00
0.05 0.12 94.00 1692714937.09
0.05 0.00 95.00 1692714937.18
0.04 0.03 95.00 1692714937.28
0.01 0.05 95.00 1692714937.37
0.01 0.05 95.00 1692714937.46
0.01 0.05 95.00 1692714937.56
0.00 0.05 95.00 1692714937.65
0.01 0.05 95.00 1692714937.75
0.01 0.05 95.00 1692714937.85
0.01 0.05 95.00 1692714937.95
0.01 0.05 96.00 1692714938.05
0.01 0.05 95.00 1692714938.15
0.01 0.05 95.00 1692714938.26
0.01 0.05 96.00 1692714938.36
0.01 0.04 96.00 1692714938.46
0.00 0.05 96.00 1692714938.56
0.00 0.05 94.00 1692714938.66
0.00 0.05 94.00 1692714938.76
0.00 0.04 94.00 1692714938.86
0.01 0.05 94.00 1692714938.96
0.01 0.04 94.00 1692714939.06
0.01 0.03 96.00 1692714939.16
0.02 0.01 96.00 1692714939.26
0.02 0.06 96.00 1692714939.36
0.01 0.05 96.00 1692714939.46
0.00 0.00 95.00 1692714939.56
0.01 0.03 95.00 1692714939.66
0.00 0.03 95.00 1692714939.76
0.00 0.03 95.00 1692714939.86
0.01 0.03 95.00 1692714939.96
0.01 0.04 95.00 1692714940.06
0.02 0.04 95.00 1692714940.16
0.02 0.04 95.00 1692714940.26
0.02 0.03 95.00 1692714940.36
0.02 0.03 95.00 1692714940.46
0.02 0.02 95.00 1692714940.56
0.03 0.02 94.00 1692714940.66
0.04 0.01 94.00 1692714940.76
0.06 0.01 94.00 1692714940.86
0.06 0.01 94.00 1692714940.96
0.06 0.02 94.00 1692714941.06
0.06 0.01 94.00 1692714941.17
0.06 0.01 94.00 1692714941.27
0.06 0.01 94.00 1692714941.37
0.06 0.01 94.00 1692714941.47
0.06 0.02 94.00 1692714941.57
0.06 0.05 93.00 1692714941.67
0.06 0.10 92.00 1692714941.77
0.06 0.12 92.00 1692714941.87
0.06 0.07 89.00 1692714941.97
0.06 0.04 87.00 1692714942.07
0.09 0.15 85.00 1692714942.17
0.26 0.95 84.00 1692714942.27
0.46 1.52 83.00 1692714942.37
0.38 1.39 82.00 1692714942.47
0.68 1.76 81.00 1692714942.57
0.90 1.98 81.00 1692714942.67
1.37 2.41 81.00 1692714942.77
1.97 3.10 81.00 1692714942.87
1.79 2.96 80.00 1692714942.97
1.51 2.64 80.00 1692714943.07
1.17 2.30 80.00 1692714943.17
0.85 1.90 81.00 1692714943.27
0.59 1.53 80.00 1692714943.37
0.43 1.31 81.00 1692714943.47
0.25 1.08 81.00 1692714943.57
0.10 0.48 81.00 1692714943.67
0.05 0.25 81.00 1692714943.77
0.04 0.19 81.00 1692714943.87
0.07 0.30 81.00 1692714943.97
0.26 0.62 80.00 1692714944.07
0.92 0.98 79.00 1692714944.18
1.05 1.51 77.00 1692714944.28
1.53 2.05 76.00 1692714944.38
1.84 2.61 74.00 1692714944.48
2.10 2.85 73.00 1692714944.58
2.63 3.42 72.00 1692714944.68
3.35 4.22 70.00 1692714944.78
4.27 6.08 70.00 1692714944.88
5.21 6.55 69.00 1692714944.98
5.59 6.49 68.00 1692714945.08
5.80 6.47 66.00 1692714945.18
6.84 6.85 65.00 1692714945.28
8.54 7.25 65.00 1692714945.38
10.06 7.51 65.00 1692714945.48
10.63 8.38 65.00 1692714945.58
10.68 8.27 65.00 1692714945.68
11.15 8.06 65.00 1692714945.78
11.09 8.48 64.00 1692714945.88
10.84 8.02 64.00 1692714945.98
10.52 7.81 63.00 1692714946.08
10.05 7.54 63.00 1692714946.18
10.15 7.48 63.00 1692714946.28
10.10 7.29 63.00 1692714946.38
10.51 7.87 62.00 1692714946.48
10.39 7.91 62.00 1692714946.58
10.99 7.81 61.00 1692714946.68
12.26 8.59 60.00 1692714946.78
12.97 9.72 60.00 1692714946.88
13.14 10.63 60.00 1692714946.98
12.81 10.95 59.00 1692714947.08
12.69 11.43 57.00 1692714947.19
13.60 12.32 56.00 1692714947.29
14.90 13.25 56.00 1692714947.39
15.94 14.04 56.00 1692714947.49
16.23 14.61 55.00 1692714947.59
15.77 14.05 54.00 1692714947.69
15.80 14.32 53.00 1692714947.79
15.47 14.27 52.00 1692714947.89
16.83 15.24 52.00 1692714947.99
17.57 16.49 51.00 1692714948.09
18.57 16.79 51.00 1692714948.19
19.12 17.33 50.00 1692714948.29
18.56 19.66 49.00 1692714948.39
17.52 19.79 49.00 1692714948.49
17.83 19.85 48.00 1692714948.59
18.94 20.44 48.00 1692714948.69
19.44 20.83 46.00 1692714948.79
20.11 21.72 45.00 1692714948.89
20.61 21.79 45.00 1692714948.99
21.20 22.06 45.00 1692714949.09
20.77 21.74 43.00 1692714949.19
20.99 21.95 42.00 1692714949.29
22.37 23.00 42.00 1692714949.39
23.22 23.98 42.00 1692714949.49
23.40 25.29 42.00 1692714949.59
22.75 25.21 42.00 1692714949.69
22.07 24.06 41.00 1692714949.79
23.33 24.84 41.00 1692714949.89
23.87 25.52 41.00 1692714949.99
24.02 25.68 40.00 1692714950.09
24.25 25.94 39.00 1692714950.20
24.25 26.15 38.00 1692714950.30
24.53 26.42 37.00 1692714950.40
25.04 26.81 36.00 1692714950.50
26.24 27.41 35.00 1692714950.60
26.91 28.28 34.00 1692714950.70
27.35 28.83 34.00 1692714950.80
28.08 29.22 32.00 1692714950.90
28.81 29.41 31.00 1692714951.00
29.44 30.21 31.00 1692714951.10
30.16 31.02 30.00 1692714951.20
30.64 31.34 29.00 1692714951.30
31.12 31.51 29.00 1692714951.40
31.05 31.34 28.00 1692714951.50
30.40 30.90 27.00 1692714951.60
30.57 30.74 26.00 1692714951.70
31.03 31.22 25.00 1692714951.80
31.10 31.82 25.00 1692714951.90
29.95 30.67 23.00 1692714952.00
24.81 25.25 21.00 1692714952.10
17.04 17.80 14.00 1692714952.20
10.69 11.59 8.00 1692714952.30
6.92 8.11 0.00 1692714952.40
4.94 6.06 0.00 1692714952.50
3.65 5.15 0.00 1692714952.60
3.42 4.57 0.00 1692714952.70
3.46 4.26 0.00 1692714952.80
3.54 4.23 0.00 1692714952.90
3.49 4.11 0.00 1692714953.00
3.33 4.21 0.00 1692714953.10
3.05 3.87 0.00 1692714953.21
2.80 3.50 0.00 1692714953.31
2.34 3.03 0.00 1692714953.41
1.72 2.42 0.00 1692714953.51
1.24 1.97 0.00 1692714953.61
0.95 1.78 0.00 1692714953.71
0.66 1.55 0.00 1692714953.81
0.41 1.38 0.00 1692714953.91
0.24 1.21 0.00 1692714954.01
0.12 1.09 5.00 1692714954.11
0.08 0.96 14.00 1692714954.21
0.05 1.03 25.00 1692714954.31
0.03 1.03 34.00 1692714954.41
0.04 0.97 41.00 1692714954.51
0.03 0.99 50.00 1692714954.61
0.04 0.90 59.00 1692714954.71
0.06 1.11 63.00 1692714954.81
0.06 1.57 73.00 1692714954.91
0.07 1.92 83.00 1692714955.01
0.07 1.89 94.00 1692714955.11
0.07 1.98 96.00 1692714955.21
0.15 2.08 96.00 1692714955.31
0.26 2.00 96.00 1692714955.41
0.14 1.60 94.00 1692714955.51
0.08 1.47 95.00 1692714955.61
0.08 1.75 95.00 1692714955.71
0.09 1.45 95.00 1692714955.81
0.08 0.63 95.00 1692714955.91
0.07 0.38 95.00 1692714956.01
0.06 0.19 94.00 1692714956.12
0.06 0.42 94.00 1692714956.22
0.08 1.34 94.00 1692714956.32
0.08 1.96 94.00 1692714956.42
0.07 1.97 94.00 1692714956.52
0.05 1.59 94.00 1692714956.62
0.05 0.89 94.00 1692714956.72
0.03 0.03 94.00 1692714956.82
0.00 0.05 92.00 1692714956.92
0.00 0.03 91.00 1692714957.02
0.00 0.02 90.00 1692714957.12
0.00 0.03 89.00 1692714957.22
0.00 0.03 87.00 1692714957.32
0.01 0.02 83.00 1692714957.42
0.04 0.01 82.00 1692714957.52
0.06 0.02 82.00 1692714957.62
0.06 0.33 82.00 1692714957.72
0.05 0.49 83.00 1692714957.82
0.05 0.13 83.00 1692714957.92
0.05 0.01 83.00 1692714958.02
0.05 0.03 83.00 1692714958.12
0.05 0.02 83.00 1692714958.22
0.05 0.02 83.00 1692714958.32
0.06 0.02 84.00 1692714958.42
0.06 0.02 84.00 1692714958.52
0.05 0.02 84.00 1692714958.62
0.05 0.03 84.00 1692714958.72
0.04 0.04 84.00 1692714958.82
0.03 0.05 86.00 1692714958.92
0.04 0.05 89.00 1692714959.02
0.04 0.05 89.00 1692714959.13
0.05 0.06 89.00 1692714959.23
0.05 0.04 88.00 1692714959.33
0.06 0.03 88.00 1692714959.43
0.06 0.03 87.00 1692714959.53
0.06 0.02 87.00 1692714959.63
0.06 0.01 87.00 1692714959.73
0.06 0.02 87.00 1692714959.83
0.06 0.02 87.00 1692714959.93
0.06 0.02 87.00 1692714960.03
0.06 0.03 86.00 1692714960.13
0.06 0.02 84.00 1692714960.23
0.06 0.02 83.00 1692714960.33
0.06 0.02 82.00 1692714960.43
0.06 0.01 81.00 1692714960.53
0.07 0.19 80.00 1692714960.63
0.09 0.43 79.00 1692714960.73
0.32 0.76 79.00 1692714960.83
0.61 1.08 77.00 1692714960.93
0.48 1.02 77.00 1692714961.03
0.62 0.95 74.00 1692714961.13
1.05 1.11 73.00 1692714961.23
1.50 1.37 72.00 1692714961.33
1.94 1.72 70.00 1692714961.43
2.87 2.19 68.00 1692714961.53
3.98 4.15 67.00 1692714961.63
4.65 4.73 66.00 1692714961.73
5.38 5.56 65.00 1692714961.83
6.05 6.11 65.00 1692714961.93
6.61 6.46 64.00 1692714962.03
7.02 7.20 64.00 1692714962.14
7.02 7.63 64.00 1692714962.24
6.58 7.49 64.00 1692714962.34
6.12 7.01 63.00 1692714962.44
5.91 6.55 63.00 1692714962.54
5.90 6.43 62.00 1692714962.64
5.87 6.35 62.00 1692714962.74
6.09 6.49 62.00 1692714962.84
6.65 7.11 62.00 1692714962.94
7.27 7.61 60.00 1692714963.04
8.00 8.33 59.00 1692714963.14
8.91 9.66 59.00 1692714963.24
9.52 10.51 59.00 1692714963.34
9.85 11.04 59.00 1692714963.44
9.96 11.08 57.00 1692714963.54
11.49 11.87 57.00 1692714963.64
12.98 13.72 57.00 1692714963.74
12.21 14.41 57.00 1692714963.84
11.47 12.89 57.00 1692714963.94
11.71 12.06 57.00 1692714964.04
11.60 12.24 57.00 1692714964.14
11.18 11.88 57.00 1692714964.24
11.27 11.70 56.00 1692714964.34
11.71 12.01 56.00 1692714964.44
12.53 13.14 56.00 1692714964.54
12.59 13.90 56.00 1692714964.64
11.54 12.81 56.00 1692714964.74
11.50 12.00 56.00 1692714964.84
12.13 12.33 56.00 1692714964.94
12.44 12.92 56.00 1692714965.04
12.74 13.35 54.00 1692714965.14
12.24 12.35 54.00 1692714965.25
12.37 12.61 53.00 1692714965.35
13.65 14.23 53.00 1692714965.45
14.27 15.05 52.00 1692714965.55
14.56 15.12 52.00 1692714965.65
14.95 15.11 51.00 1692714965.75
15.30 15.21 51.00 1692714965.85
15.20 15.62 51.00 1692714965.95
15.16 15.72 51.00 1692714966.05
15.65 16.51 51.00 1692714966.15
15.86 16.69 50.00 1692714966.25
15.96 16.71 49.00 1692714966.35
15.85 16.55 49.00 1692714966.45
16.42 17.15 48.00 1692714966.55
16.66 17.49 45.00 1692714966.65
17.04 17.12 45.00 1692714966.75
18.86 18.45 44.00 1692714966.85
20.35 19.79 43.00 1692714966.95
20.90 20.57 42.00 1692714967.05
21.23 21.09 40.00 1692714967.15
22.15 21.92 37.00 1692714967.25
23.62 22.98 35.00 1692714967.35
25.03 24.03 32.00 1692714967.45
25.98 24.89 28.00 1692714967.55
26.34 26.65 25.00 1692714967.65
26.65 27.35 21.00 1692714967.75
27.03 28.08 17.00 1692714967.85
25.70 27.32 11.00 1692714967.95
22.13 23.66 2.00 1692714968.05
16.44 17.82 0.00 1692714968.15
9.49 11.69 0.00 1692714968.26
5.52 8.03 0.00 1692714968.36
4.77 7.34 0.00 1692714968.46
4.81 7.30 0.00 1692714968.56
4.55 6.92 0.00 1692714968.66
4.31 6.33 0.00 1692714968.76
4.29 5.81 0.00 1692714968.86
4.35 5.63 0.00 1692714968.96
4.21 5.37 0.00 1692714969.06
3.89 4.92 0.00 1692714969.16
3.53 4.46 0.00 1692714969.26
3.16 4.01 0.00 1692714969.36
2.76 3.58 0.00 1692714969.46
2.41 3.30 0.00 1692714969.56
2.10 2.91 0.00 1692714969.66
1.68 2.39 0.00 1692714969.76
1.24 2.04 0.00 1692714969.86
0.81 1.83 0.00 1692714969.96
0.54 1.73 0.00 1692714970.06
0.35 1.52 0.00 1692714970.16
0.19 1.42 0.00 1692714970.26
0.10 1.44 0.00 1692714970.36
0.08 1.43 0.00 1692714970.46
0.07 1.42 0.00 1692714970.56
0.08 1.44 0.00 1692714970.66
0.12 1.62 0.00 1692714970.76
0.30 1.83 0.00 1692714970.86
0.53 2.02 0.00 1692714970.96
0.53 1.85 0.00 1692714971.06
0.56 1.89 0.00 1692714971.16
0.55 2.52 0.00 1692714971.27
0.41 2.12 3.00 1692714971.37
0.13 1.38 25.00 1692714971.47
0.08 0.83 45.00 1692714971.57
0.07 0.61 59.00 1692714971.67
0.07 0.81 91.00 1692714972.08
0.04 0.38 96.00 1692714972.17
0.05 0.34 96.00 1692714972.26
0.04 0.39 96.00 1692714972.36
0.04 0.48 96.00 1692714972.45
0.05 0.35 96.00 1692714972.54
0.06 0.16 96.00 1692714972.63
0.05 0.02 96.00 1692714972.73
0.04 0.03 96.00 1692714972.82
0.03 0.22 96.00 1692714972.91
0.01 0.29 96.00 1692714973.00
0.01 0.04 96.00 1692714973.10
0.02 0.02 96.00 1692714973.19
0.04 0.02 96.00 1692714973.28
0.05 0.41 96.00 1692714973.38
0.04 1.37 96.00 1692714973.47
0.01 1.67 96.00 1692714973.57
0.06 1.29 96.00 1692714973.67
0.11 0.35 96.00 1692714973.77
0.19 0.03 96.00 1692714973.87
0.21 0.01 96.00 1692714973.97
0.10 0.02 96.00 1692714974.07
0.04 0.03 96.00 1692714974.17
0.07 0.02 96.00 1692714974.28
