0.01 0.00 93.00 1692710686.45
0.01 0.00 93.00 1692710686.48
0.00 0.00 93.00 1692710686.55
0.00 0.00 93.00 1692710686.65
0.01 0.00 93.00 1692710686.75
0.01 0.00 93.00 1692710686.85
0.01 0.00 93.00 1692710686.95
0.01 0.00 94.00 1692710687.05
0.00 0.00 94.00 1692710687.15
0.01 0.00 94.00 1692710687.25
0.01 0.00 94.00 1692710687.35
0.01 0.00 94.00 1692710687.45
0.00 0.00 94.00 1692710687.55
0.00 0.00 93.00 1692710687.65
0.00 0.01 94.00 1692710687.75
0.00 0.00 94.00 1692710687.85
0.01 0.00 93.00 1692710687.95
0.01 0.01 94.00 1692710688.05
0.01 0.00 94.00 1692710688.15
0.01 0.00 94.00 1692710688.25
0.01 0.01 94.00 1692710688.35
0.01 0.00 94.00 1692710688.45
0.00 0.00 94.00 1692710688.55
0.01 0.01 93.00 1692710688.65
0.01 0.00 93.00 1692710688.75
0.00 0.00 93.00 1692710688.85
0.01 0.00 93.00 1692710688.95
0.02 0.01 93.00 1692710689.05
0.03 0.00 93.00 1692710689.15
0.05 0.00 93.00 1692710689.25
0.06 0.00 93.00 1692710689.35
0.05 0.00 93.00 1692710689.45
0.04 0.01 93.00 1692710689.55
0.03 0.01 93.00 1692710689.65
0.05 0.01 93.00 1692710689.75
0.04 0.01 93.00 1692710689.85
0.04 0.01 93.00 1692710689.95
0.07 0.01 93.00 1692710690.05
0.07 0.01 93.00 1692710690.15
0.05 0.01 93.00 1692710690.25
0.04 0.01 93.00 1692710690.35
0.04 0.01 93.00 1692710690.45
0.03 0.02 93.00 1692710690.55
0.05 0.02 93.00 1692710690.65
0.08 0.01 93.00 1692710690.75
0.08 0.01 93.00 1692710690.85
0.07 0.02 94.00 1692710690.95
0.06 0.01 94.00 1692710691.05
0.03 0.02 93.00 1692710691.15
0.04 0.01 93.00 1692710691.25
0.05 0.00 93.00 1692710691.35
0.02 0.01 93.00 1692710691.45
0.01 0.02 93.00 1692710691.55
0.02 0.02 93.00 1692710691.65
0.04 0.01 93.00 1692710691.75
0.07 0.00 93.00 1692710691.85
0.09 0.01 93.00 1692710691.95
0.09 0.01 93.00 1692710692.05
0.11 0.02 93.00 1692710692.15
0.13 0.03 93.00 1692710692.25
0.13 0.06 93.00 1692710692.35
0.09 0.11 93.00 1692710692.45
0.06 0.07 93.00 1692710692.55
0.08 0.08 93.00 1692710692.65
0.09 0.10 92.00 1692710692.75
0.12 0.15 89.00 1692710692.85
0.14 0.33 89.00 1692710692.95
0.15 0.91 89.00 1692710693.05
0.15 1.61 90.00 1692710693.15
0.17 2.14 89.00 1692710693.25
0.16 2.49 89.00 1692710693.35
0.12 2.58 89.00 1692710693.44
0.09 1.99 89.00 1692710693.54
0.08 1.09 87.00 1692710693.64
0.07 1.19 85.00 1692710693.75
0.05 1.48 83.00 1692710693.84
0.04 1.50 83.00 1692710693.94
0.05 1.52 83.00 1692710694.04
0.04 1.82 83.00 1692710694.15
0.03 1.81 83.00 1692710694.24
0.03 1.69 83.00 1692710694.34
0.03 1.74 83.00 1692710694.44
0.02 1.77 82.00 1692710694.54
0.02 1.83 82.00 1692710694.64
0.01 1.80 82.00 1692710694.74
0.02 1.72 81.00 1692710694.84
0.02 1.85 81.00 1692710694.94
0.02 1.77 80.00 1692710695.04
0.01 1.92 74.00 1692710695.45
0.02 2.58 73.00 1692710695.55
0.02 2.86 70.00 1692710695.64
0.01 3.31 69.00 1692710695.73
0.02 3.90 68.00 1692710695.82
0.02 4.65 66.00 1692710695.91
0.02 5.35 64.00 1692710696.01
0.02 6.03 63.00 1692710696.10
0.03 6.62 62.00 1692710696.19
0.03 7.25 60.00 1692710696.28
0.04 8.03 59.00 1692710696.38
0.07 8.99 58.00 1692710696.47
0.12 9.89 56.00 1692710696.56
0.14 10.33 53.00 1692710696.65
0.09 9.47 51.00 1692710696.74
0.06 7.97 49.00 1692710696.84
0.07 6.67 42.00 1692710696.94
0.17 6.14 34.00 1692710697.04
0.22 5.41 20.00 1692710697.14
0.74 6.03 13.00 1692710697.24
2.20 6.88 8.00 1692710697.34
2.93 5.34 0.00 1692710697.44
2.08 4.38 0.00 1692710697.54
1.39 3.54 0.00 1692710697.64
0.53 2.29 0.00 1692710697.74
0.05 1.01 0.00 1692710697.84
0.02 0.17 0.00 1692710697.94
0.01 0.00 0.00 1692710698.04
0.00 0.01 0.00 1692710698.14
0.01 0.01 0.00 1692710698.24
0.00 0.01 0.00 1692710698.34
0.00 0.01 0.00 1692710698.44
0.00 0.01 0.00 1692710698.54
0.01 0.01 0.00 1692710698.64
0.01 0.01 0.00 1692710698.74
0.01 0.01 0.00 1692710698.84
0.01 0.01 0.00 1692710698.94
0.01 0.01 0.00 1692710699.04
0.01 0.01 0.00 1692710699.14
0.00 0.01 0.00 1692710699.24
0.01 0.01 0.00 1692710699.34
0.02 0.01 0.00 1692710699.44
0.02 0.00 0.00 1692710699.54
0.03 0.00 11.00 1692710699.64
0.03 0.00 27.00 1692710699.74
0.04 0.00 43.00 1692710699.84
0.04 0.00 47.00 1692710699.94
0.03 0.00 51.00 1692710700.04
0.03 0.00 56.00 1692710700.14
0.03 0.00 60.00 1692710700.24
0.02 0.00 65.00 1692710700.34
0.01 0.00 71.00 1692710700.44
0.01 0.00 77.00 1692710700.54
0.02 0.00 81.00 1692710700.64
0.03 0.00 87.00 1692710700.74
0.02 0.00 92.00 1692710700.84
0.02 0.00 96.00 1692710700.94
0.01 0.00 96.00 1692710701.04
0.00 0.00 96.00 1692710701.14
0.01 0.00 96.00 1692710701.24
0.00 0.01 96.00 1692710701.34
0.01 0.01 96.00 1692710701.44
0.00 0.00 96.00 1692710701.54
0.02 0.03 95.00 1692710701.64
0.11 0.06 95.00 1692710701.74
0.09 0.03 95.00 1692710701.84
0.02 0.02 95.00 1692710701.94
0.05 0.01 95.00 1692710702.04
0.04 0.00 95.00 1692710702.14
0.04 0.01 95.00 1692710702.24
0.04 0.01 95.00 1692710702.34
0.04 0.01 95.00 1692710702.44
0.04 0.01 95.00 1692710702.54
0.03 0.02 95.00 1692710702.64
0.03 0.01 95.00 1692710702.74
0.03 0.04 95.00 1692710702.84
0.03 0.04 95.00 1692710702.94
0.03 0.03 95.00 1692710703.04
0.03 0.00 95.00 1692710703.13
0.02 0.01 95.00 1692710703.23
0.02 0.01 95.00 1692710703.33
0.01 0.00 95.00 1692710703.43
0.02 0.00 95.00 1692710703.53
0.02 0.01 95.00 1692710703.63
0.01 0.02 95.00 1692710703.73
0.04 0.01 95.00 1692710703.83
0.04 0.01 95.00 1692710703.93
0.04 0.01 95.00 1692710704.03
0.05 0.00 95.00 1692710704.13
0.03 0.00 95.00 1692710704.23
0.01 0.00 95.00 1692710704.33
0.00 0.01 95.00 1692710704.43
0.01 0.02 95.00 1692710704.53
0.02 0.06 95.00 1692710704.63
0.02 0.06 95.00 1692710704.73
0.03 0.01 95.00 1692710704.83
0.03 0.00 95.00 1692710704.93
0.03 0.00 95.00 1692710705.03
0.04 0.02 95.00 1692710705.13
0.04 0.00 95.00 1692710705.23
0.04 0.02 95.00 1692710705.33
0.03 0.03 94.00 1692710705.43
0.02 0.03 94.00 1692710705.53
0.02 0.04 94.00 1692710705.63
0.03 0.04 94.00 1692710705.73
0.03 0.04 94.00 1692710705.83
0.03 0.04 94.00 1692710705.93
0.04 0.04 94.00 1692710706.03
0.04 0.04 94.00 1692710706.13
0.04 0.01 94.00 1692710706.23
0.03 0.01 94.00 1692710706.33
0.02 0.00 94.00 1692710706.43
0.00 0.00 94.00 1692710706.53
0.06 0.00 94.00 1692710706.63
0.03 0.00 94.00 1692710706.73
0.01 0.00 94.00 1692710706.83
0.02 0.00 94.00 1692710706.93
0.04 0.00 94.00 1692710707.03
0.02 0.01 94.00 1692710707.13
0.05 0.01 94.00 1692710707.23
0.04 0.01 94.00 1692710707.33
0.05 0.00 94.00 1692710707.43
0.09 0.00 94.00 1692710707.53
0.06 0.01 94.00 1692710707.63
0.12 0.00 94.00 1692710707.73
0.14 0.00 94.00 1692710707.83
0.03 0.01 94.00 1692710707.93
0.01 0.01 94.00 1692710708.03
0.02 0.01 94.00 1692710708.13
0.01 0.01 94.00 1692710708.23
0.00 0.01 94.00 1692710708.33
0.00 0.01 94.00 1692710708.43
0.02 0.01 94.00 1692710708.53
0.02 0.02 94.00 1692710708.63
0.01 0.00 94.00 1692710708.73
0.00 0.00 94.00 1692710708.83
0.00 0.01 94.00 1692710708.93
0.04 0.01 94.00 1692710709.03
0.05 0.02 93.00 1692710709.13
0.06 0.02 93.00 1692710709.23
0.03 0.01 93.00 1692710709.33
0.00 0.01 93.00 1692710709.43
0.01 0.02 94.00 1692710709.53
0.02 0.03 93.00 1692710709.63
0.01 0.03 93.00 1692710709.73
0.01 0.00 93.00 1692710709.83
0.03 0.01 93.00 1692710709.93
0.02 0.00 93.00 1692710710.03
0.03 0.01 93.00 1692710710.13
0.01 0.01 93.00 1692710710.23
0.01 0.00 93.00 1692710710.33
0.02 0.01 93.00 1692710710.43
0.05 0.01 93.00 1692710710.53
0.07 0.01 93.00 1692710710.63
0.06 0.00 93.00 1692710710.73
0.08 0.00 93.00 1692710710.83
0.10 0.00 93.00 1692710710.93
0.05 0.01 93.00 1692710711.03
0.04 0.02 93.00 1692710711.13
0.05 0.01 92.00 1692710711.23
0.08 0.01 91.00 1692710711.33
0.09 0.00 90.00 1692710711.43
0.13 0.00 89.00 1692710711.53
0.16 0.00 87.00 1692710711.63
0.21 0.01 87.00 1692710711.73
0.36 0.01 87.00 1692710711.83
0.43 0.01 87.00 1692710711.93
0.47 0.02 87.00 1692710712.03
0.55 0.02 87.00 1692710712.13
0.57 0.01 86.00 1692710712.23
0.54 0.01 85.00 1692710712.33
0.60 0.01 84.00 1692710712.43
0.68 0.02 81.00 1692710712.53
0.74 0.02 81.00 1692710712.62
0.78 0.02 80.00 1692710712.73
0.92 0.02 80.00 1692710712.82
1.14 0.02 80.00 1692710712.93
1.26 0.02 80.00 1692710713.02
1.11 1.98 80.00 1692710713.13
1.00 0.02 79.00 1692710713.53
0.87 0.02 78.00 1692710713.63
0.94 0.03 78.00 1692710713.72
0.82 0.04 78.00 1692710713.81
0.64 0.07 77.00 1692710713.90
0.59 0.14 77.00 1692710714.00
0.61 0.29 77.00 1692710714.09
0.72 0.53 75.00 1692710714.18
0.98 0.84 74.00 1692710714.27
1.35 1.26 73.00 1692710714.36
1.80 1.81 71.00 1692710714.46
2.23 2.46 70.00 1692710714.55
2.84 3.42 68.00 1692710714.64
3.78 4.65 67.00 1692710714.73
4.85 5.89 65.00 1692710714.82
5.69 6.47 64.00 1692710714.92
6.40 7.00 62.00 1692710715.02
6.99 7.75 62.00 1692710715.12
7.80 8.54 59.00 1692710715.22
8.46 9.19 58.00 1692710715.32
9.23 10.16 56.00 1692710715.42
9.86 11.16 54.00 1692710715.52
10.59 11.95 51.00 1692710715.62
11.07 11.82 48.00 1692710715.72
12.40 12.05 45.00 1692710715.82
13.67 14.40 42.00 1692710715.92
15.10 16.91 37.00 1692710716.02
16.12 20.69 34.00 1692710716.12
16.87 21.70 32.00 1692710716.22
17.62 22.20 29.00 1692710716.32
17.13 20.41 24.00 1692710716.42
15.16 17.86 16.00 1692710716.52
10.77 12.10 10.00 1692710716.62
6.92 7.31 6.00 1692710716.72
4.60 5.06 5.00 1692710716.82
2.71 3.73 5.00 1692710716.92
1.67 2.82 5.00 1692710717.02
0.99 2.10 5.00 1692710717.12
0.52 1.15 5.00 1692710717.22
0.29 0.87 5.00 1692710717.32
0.17 0.67 5.00 1692710717.42
0.09 0.53 5.00 1692710717.52
0.04 0.21 5.00 1692710717.62
0.00 0.05 5.00 1692710717.72
0.04 0.02 5.00 1692710717.82
0.07 0.00 5.00 1692710717.92
0.06 0.02 5.00 1692710718.02
0.04 0.02 5.00 1692710718.12
0.03 0.02 5.00 1692710718.22
0.00 0.02 5.00 1692710718.32
0.02 0.02 5.00 1692710718.42
0.01 0.02 5.00 1692710718.52
0.02 0.01 5.00 1692710718.62
0.02 0.01 5.00 1692710718.72
0.03 0.01 5.00 1692710718.82
0.04 0.01 5.00 1692710718.92
0.04 0.02 5.00 1692710719.02
0.04 0.02 5.00 1692710719.12
0.05 0.02 5.00 1692710719.22
0.08 0.01 5.00 1692710719.32
0.10 0.00 5.00 1692710719.42
0.13 0.00 5.00 1692710719.52
0.21 0.01 5.00 1692710719.62
0.23 0.02 5.00 1692710719.72
0.12 0.02 5.00 1692710719.82
0.09 0.01 5.00 1692710719.92
0.10 0.01 5.00 1692710720.02
0.10 0.00 5.00 1692710720.12
0.07 0.01 5.00 1692710720.22
0.04 0.02 5.00 1692710720.32
0.03 0.03 5.00 1692710720.42
0.00 0.03 5.00 1692710720.52
0.02 0.02 5.00 1692710720.62
0.03 0.02 5.00 1692710720.72
0.00 0.00 5.00 1692710720.82
0.01 0.00 5.00 1692710720.92
0.01 0.01 5.00 1692710721.02
0.02 0.03 5.00 1692710721.12
0.00 0.04 5.00 1692710721.22
0.03 0.01 5.00 1692710721.32
0.01 0.00 5.00 1692710721.42
0.02 0.01 5.00 1692710721.52
0.02 0.01 5.00 1692710721.62
0.01 0.01 7.00 1692710721.72
0.02 0.01 19.00 1692710721.81
0.01 0.01 36.00 1692710721.92
0.02 0.01 47.00 1692710722.01
0.04 94.97 67.00 1692710722.11
0.05 0.01 95.00 1692710722.52
0.02 0.01 95.00 1692710722.62
0.03 0.02 95.00 1692710722.71
0.03 0.03 95.00 1692710722.80
0.01 0.02 95.00 1692710722.89
0.01 0.01 95.00 1692710722.98
0.01 0.00 96.00 1692710723.08
0.01 0.01 91.00 1692710723.17
0.01 0.00 91.00 1692710723.26
0.01 0.00 91.00 1692710723.35
0.01 0.01 91.00 1692710723.45
0.00 0.03 91.00 1692710723.54
0.00 0.04 91.00 1692710723.63
0.00 0.03 91.00 1692710723.72
0.01 0.01 91.00 1692710723.81
0.02 0.01 91.00 1692710723.91
0.01 0.00 91.00 1692710724.01
0.01 0.00 91.00 1692710724.11
0.01 0.00 91.00 1692710724.21
0.01 0.01 91.00 1692710724.31
0.02 0.00 91.00 1692710724.41
0.03 0.01 91.00 1692710724.51
0.04 0.01 91.00 1692710724.61
0.03 0.01 91.00 1692710724.71
0.03 0.01 91.00 1692710724.81
0.03 0.02 91.00 1692710724.91
0.02 0.00 91.00 1692710725.01
0.01 0.00 91.00 1692710725.11
0.00 0.01 91.00 1692710725.21
0.01 0.01 91.00 1692710725.31
0.03 0.00 91.00 1692710725.41
0.06 0.00 91.00 1692710725.51
0.07 0.00 91.00 1692710725.61
0.04 0.00 91.00 1692710725.71
0.02 0.01 91.00 1692710725.81
0.00 0.01 91.00 1692710725.91
0.02 0.03 91.00 1692710726.01
0.02 0.06 91.00 1692710726.11
0.03 0.07 91.00 1692710726.21
0.06 0.04 91.00 1692710726.31
0.05 0.01 91.00 1692710726.41
0.02 0.01 91.00 1692710726.51
0.01 0.01 91.00 1692710726.61
0.01 0.01 91.00 1692710726.71
0.01 0.01 91.00 1692710726.81
0.01 0.00 91.00 1692710726.91
0.01 0.01 91.00 1692710727.01
0.01 0.01 91.00 1692710727.11
0.05 0.02 91.00 1692710727.21
0.04 0.01 91.00 1692710727.31
0.05 0.02 91.00 1692710727.41
0.08 0.02 91.00 1692710727.51
0.03 0.02 91.00 1692710727.61
0.01 0.02 91.00 1692710727.71
0.02 0.02 91.00 1692710727.81
0.03 0.02 91.00 1692710727.91
0.02 0.02 91.00 1692710728.01
0.02 0.00 91.00 1692710728.11
0.03 0.00 91.00 1692710728.21
0.04 0.00 91.00 1692710728.31
0.03 0.00 91.00 1692710728.41
0.02 0.01 91.00 1692710728.51
0.03 0.00 91.00 1692710728.61
0.06 0.01 91.00 1692710728.71
0.08 0.01 91.00 1692710728.81
0.07 0.02 91.00 1692710728.91
0.07 0.01 91.00 1692710729.01
0.06 0.01 91.00 1692710729.11
0.03 0.02 91.00 1692710729.21
0.04 0.01 91.00 1692710729.31
0.03 0.00 91.00 1692710729.41
0.02 0.01 91.00 1692710729.51
0.03 0.01 91.00 1692710729.61
0.04 0.00 91.00 1692710729.71
0.06 0.00 91.00 1692710729.81
0.07 0.01 91.00 1692710729.91
0.05 0.00 91.00 1692710730.01
0.02 0.00 91.00 1692710730.11
0.03 0.01 91.00 1692710730.21
0.08 0.01 91.00 1692710730.31
0.13 0.00 91.00 1692710730.41
0.13 0.00 91.00 1692710730.51
0.14 0.00 91.00 1692710730.61
0.18 0.00 91.00 1692710730.71
0.07 0.00 91.00 1692710731.15
0.05 0.01 91.00 1692710731.25
0.01 0.03 91.00 1692710731.35
0.00 0.02 91.00 1692710731.45
0.00 0.02 91.00 1692710731.55
0.00 0.02 91.00 1692710731.65
0.00 0.02 91.00 1692710731.75
0.01 0.02 91.00 1692710731.85
0.00 0.02 91.00 1692710731.95
0.00 0.01 91.00 1692710732.05
96.06 0.01 91.00 1692710732.15
0.00 0.01 91.00 1692710732.59
0.01 0.01 91.00 1692710732.69
0.00 0.01 91.00 1692710732.79
0.00 0.00 91.00 1692710732.89
0.00 0.01 91.00 1692710732.99
0.00 0.01 91.00 1692710733.09
0.00 0.01 91.00 1692710733.19
0.01 0.01 91.00 1692710733.29
0.02 0.01 91.00 1692710733.39
0.01 0.00 91.00 1692710733.49
0.00 0.01 91.00 1692710733.59
0.00 0.01 91.00 1692710733.69
0.00 0.01 91.00 1692710733.79
0.00 0.01 91.00 1692710733.89
0.00 0.00 91.00 1692710733.99
0.01 0.00 91.00 1692710734.09
0.01 0.01 91.00 1692710734.19
0.01 0.01 91.00 1692710734.29
0.02 0.00 91.00 1692710734.39
0.04 0.00 91.00 1692710734.49
0.07 0.00 91.00 1692710734.59
0.07 0.00 91.00 1692710734.69
0.06 0.00 91.00 1692710734.79
0.06 0.00 91.00 1692710734.89
0.09 0.00 91.00 1692710734.99
0.14 0.00 89.00 1692710735.09
0.31 0.00 89.00 1692710735.19
0.63 0.02 89.00 1692710735.29
0.77 0.08 89.00 1692710735.39
0.77 0.09 89.00 1692710735.49
0.83 0.04 89.00 1692710735.59
0.89 0.02 89.00 1692710735.69
1.18 0.08 89.00 1692710735.79
1.63 0.51 89.00 1692710735.89
2.21 1.08 89.00 1692710735.99
2.56 1.04 89.00 1692710736.09
2.71 1.01 89.00 1692710736.19
2.83 1.08 88.00 1692710736.29
3.44 1.56 88.00 1692710736.39
4.17 2.39 88.00 1692710736.49
4.30 2.93 88.00 1692710736.59
3.84 2.87 87.00 1692710736.69
3.35 2.48 86.00 1692710736.79
3.52 2.18 84.00 1692710736.89
4.29 3.24 81.00 1692710736.99
5.23 4.24 81.00 1692710737.09
5.89 4.94 81.00 1692710737.19
6.40 5.49 80.00 1692710737.29
7.16 6.00 80.00 1692710737.39
7.93 6.52 80.00 1692710737.49
8.29 6.88 79.00 1692710737.59
8.40 6.84 77.00 1692710737.69
8.73 6.89 77.00 1692710737.79
9.32 7.36 76.00 1692710737.89
10.03 7.98 75.00 1692710737.99
10.50 8.42 74.00 1692710738.09
10.43 8.65 74.00 1692710738.19
10.19 8.12 73.00 1692710738.29
10.31 7.77 72.00 1692710738.39
10.66 8.37 72.00 1692710738.49
11.21 9.26 70.00 1692710738.59
12.14 10.19 70.00 1692710738.69
13.01 11.01 69.00 1692710738.79
13.36 11.67 69.00 1692710738.89
13.16 11.74 69.00 1692710738.99
12.49 11.32 69.00 1692710739.09
11.97 10.61 67.00 1692710739.19
12.42 10.82 65.00 1692710739.29
13.26 13.21 65.00 1692710739.39
13.96 14.26 63.00 1692710739.49
14.49 15.25 63.00 1692710739.59
14.81 15.77 63.00 1692710739.69
16.33 17.03 59.00 1692710740.13
16.96 18.17 59.00 1692710740.23
17.65 19.38 58.00 1692710740.33
18.10 20.26 57.00 1692710740.43
18.44 20.92 56.00 1692710740.53
18.82 21.73 55.00 1692710740.63
18.96 22.02 54.00 1692710740.73
19.12 22.46 52.00 1692710740.83
19.37 22.90 51.00 1692710740.93
19.42 23.16 51.00 1692710741.03
19.29 22.90 50.00 1692710741.13
19.57 24.57 48.00 1692710741.23
19.85 25.80 45.00 1692710741.33
20.00 26.94 45.00 1692710741.43
20.03 27.56 43.00 1692710741.53
20.19 27.96 40.00 1692710741.63
20.87 28.99 37.00 1692710741.73
21.72 30.21 35.00 1692710741.83
22.75 31.20 33.00 1692710741.93
23.81 32.40 31.00 1692710742.03
24.89 34.02 28.00 1692710742.13
25.21 34.87 25.00 1692710742.23
24.52 34.71 21.00 1692710742.33
22.49 32.11 14.00 1692710742.43
20.09 30.96 4.00 1692710742.53
16.55 27.53 0.00 1692710742.63
11.26 19.78 0.00 1692710742.73
7.68 13.12 0.00 1692710742.83
5.32 10.08 0.00 1692710742.93
4.06 9.41 0.00 1692710743.03
3.04 8.87 0.00 1692710743.13
2.70 8.39 0.00 1692710743.23
2.33 8.02 0.00 1692710743.33
1.85 7.31 0.00 1692710743.43
1.42 6.45 0.00 1692710743.53
0.97 4.81 0.00 1692710743.63
0.70 3.80 0.00 1692710743.73
0.50 3.05 0.00 1692710743.83
0.39 2.61 0.00 1692710743.93
0.35 2.19 0.00 1692710744.03
0.23 1.90 0.00 1692710744.13
0.12 1.47 0.00 1692710744.23
0.06 1.06 0.00 1692710744.33
0.02 0.37 0.00 1692710744.77
0.01 0.30 0.00 1692710744.87
0.01 0.34 0.00 1692710744.97
0.02 0.40 0.00 1692710745.07
0.03 0.60 0.00 1692710745.17
0.03 0.79 0.00 1692710745.27
0.03 1.05 0.00 1692710745.37
0.06 0.99 0.00 1692710745.47
0.26 0.74 0.00 1692710745.57
0.36 0.63 0.00 1692710745.67
0.39 0.58 0.00 1692710745.77
0.47 0.34 0.00 1692710745.87
0.44 0.14 0.00 1692710745.97
0.34 0.06 0.00 1692710746.07
0.29 0.03 0.00 1692710746.17
0.33 0.00 0.00 1692710746.27
0.39 0.02 0.00 1692710746.37
0.73 0.00 0.00 1692710746.47
1.02 0.01 0.00 1692710746.57
0.89 0.01 0.00 1692710746.67
0.42 0.00 0.00 1692710746.77
0.13 0.04 0.00 1692710746.87
0.07 0.04 0.00 1692710746.97
0.18 0.01 15.00 1692710747.07
0.11 0.02 45.00 1692710747.17
0.03 0.04 71.00 1692710747.27
0.02 0.04 89.00 1692710747.37
0.01 0.03 88.00 1692710747.47
0.00 0.02 96.00 1692710747.57
0.00 0.02 96.00 1692710747.67
0.00 0.01 96.00 1692710747.77
0.00 0.01 94.00 1692710747.87
0.00 0.01 94.00 1692710747.97
0.00 0.01 94.00 1692710748.07
0.00 0.01 94.00 1692710748.17
0.00 0.01 94.00 1692710748.27
0.00 0.01 94.00 1692710748.37
0.00 0.01 95.00 1692710748.47
0.01 0.01 93.00 1692710748.57
0.01 0.01 92.00 1692710748.67
0.00 0.01 93.00 1692710748.77
0.00 0.01 93.00 1692710748.87
0.01 0.01 93.00 1692710748.97
0.02 0.01 93.00 1692710749.07
0.02 0.02 93.00 1692710749.17
0.03 0.02 93.00 1692710749.27
0.03 0.02 93.00 1692710749.37
0.04 0.01 93.00 1692710749.46
0.04 0.02 93.00 1692710749.56
0.02 0.04 93.00 1692710750.01
0.02 0.02 93.00 1692710750.11
0.01 0.01 93.00 1692710750.21
0.00 0.01 93.00 1692710750.31
0.00 0.02 93.00 1692710750.41
0.01 0.02 93.00 1692710750.51
0.02 0.04 93.00 1692710750.61
0.01 0.06 92.00 1692710750.71
0.01 0.06 93.00 1692710750.81
0.00 0.04 93.00 1692710750.91
0.00 0.02 93.00 1692710751.01
0.00 0.01 93.00 1692710751.11
0.00 0.01 93.00 1692710751.21
0.00 0.00 93.00 1692710751.31
0.00 0.01 93.00 1692710751.41
0.00 0.01 93.00 1692710751.51
0.00 0.01 93.00 1692710751.61
0.01 0.01 93.00 1692710751.71
0.00 0.02 92.00 1692710751.81
0.01 0.01 92.00 1692710751.91
0.01 0.02 93.00 1692710752.01
0.01 0.02 93.00 1692710752.11
0.00 0.02 93.00 1692710752.21
0.00 0.01 93.00 1692710752.31
0.00 0.01 93.00 1692710752.41
0.00 0.01 93.00 1692710752.51
0.01 0.01 93.00 1692710752.61
0.01 0.00 93.00 1692710752.71
0.01 0.01 93.00 1692710752.81
0.01 0.02 93.00 1692710752.91
0.01 0.02 93.00 1692710753.01
0.01 0.02 93.00 1692710753.11
0.01 0.03 93.00 1692710753.21
0.01 0.03 92.00 1692710753.31
0.00 0.02 92.00 1692710753.41
0.00 0.02 93.00 1692710753.51
0.00 0.03 93.00 1692710753.61
0.00 0.01 93.00 1692710753.71
0.01 0.01 93.00 1692710753.81
0.00 0.01 93.00 1692710753.91
0.01 0.00 93.00 1692710754.01
0.00 0.01 93.00 1692710754.11
0.00 0.01 92.00 1692710754.20
0.01 0.01 92.00 1692710754.30
0.01 0.01 92.00 1692710754.41
0.03 22.98 92.00 1692710754.50
0.03 0.01 92.00 1692710754.91
0.07 0.01 92.00 1692710755.01
0.07 0.01 92.00 1692710755.10
0.04 0.02 92.00 1692710755.19
0.03 0.01 92.00 1692710755.28
0.03 0.00 92.00 1692710755.37
0.03 0.00 92.00 1692710755.47
0.02 0.00 92.00 1692710755.56
0.02 0.01 92.00 1692710755.65
0.02 0.03 92.00 1692710755.74
0.02 0.02 92.00 1692710755.84
0.03 0.02 92.00 1692710755.93
0.03 0.03 92.00 1692710756.02
0.02 0.03 92.00 1692710756.11
0.03 0.02 92.00 1692710756.20
0.05 0.06 92.00 1692710756.61
0.26 0.02 92.00 1692710756.71
0.31 0.01 92.00 1692710756.80
0.13 0.00 92.00 1692710756.89
0.14 0.00 92.00 1692710756.98
0.33 0.03 91.00 1692710757.07
0.57 0.17 91.00 1692710757.17
0.76 0.25 90.00 1692710757.26
0.69 0.16 89.00 1692710757.35
0.85 0.37 88.00 1692710757.44
1.21 0.78 87.00 1692710757.54
1.53 1.01 87.00 1692710757.63
1.58 0.80 86.00 1692710757.72
1.64 0.72 86.00 1692710757.81
1.82 1.06 85.00 1692710757.90
2.02 1.42 85.00 1692710758.00
2.33 1.74 83.00 1692710758.10
2.86 2.16 83.00 1692710758.20
3.36 2.77 83.00 1692710758.30
3.50 3.10 83.00 1692710758.40
3.35 2.91 83.00 1692710758.50
3.21 2.64 81.00 1692710758.60
3.17 2.62 80.00 1692710758.70
3.39 2.85 80.00 1692710758.80
3.80 3.35 79.00 1692710758.90
4.24 4.10 79.00 1692710759.00
4.47 4.74 79.00 1692710759.10
4.54 4.64 78.00 1692710759.20
4.68 4.48 78.00 1692710759.30
4.87 4.47 77.00 1692710759.40
5.17 4.64 76.00 1692710759.50
5.61 4.75 76.00 1692710759.60
6.14 5.03 75.00 1692710759.70
6.26 5.16 75.00 1692710759.80
6.45 5.19 74.00 1692710759.90
6.76 5.40 72.00 1692710760.00
7.15 5.83 72.00 1692710760.10
7.51 7.98 72.00 1692710760.20
7.68 6.30 69.00 1692710760.61
6.56 7.59 69.00 1692710760.70
7.37 9.15 68.00 1692710760.79
8.57 9.76 67.00 1692710760.88
9.11 10.19 66.00 1692710760.98
9.43 10.81 65.00 1692710761.07
11.08 11.46 65.00 1692710761.45
11.20 11.39 65.00 1692710761.55
11.19 11.21 64.00 1692710761.65
11.25 11.04 63.00 1692710761.75
11.75 11.50 62.00 1692710761.85
12.44 12.15 62.00 1692710761.95
13.13 12.57 62.00 1692710762.05
13.66 13.24 62.00 1692710762.15
13.97 13.75 62.00 1692710762.25
14.06 14.03 60.00 1692710762.35
14.07 14.17 59.00 1692710762.45
13.73 14.77 58.00 1692710762.55
13.72 15.27 57.00 1692710762.65
14.65 16.84 54.00 1692710762.75
15.32 18.26 53.00 1692710762.85
15.90 19.76 52.00 1692710762.95
16.16 20.67 52.00 1692710763.05
16.49 21.16 51.00 1692710763.15
16.05 21.02 47.00 1692710763.25
14.80 20.03 42.00 1692710763.35
14.68 20.84 34.00 1692710763.45
13.82 22.44 28.00 1692710763.55
13.07 23.77 18.00 1692710763.65
10.69 23.31 6.00 1692710763.75
8.55 21.52 0.00 1692710763.85
5.46 16.63 0.00 1692710763.95
2.15 10.72 0.00 1692710764.05
1.13 7.17 0.00 1692710764.15
1.51 6.51 0.00 1692710764.25
0.98 5.87 0.00 1692710764.35
0.46 4.85 0.00 1692710764.45
0.23 4.30 0.00 1692710764.55
0.13 4.19 0.00 1692710764.65
0.10 3.66 0.00 1692710764.75
0.05 2.46 0.00 1692710764.85
0.02 2.03 0.00 1692710764.95
0.01 1.41 0.00 1692710765.04
0.01 94.97 0.00 1692710765.14
0.02 0.03 0.00 1692710765.55
0.02 0.01 0.00 1692710765.65
0.01 0.01 0.00 1692710765.74
0.04 0.02 0.00 1692710766.12
0.04 0.01 0.00 1692710766.22
0.05 0.00 0.00 1692710766.32
0.04 0.02 0.00 1692710766.42
0.03 0.16 0.00 1692710766.52
0.03 0.57 0.00 1692710766.62
0.03 0.60 0.00 1692710766.72
0.03 0.48 0.00 1692710766.82
0.04 0.31 0.00 1692710766.92
0.03 0.16 19.00 1692710767.02
0.03 0.11 51.00 1692710767.12
0.03 0.10 79.00 1692710767.22
0.01 0.03 95.00 1692710767.32
0.02 0.02 96.00 1692710767.42
0.01 0.03 96.00 1692710767.52
0.00 0.03 95.00 1692710767.62
0.01 0.04 94.00 1692710767.72
0.02 0.04 94.00 1692710767.82
0.01 0.05 94.00 1692710767.92
0.01 0.04 94.00 1692710768.02
0.02 0.04 94.00 1692710768.12
0.03 0.03 94.00 1692710768.22
0.04 0.03 94.00 1692710768.32
0.04 0.10 94.00 1692710768.42
0.03 0.18 94.00 1692710768.52
0.02 0.26 94.00 1692710768.62
0.02 0.27 94.00 1692710768.72
0.02 0.17 94.00 1692710768.82
0.02 0.12 94.00 1692710768.92
0.02 0.10 94.00 1692710769.02
0.02 0.13 94.00 1692710769.12
0.02 0.14 94.00 1692710769.22
0.01 0.14 94.00 1692710769.32
0.01 0.18 94.00 1692710769.42
0.00 0.21 94.00 1692710769.52
0.01 0.21 94.00 1692710769.61
0.03 0.18 94.00 1692710769.71
0.04 0.16 94.00 1692710769.81
0.06 0.15 94.00 1692710769.91
0.05 0.17 94.00 1692710770.01
0.05 0.22 94.00 1692710770.11
0.04 0.30 94.00 1692710770.21
0.05 0.35 94.00 1692710770.31
0.07 0.38 94.00 1692710770.41
0.10 0.38 94.00 1692710770.51
0.11 0.37 94.00 1692710770.61
0.13 0.36 94.00 1692710770.71
0.16 0.38 94.00 1692710770.81
0.18 0.38 94.00 1692710770.91
0.18 0.35 94.00 1692710771.01
0.16 0.33 94.00 1692710771.11
