0.01 0.01 88.00 1692715880.22
0.01 0.01 88.00 1692715880.31
0.01 0.00 88.00 1692715880.40
0.01 0.00 88.00 1692715880.50
0.01 0.00 88.00 1692715880.59
0.01 0.01 88.00 1692715880.68
0.00 0.00 88.00 1692715880.77
0.00 0.00 88.00 1692715880.87
0.00 0.00 88.00 1692715880.96
0.00 0.00 88.00 1692715881.06
0.00 0.00 88.00 1692715881.16
0.01 0.00 88.00 1692715881.26
0.01 0.00 88.00 1692715881.36
0.01 0.01 88.00 1692715881.46
0.01 0.01 88.00 1692715881.56
0.01 0.01 88.00 1692715881.66
0.01 0.01 88.00 1692715881.76
0.01 0.01 88.00 1692715881.86
0.01 0.01 88.00 1692715881.96
0.01 0.01 88.00 1692715882.06
0.00 0.00 88.00 1692715882.16
0.00 0.01 88.00 1692715882.27
0.01 0.05 87.00 1692715882.37
0.02 0.41 87.00 1692715882.47
0.12 1.17 87.00 1692715882.57
0.26 1.68 87.00 1692715882.67
0.37 1.82 87.00 1692715882.77
0.55 2.02 86.00 1692715882.87
0.92 2.54 85.00 1692715882.97
1.29 0.05 85.00 1692715883.07
1.55 3.04 81.00 1692715883.48
1.85 3.71 80.00 1692715883.57
2.28 4.76 80.00 1692715883.66
2.86 5.28 77.00 1692715883.76
3.23 5.41 76.00 1692715883.85
3.35 6.26 74.00 1692715883.94
3.83 7.90 73.00 1692715884.03
4.84 9.02 73.00 1692715884.13
5.80 9.58 73.00 1692715884.22
6.62 9.47 73.00 1692715884.31
7.12 8.87 73.00 1692715884.40
7.14 8.26 72.00 1692715884.50
6.91 7.97 71.00 1692715884.59
6.89 8.25 70.00 1692715884.68
7.48 9.11 69.00 1692715884.77
8.29 9.97 68.00 1692715884.87
9.00 10.49 68.00 1692715884.97
9.79 11.16 66.00 1692715885.07
10.55 12.07 65.00 1692715885.17
11.12 12.75 65.00 1692715885.27
11.30 12.90 65.00 1692715885.37
11.47 13.07 64.00 1692715885.47
11.41 13.44 63.00 1692715885.57
11.19 13.63 63.00 1692715885.67
11.09 13.52 62.00 1692715885.78
10.95 13.20 62.00 1692715885.87
11.13 12.80 60.00 1692715885.97
11.98 14.93 57.00 1692715886.08
13.14 16.68 56.00 1692715886.18
14.36 18.21 54.00 1692715886.28
15.77 19.83 53.00 1692715886.38
17.21 21.27 52.00 1692715886.48
18.17 22.16 51.00 1692715886.58
18.52 22.54 51.00 1692715886.68
18.49 22.14 47.00 1692715887.09
17.90 22.50 45.00 1692715887.18
17.95 23.29 44.00 1692715887.27
18.37 24.50 43.00 1692715887.37
19.03 25.94 41.00 1692715887.46
19.76 27.54 40.00 1692715887.55
20.68 28.98 37.00 1692715887.64
21.50 30.56 36.00 1692715887.74
22.32 32.04 34.00 1692715887.83
23.22 33.30 33.00 1692715887.92
24.24 34.29 32.00 1692715888.01
25.26 34.86 30.00 1692715888.11
26.09 35.30 29.00 1692715888.20
26.87 35.73 29.00 1692715888.29
27.05 35.77 28.00 1692715888.38
26.92 35.36 27.00 1692715888.48
26.96 34.86 23.00 1692715888.58
26.58 33.91 20.00 1692715888.68
26.51 33.33 17.00 1692715888.78
26.56 33.89 14.00 1692715888.88
25.95 33.78 10.00 1692715888.98
24.53 32.31 4.00 1692715889.08
20.12 26.80 0.00 1692715889.18
15.36 18.64 0.00 1692715889.28
10.92 14.30 0.00 1692715889.38
7.98 13.24 0.00 1692715889.48
5.47 12.43 0.00 1692715889.58
4.26 10.10 0.00 1692715889.68
4.22 10.08 0.00 1692715889.79
4.15 9.61 0.00 1692715889.89
3.61 8.60 0.00 1692715889.99
2.93 7.33 0.00 1692715890.09
2.53 6.17 0.00 1692715890.19
2.06 5.43 0.00 1692715890.29
1.71 5.19 0.00 1692715890.39
1.49 4.85 0.00 1692715890.49
1.22 4.43 0.00 1692715890.59
1.15 4.19 0.00 1692715890.69
1.16 3.98 0.00 1692715890.79
1.09 3.70 5.00 1692715890.89
1.07 4.11 21.00 1692715890.99
1.11 4.21 40.00 1692715891.09
1.06 4.01 53.00 1692715891.19
1.23 3.65 63.00 1692715891.29
1.37 2.94 76.00 1692715891.39
1.32 2.18 87.00 1692715891.49
1.21 1.45 96.00 1692715891.59
0.82 0.88 96.00 1692715891.69
0.53 0.52 96.00 1692715891.79
0.41 0.28 96.00 1692715891.89
0.14 0.10 96.00 1692715891.99
0.01 0.02 96.00 1692715892.09
0.03 0.04 96.00 1692715892.19
0.03 0.05 94.00 1692715892.29
0.03 0.05 94.00 1692715892.39
0.03 0.04 94.00 1692715892.49
0.03 0.03 94.00 1692715892.59
0.03 0.03 94.00 1692715892.69
0.02 0.02 94.00 1692715892.79
0.02 0.01 94.00 1692715892.89
0.02 0.01 94.00 1692715892.99
0.02 0.00 94.00 1692715893.09
0.02 0.00 94.00 1692715893.19
0.02 0.01 94.00 1692715893.29
0.02 0.01 94.00 1692715893.39
0.02 0.00 94.00 1692715893.49
0.02 0.00 94.00 1692715893.59
0.02 0.01 93.00 1692715893.70
0.02 0.00 93.00 1692715893.80
0.01 0.02 93.00 1692715893.90
0.02 0.02 93.00 1692715894.00
0.03 0.01 93.00 1692715894.10
0.03 0.01 94.00 1692715894.20
0.04 0.01 94.00 1692715894.30
0.04 0.00 94.00 1692715894.40
0.03 0.00 94.00 1692715894.50
0.03 0.01 94.00 1692715894.60
0.02 0.01 94.00 1692715894.70
0.02 0.00 94.00 1692715894.80
0.02 0.01 93.00 1692715894.90
0.01 0.01 92.00 1692715895.00
0.01 0.01 92.00 1692715895.10
0.03 0.02 91.00 1692715895.20
0.24 0.13 91.00 1692715895.30
0.21 0.54 91.00 1692715895.40
0.02 0.33 91.00 1692715895.50
0.00 192.00 91.00 1692715895.60
0.00 0.05 91.00 1692715895.70
0.01 0.00 91.00 1692715895.80
0.02 0.02 91.00 1692715895.90
0.02 0.01 91.00 1692715896.00
0.02 0.01 91.00 1692715896.10
0.02 0.01 91.00 1692715896.20
0.02 0.01 91.00 1692715896.30
0.03 0.01 91.00 1692715896.40
0.03 0.01 90.00 1692715896.50
0.03 0.01 89.00 1692715896.60
0.03 0.01 88.00 1692715896.70
0.01 0.04 88.00 1692715896.80
0.28 0.51 87.00 1692715896.90
0.85 1.07 85.00 1692715897.00
1.25 1.27 85.00 1692715897.10
1.56 1.38 84.00 1692715897.20
1.67 1.37 81.00 1692715897.30
2.19 1.78 80.00 1692715897.40
3.27 2.82 77.00 1692715897.51
4.00 3.69 77.00 1692715897.61
4.48 3.95 75.00 1692715897.71
5.58 4.55 74.00 1692715897.81
6.79 5.90 73.00 1692715897.91
7.55 7.49 72.00 1692715898.01
7.95 7.78 71.00 1692715898.11
7.68 7.58 68.00 1692715898.21
7.15 6.81 65.00 1692715898.31
7.63 6.69 62.00 1692715898.41
9.45 8.46 61.00 1692715898.51
11.42 11.14 60.00 1692715898.61
12.55 12.94 59.00 1692715898.71
13.10 13.71 57.00 1692715898.81
13.84 14.33 56.00 1692715898.91
14.50 15.25 56.00 1692715899.01
14.53 15.69 53.00 1692715899.11
14.41 14.83 52.00 1692715899.21
14.85 15.63 51.00 1692715899.31
15.43 16.47 50.00 1692715899.41
15.39 16.34 48.00 1692715899.51
15.69 16.91 44.00 1692715899.61
16.59 18.54 42.00 1692715899.71
17.84 20.51 40.00 1692715899.81
18.83 22.38 38.00 1692715899.91
19.75 23.87 37.00 1692715900.01
20.68 25.47 35.00 1692715900.11
21.44 27.20 32.00 1692715900.21
22.17 28.89 29.00 1692715900.31
23.08 31.77 28.00 1692715900.41
24.28 32.91 26.00 1692715900.51
25.99 33.82 24.00 1692715900.61
27.95 34.62 23.00 1692715900.71
29.01 34.82 22.00 1692715900.81
29.26 34.47 20.00 1692715900.91
29.61 34.32 18.00 1692715901.01
30.10 34.48 16.00 1692715901.11
30.49 34.77 14.00 1692715901.21
30.96 35.07 11.00 1692715901.32
31.20 35.42 8.00 1692715901.42
31.39 35.32 5.00 1692715901.52
30.68 33.28 0.00 1692715901.62
27.56 27.78 0.00 1692715901.72
20.70 20.50 0.00 1692715901.82
13.09 15.64 0.00 1692715901.92
9.34 14.80 0.00 1692715902.02
6.33 12.94 0.00 1692715902.12
4.02 11.33 0.00 1692715902.22
3.09 10.28 0.00 1692715902.32
2.56 9.16 0.00 1692715902.42
2.06 7.86 0.00 1692715902.52
1.69 6.50 0.00 1692715902.62
1.53 5.55 0.00 1692715902.72
1.22 4.52 0.00 1692715902.82
0.98 4.32 0.00 1692715902.92
0.72 3.92 0.00 1692715903.02
0.50 3.57 0.00 1692715903.12
0.53 3.32 0.00 1692715903.22
0.63 3.31 0.00 1692715903.32
0.59 3.06 0.00 1692715903.42
0.61 2.91 0.00 1692715903.52
0.82 3.18 0.00 1692715903.62
0.75 3.48 0.00 1692715903.72
0.62 3.62 0.00 1692715903.82
0.80 3.22 0.00 1692715903.92
0.92 2.04 3.00 1692715904.02
0.89 1.47 39.00 1692715904.12
0.55 0.92 63.00 1692715904.22
0.29 0.41 79.00 1692715904.32
0.22 0.11 89.00 1692715904.42
0.17 0.08 95.00 1692715904.52
0.05 0.06 96.00 1692715904.62
0.00 0.02 96.00 1692715904.72
0.01 0.00 96.00 1692715904.82
0.02 0.02 96.00 1692715904.92
0.03 0.02 95.00 1692715905.02
0.03 0.01 94.00 1692715905.12
0.04 0.01 94.00 1692715905.23
0.04 0.01 94.00 1692715905.33
0.04 0.01 94.00 1692715905.43
0.04 0.01 94.00 1692715905.53
0.04 0.00 94.00 1692715905.63
0.04 0.00 94.00 1692715905.73
0.03 0.00 94.00 1692715906.14
0.03 0.01 93.00 1692715906.23
0.03 0.00 93.00 1692715906.32
0.03 0.00 93.00 1692715906.42
0.02 0.01 93.00 1692715906.51
0.02 0.01 93.00 1692715906.60
0.02 0.00 93.00 1692715906.69
0.02 0.01 93.00 1692715906.79
0.02 0.01 93.00 1692715906.88
0.02 0.01 93.00 1692715906.97
0.02 0.01 92.00 1692715907.06
0.01 0.02 92.00 1692715907.16
0.01 0.19 92.00 1692715907.25
0.01 0.59 92.00 1692715907.34
0.01 0.48 92.00 1692715907.43
0.01 0.51 92.00 1692715907.53
0.01 0.39 92.00 1692715907.63
0.01 0.40 92.00 1692715907.73
0.01 0.33 92.00 1692715907.83
0.01 0.14 92.00 1692715907.93
0.02 0.04 92.00 1692715908.03
0.03 0.00 92.00 1692715908.13
0.03 0.01 92.00 1692715908.23
0.02 0.01 92.00 1692715908.33
0.03 0.02 92.00 1692715908.43
0.03 0.02 92.00 1692715908.53
0.03 0.02 92.00 1692715908.63
0.03 0.02 91.00 1692715908.73
0.04 0.01 91.00 1692715908.83
0.03 0.00 91.00 1692715908.93
0.01 0.01 91.00 1692715909.04
0.01 0.02 88.00 1692715909.14
0.00 0.02 87.00 1692715909.24
0.20 0.06 84.00 1692715909.34
0.91 0.68 83.00 1692715909.44
1.35 1.77 83.00 1692715909.54
1.67 2.24 81.00 1692715909.64
1.86 2.26 79.00 1692715909.74
2.48 2.25 77.00 1692715909.84
3.46 4.50 74.00 1692715909.94
4.61 5.61 72.00 1692715910.04
5.93 6.69 71.00 1692715910.14
7.16 7.42 70.00 1692715910.24
8.12 7.89 68.00 1692715910.34
8.76 8.27 68.00 1692715910.44
8.89 8.51 65.00 1692715910.54
8.80 8.86 63.00 1692715910.64
9.62 9.87 62.00 1692715910.74
10.99 11.74 62.00 1692715910.84
12.32 13.88 61.00 1692715910.94
12.73 14.98 58.00 1692715911.04
12.79 13.98 54.00 1692715911.14
13.38 14.61 51.00 1692715911.24
14.09 15.64 48.00 1692715911.34
15.74 18.32 45.00 1692715911.44
17.52 20.98 42.00 1692715911.54
18.87 22.98 40.00 1692715911.64
20.13 24.37 38.00 1692715911.74
21.40 26.31 37.00 1692715911.84
22.82 28.37 35.00 1692715911.94
23.46 29.80 34.00 1692715912.04
24.38 30.44 32.00 1692715912.14
24.83 31.25 32.00 1692715912.24
24.95 32.02 31.00 1692715912.34
23.30 31.08 28.00 1692715912.44
20.64 29.49 23.00 1692715912.54
19.68 29.83 17.00 1692715912.64
18.03 31.04 11.00 1692715912.74
15.88 31.85 4.00 1692715912.84
13.53 32.14 0.00 1692715912.94
10.21 31.38 0.00 1692715913.05
7.30 28.79 0.00 1692715913.15
4.94 23.06 0.00 1692715913.25
3.74 16.10 0.00 1692715913.35
2.85 12.61 0.00 1692715913.45
1.99 9.12 0.00 1692715913.55
1.53 8.53 0.00 1692715913.65
1.12 3.69 0.00 1692715914.06
0.14 2.81 0.00 1692715914.15
0.01 2.24 0.00 1692715914.24
0.02 2.21 0.00 1692715914.34
0.03 2.14 0.00 1692715914.43
0.03 1.99 0.00 1692715914.52
0.03 1.76 0.00 1692715914.61
0.03 1.91 0.00 1692715914.71
0.03 2.21 15.00 1692715914.80
0.03 2.27 31.00 1692715914.89
0.03 2.30 47.00 1692715914.98
0.02 2.13 62.00 1692715915.08
0.02 2.00 71.00 1692715915.17
0.01 1.88 79.00 1692715915.26
