0.11 0.13 94.00 1692879085.94
0.11 0.13 94.00 1692879086.02
0.11 0.13 94.00 1692879086.11
0.11 0.13 94.00 1692879086.20
0.11 0.13 94.00 1692879086.30
0.11 0.15 94.00 1692879086.40
0.11 0.18 94.00 1692879086.50
0.12 0.22 94.00 1692879086.60
0.12 0.26 94.00 1692879086.70
0.12 0.30 94.00 1692879086.80
0.12 0.28 94.00 1692879086.90
0.12 0.25 94.00 1692879087.00
0.11 0.18 94.00 1692879087.10
0.11 0.15 94.00 1692879087.20
0.11 0.15 95.00 1692879087.30
0.11 0.14 94.00 1692879087.40
0.11 0.20 94.00 1692879087.50
0.12 0.33 94.00 1692879087.60
0.14 0.52 94.00 1692879087.70
0.23 1.21 94.00 1692879087.80
0.43 2.35 94.00 1692879087.90
0.59 2.62 94.00 1692879088.00
0.66 2.46 94.00 1692879088.10
0.81 2.41 94.00 1692879088.20
1.02 2.44 94.00 1692879088.30
1.34 2.57 94.00 1692879088.40
1.61 2.70 94.00 1692879088.50
1.84 2.80 94.00 1692879088.60
2.02 3.14 94.00 1692879088.70
2.21 3.35 95.00 1692879088.80
2.35 3.48 94.00 1692879088.90
2.30 3.38 94.00 1692879089.00
2.12 3.09 94.00 1692879089.10
1.98 2.91 95.00 1692879089.20
1.92 2.84 95.00 1692879089.30
2.17 2.90 94.00 1692879089.41
2.65 3.31 94.00 1692879089.51
2.94 4.00 94.00 1692879089.61
2.61 4.44 94.00 1692879089.71
2.04 4.19 94.00 1692879089.81
1.67 3.51 94.00 1692879089.91
1.62 3.48 94.00 1692879090.01
2.00 3.70 94.00 1692879090.11
2.83 4.30 94.00 1692879090.21
3.45 4.93 94.00 1692879090.31
3.44 5.11 94.00 1692879090.41
3.20 4.88 94.00 1692879090.51
3.12 4.56 94.00 1692879090.61
3.37 4.43 92.00 1692879090.71
4.05 4.67 91.00 1692879090.81
4.79 5.35 89.00 1692879090.91
5.43 5.96 88.00 1692879091.01
6.23 6.80 88.00 1692879091.11
6.72 7.05 87.00 1692879091.21
7.11 7.21 85.00 1692879091.31
7.99 7.90 84.00 1692879091.41
8.84 8.71 84.00 1692879091.51
9.58 9.19 83.00 1692879091.61
10.30 9.77 82.00 1692879091.71
10.76 10.38 81.00 1692879091.81
10.91 10.92 81.00 1692879091.91
10.80 11.15 80.00 1692879092.01
10.77 11.05 78.00 1692879092.11
11.30 11.13 77.00 1692879092.21
12.19 12.73 76.00 1692879092.31
12.88 13.68 74.00 1692879092.41
13.54 14.70 73.00 1692879092.51
14.35 15.74 71.00 1692879092.61
15.16 16.63 70.00 1692879092.71
15.63 17.49 68.00 1692879092.81
16.00 22.49 63.00 1692879093.23
16.96 23.76 62.00 1692879093.32
17.88 24.76 61.00 1692879093.41
18.87 25.69 60.00 1692879093.50
19.73 26.79 59.00 1692879093.60
20.86 27.74 58.00 1692879093.69
22.14 28.89 56.00 1692879093.78
23.57 29.61 55.00 1692879093.87
24.66 30.09 53.00 1692879093.97
25.56 30.58 53.00 1692879094.06
26.32 31.61 51.00 1692879094.15
26.97 32.19 51.00 1692879094.24
27.24 32.43 50.00 1692879094.34
27.77 32.72 49.00 1692879094.43
28.21 32.89 48.00 1692879094.52
28.55 33.17 46.00 1692879094.62
28.68 33.38 45.00 1692879094.72
29.10 33.77 44.00 1692879094.82
29.37 34.02 43.00 1692879094.92
29.54 34.06 41.00 1692879095.02
30.13 34.41 39.00 1692879095.12
30.76 34.71 37.00 1692879095.22
31.55 35.15 35.00 1692879095.32
32.27 35.98 34.00 1692879095.42
32.71 36.58 31.00 1692879095.52
32.75 36.80 29.00 1692879095.62
32.87 36.58 27.00 1692879095.72
33.22 37.05 24.00 1692879095.82
33.63 36.95 21.00 1692879095.92
33.50 36.23 17.00 1692879096.02
32.69 34.86 13.00 1692879096.12
31.29 32.57 9.00 1692879096.22
29.73 30.26 6.00 1692879096.32
27.65 30.28 0.00 1692879096.42
23.15 30.32 0.00 1692879096.52
19.29 26.49 0.00 1692879096.62
14.78 18.91 0.00 1692879096.72
12.33 14.20 0.00 1692879096.82
12.02 12.95 0.00 1692879096.92
11.35 13.41 0.00 1692879097.02
10.47 13.33 0.00 1692879097.12
9.68 12.97 0.00 1692879097.22
9.22 12.46 0.00 1692879097.32
8.99 11.80 0.00 1692879097.43
8.84 11.11 0.00 1692879097.52
8.56 10.57 0.00 1692879097.63
8.25 10.13 0.00 1692879097.73
7.74 9.84 0.00 1692879097.83
7.10 9.80 0.00 1692879097.93
6.81 10.01 0.00 1692879098.03
6.72 10.54 0.00 1692879098.13
6.70 11.16 0.00 1692879098.23
6.75 11.59 0.00 1692879098.33
6.17 11.44 0.00 1692879098.43
5.43 10.87 0.00 1692879098.53
4.76 10.35 0.00 1692879098.63
4.46 10.31 0.00 1692879098.73
4.50 10.87 0.00 1692879098.83
4.60 11.58 7.00 1692879098.93
4.57 12.07 43.00 1692879099.03
4.38 12.14 66.00 1692879099.13
4.64 12.19 71.00 1692879099.23
5.29 12.81 75.00 1692879099.33
5.31 11.64 94.00 1692879099.43
4.03 8.71 96.00 1692879099.53
3.02 6.64 96.00 1692879099.63
2.72 5.76 96.00 1692879099.73
2.44 5.33 96.00 1692879099.83
2.11 5.14 96.00 1692879099.93
1.56 4.66 96.00 1692879100.03
0.97 3.68 96.00 1692879100.13
0.53 2.50 96.00 1692879100.23
0.44 1.99 96.00 1692879100.33
0.48 2.15 96.00 1692879100.43
0.50 2.29 96.00 1692879100.53
0.50 1.55 96.00 1692879100.63
0.58 1.10 96.00 1692879100.73
0.77 0.75 96.00 1692879100.83
1.20 0.59 96.00 1692879100.93
1.56 0.54 96.00 1692879101.03
1.38 0.50 96.00 1692879101.13
1.07 0.49 96.00 1692879101.23
0.69 0.50 96.00 1692879101.33
0.58 0.89 96.00 1692879101.43
0.66 1.74 96.00 1692879101.54
0.98 1.67 96.00 1692879101.64
1.83 1.37 96.00 1692879101.74
2.80 2.68 96.00 1692879101.84
3.19 3.23 96.00 1692879102.25
1.55 3.63 96.00 1692879102.34
1.25 4.16 96.00 1692879102.43
1.45 4.57 96.00 1692879102.53
1.66 4.65 96.00 1692879102.62
1.45 4.53 96.00 1692879102.71
1.36 4.26 96.00 1692879102.80
1.55 3.83 96.00 1692879102.90
1.85 3.57 96.00 1692879102.99
2.17 3.37 96.00 1692879103.08
2.26 3.31 96.00 1692879103.17
2.30 3.26 96.00 1692879103.27
2.39 3.25 96.00 1692879103.36
2.51 3.36 96.00 1692879103.45
2.44 3.66 96.00 1692879103.54
2.05 3.94 96.00 1692879103.64
1.73 4.08 95.00 1692879103.74
1.70 4.01 95.00 1692879103.84
1.77 3.83 95.00 1692879103.94
1.88 3.78 95.00 1692879104.04
2.07 3.93 95.00 1692879104.14
2.32 4.06 95.00 1692879104.24
2.70 4.18 95.00 1692879104.34
3.02 4.46 95.00 1692879104.44
2.98 4.66 95.00 1692879104.54
2.75 4.67 95.00 1692879104.64
2.54 4.51 95.00 1692879104.74
2.30 4.13 95.00 1692879105.16
2.29 4.60 95.00 1692879105.25
3.51 5.88 94.00 1692879105.63
3.11 5.30 94.00 1692879105.73
2.64 4.46 94.00 1692879105.83
2.86 4.48 94.00 1692879105.93
3.24 4.92 94.00 1692879106.03
3.35 5.06 93.00 1692879106.13
3.76 5.03 92.00 1692879106.23
4.63 5.38 90.00 1692879106.33
5.49 5.93 90.00 1692879106.43
6.40 6.49 89.00 1692879106.53
7.27 6.97 88.00 1692879106.63
7.96 7.58 87.00 1692879106.73
8.32 7.76 86.00 1692879106.83
8.81 8.25 85.00 1692879106.93
9.44 8.84 84.00 1692879107.03
10.27 9.48 84.00 1692879107.13
10.91 10.03 81.00 1692879107.23
11.06 9.99 80.00 1692879107.33
11.76 10.32 80.00 1692879107.44
12.50 11.26 78.00 1692879107.54
12.70 11.49 76.00 1692879107.64
13.13 11.72 74.00 1692879107.74
14.26 12.86 73.00 1692879107.84
15.26 15.45 72.00 1692879107.94
15.89 16.26 70.00 1692879108.04
16.36 17.54 69.00 1692879108.14
16.59 18.62 66.00 1692879108.24
16.90 19.48 64.00 1692879108.34
17.46 20.27 62.00 1692879108.44
18.46 21.34 62.00 1692879108.54
19.55 22.73 60.00 1692879108.64
20.44 23.89 56.00 1692879108.74
21.34 24.70 54.00 1692879108.84
22.79 25.46 51.00 1692879108.94
24.70 26.96 50.00 1692879109.04
26.00 29.78 48.00 1692879109.14
26.62 29.89 45.00 1692879109.24
27.45 30.91 43.00 1692879109.34
28.55 32.34 40.00 1692879109.44
29.02 33.40 38.00 1692879109.54
29.49 34.15 36.00 1692879109.64
30.37 35.08 34.00 1692879109.74
31.28 35.73 31.00 1692879109.84
32.06 36.16 28.00 1692879109.94
32.76 36.49 26.00 1692879110.04
33.13 36.73 22.00 1692879110.14
33.17 36.67 20.00 1692879110.24
32.81 35.19 16.00 1692879110.34
32.00 33.52 11.00 1692879110.44
30.32 31.26 8.00 1692879110.54
27.47 16.00 0.00 1692879110.96
16.26 13.06 0.00 1692879111.05
12.81 12.07 0.00 1692879111.14
10.32 11.70 0.00 1692879111.23
9.19 10.90 0.00 1692879111.33
7.98 10.00 0.00 1692879111.42
7.07 9.47 0.00 1692879111.51
6.51 9.16 0.00 1692879111.60
5.93 8.81 0.00 1692879111.70
5.44 8.52 0.00 1692879111.79
5.21 8.32 0.00 1692879111.88
5.19 8.21 0.00 1692879111.97
5.22 8.51 0.00 1692879112.07
5.23 9.11 0.00 1692879112.16
5.18 9.47 0.00 1692879112.25
4.90 9.58 0.00 1692879112.35
4.62 9.77 0.00 1692879112.45
4.37 10.07 0.00 1692879112.55
4.39 10.42 0.00 1692879112.65
4.55 11.08 0.00 1692879112.75
4.70 11.94 0.00 1692879112.85
4.85 12.74 0.00 1692879112.95
4.91 13.56 0.00 1692879113.05
4.94 14.50 0.00 1692879113.15
4.39 15.18 0.00 1692879113.25
3.57 14.91 0.00 1692879113.35
2.88 13.96 0.00 1692879113.45
2.68 11.45 0.00 1692879113.55
3.03 9.91 0.00 1692879113.65
3.35 7.99 0.00 1692879113.75
2.94 6.11 0.00 1692879113.85
