0.14 0.19 95.00 1692794536.16
0.14 0.25 95.00 1692794536.23
0.13 6.11 95.00 1692794536.32
0.12 0.15 95.00 1692794536.73
0.12 0.14 95.00 1692794536.83
0.13 0.14 95.00 1692794537.21
0.15 0.15 95.00 1692794537.31
0.16 0.19 95.00 1692794537.41
0.19 0.34 95.00 1692794537.51
0.23 0.63 95.00 1692794537.61
0.35 0.92 95.00 1692794537.71
1.06 1.60 95.00 1692794537.81
2.70 2.72 95.00 1692794537.91
4.28 3.63 95.00 1692794538.01
4.83 4.05 95.00 1692794538.11
4.90 4.05 95.00 1692794538.21
4.94 3.74 95.00 1692794538.31
5.04 3.81 95.00 1692794538.41
5.10 3.92 95.00 1692794538.51
5.15 4.03 95.00 1692794538.61
5.16 4.08 95.00 1692794538.71
5.04 4.08 95.00 1692794538.81
4.91 4.07 95.00 1692794538.92
4.98 4.13 95.00 1692794539.02
5.23 4.28 95.00 1692794539.12
5.36 4.54 95.00 1692794539.22
5.30 4.63 94.00 1692794539.32
5.57 4.58 94.00 1692794539.42
6.25 5.64 94.00 1692794539.52
6.93 6.94 94.00 1692794539.62
6.68 7.23 94.00 1692794539.72
6.05 6.75 94.00 1692794539.82
5.50 6.06 94.00 1692794539.92
5.19 5.63 94.00 1692794540.02
5.10 5.61 94.00 1692794540.12
5.12 5.81 94.00 1692794540.22
5.10 5.94 94.00 1692794540.32
5.15 5.98 94.00 1692794540.42
5.28 5.97 94.00 1692794540.52
5.28 5.98 94.00 1692794540.62
5.13 5.59 94.00 1692794540.72
5.05 5.38 94.00 1692794540.82
5.03 5.30 94.00 1692794540.92
5.17 5.37 94.00 1692794541.02
5.48 5.66 94.00 1692794541.12
5.66 5.89 94.00 1692794541.22
5.58 5.79 94.00 1692794541.32
5.48 5.47 94.00 1692794541.42
5.56 5.19 94.00 1692794541.52
5.85 5.18 94.00 1692794541.62
6.07 6.02 94.00 1692794542.03
5.99 5.78 94.00 1692794542.13
5.81 5.88 94.00 1692794542.22
5.83 6.13 94.00 1692794542.31
5.89 6.30 94.00 1692794542.41
5.88 6.36 94.00 1692794542.50
5.80 6.26 94.00 1692794542.59
5.58 5.88 94.00 1692794542.68
5.11 5.05 94.00 1692794542.78
4.18 4.31 94.00 1692794542.87
3.71 4.49 94.00 1692794542.96
4.29 5.58 94.00 1692794543.05
5.42 6.59 93.00 1692794543.15
6.29 7.22 93.00 1692794543.24
7.09 7.65 92.00 1692794543.33
7.66 7.75 91.00 1692794543.43
8.46 8.03 89.00 1692794543.53
9.63 8.43 88.00 1692794543.63
10.83 8.91 88.00 1692794543.73
11.78 9.41 88.00 1692794543.83
12.58 10.59 88.00 1692794543.93
13.06 12.22 88.00 1692794544.03
13.18 13.65 88.00 1692794544.13
12.95 14.62 88.00 1692794544.23
12.31 14.38 87.00 1692794544.33
12.63 13.94 87.00 1692794544.43
13.76 14.83 86.00 1692794544.53
14.43 17.09 85.00 1692794544.63
14.98 17.89 83.00 1692794544.73
15.34 18.58 81.00 1692794544.83
15.82 19.16 80.00 1692794544.93
16.15 19.44 79.00 1692794545.03
16.32 19.56 76.00 1692794545.13
16.90 20.54 74.00 1692794545.23
17.89 22.39 73.00 1692794545.33
18.98 30.11 71.00 1692794545.43
19.84 32.16 70.00 1692794545.84
22.48 32.09 70.00 1692794545.94
22.57 31.53 68.00 1692794546.03
22.56 30.61 65.00 1692794546.12
22.25 29.21 62.00 1692794546.21
21.58 29.00 61.00 1692794546.31
24.54 36.71 51.00 1692794546.69
25.86 37.98 49.00 1692794546.79
27.47 38.73 47.00 1692794546.89
29.89 39.66 45.00 1692794546.99
31.83 40.06 42.00 1692794547.09
33.65 40.15 40.00 1692794547.19
34.36 39.63 36.00 1692794547.29
34.65 39.00 34.00 1692794547.39
34.97 38.69 31.00 1692794547.49
35.18 38.59 28.00 1692794547.59
34.61 32.10 11.00 1692794548.00
27.40 29.81 11.00 1692794548.10
22.77 27.37 11.00 1692794548.19
18.35 24.42 10.00 1692794548.28
14.46 23.70 10.00 1692794548.37
13.50 24.29 10.00 1692794548.47
11.75 18.85 11.00 1692794548.85
11.49 17.97 11.00 1692794548.95
11.33 17.22 11.00 1692794549.05
11.22 16.45 11.00 1692794549.15
11.19 16.30 11.00 1692794549.25
10.99 16.64 11.00 1692794549.35
9.97 16.10 11.00 1692794549.45
9.39 15.72 11.00 1692794549.55
9.08 15.74 11.00 1692794549.65
8.84 15.81 11.00 1692794549.75
9.15 15.78 11.00 1692794549.85
9.45 14.86 11.00 1692794549.95
9.51 13.45 20.00 1692794550.05
9.02 12.12 41.00 1692794550.15
8.28 10.94 63.00 1692794550.25
8.88 11.14 77.00 1692794550.35
10.51 13.56 87.00 1692794550.46
10.19 15.74 96.00 1692794550.55
7.71 13.20 96.00 1692794550.66
6.19 9.90 96.00 1692794550.76
5.11 8.22 96.00 1692794550.86
4.63 6.75 96.00 1692794550.96
4.76 5.60 95.00 1692794551.06
5.11 5.65 95.00 1692794551.16
4.66 5.69 95.00 1692794551.26
3.80 5.07 95.00 1692794551.36
2.96 3.69 95.00 1692794551.46
2.28 2.20 95.00 1692794551.56
1.76 1.47 95.00 1692794551.66
1.62 1.62 95.00 1692794551.76
1.65 1.96 95.00 1692794551.86
1.71 2.07 95.00 1692794551.96
1.85 1.87 95.00 1692794552.06
1.95 1.69 95.00 1692794552.16
2.35 1.94 95.00 1692794552.26
2.84 3.10 95.00 1692794552.36
2.79 3.16 95.00 1692794552.46
2.58 2.75 95.00 1692794552.56
2.65 2.47 95.00 1692794552.66
2.82 2.43 95.00 1692794552.76
2.88 2.53 95.00 1692794552.86
2.98 2.52 95.00 1692794552.96
3.01 2.52 95.00 1692794553.06
2.76 2.43 95.00 1692794553.16
2.81 2.52 95.00 1692794553.26
3.05 2.89 95.00 1692794553.36
2.97 4.61 95.00 1692794553.46
3.53 3.75 95.00 1692794553.87
2.87 4.06 95.00 1692794554.01
2.87 4.44 95.00 1692794554.11
3.08 4.78 95.00 1692794554.21
3.79 5.05 95.00 1692794554.31
4.85 5.28 95.00 1692794554.41
5.47 5.37 95.00 1692794554.51
5.38 5.17 95.00 1692794554.61
5.25 4.49 95.00 1692794554.71
4.99 4.24 95.00 1692794554.81
4.81 4.19 95.00 1692794554.91
5.31 4.67 95.00 1692794555.01
6.23 6.07 95.00 1692794555.11
5.93 6.73 95.00 1692794555.21
4.50 5.67 95.00 1692794555.31
3.61 4.50 94.00 1692794555.41
4.38 4.29 94.00 1692794555.51
6.59 5.48 94.00 1692794555.61
8.01 7.50 93.00 1692794555.71
8.82 8.23 90.00 1692794555.82
10.41 10.00 89.00 1692794555.92
12.41 11.57 88.00 1692794556.02
13.59 12.19 86.00 1692794556.12
13.72 11.80 84.00 1692794556.22
14.08 11.81 81.00 1692794556.32
15.60 13.73 80.00 1692794556.42
16.42 15.81 78.00 1692794556.52
16.85 16.76 76.00 1692794556.62
17.79 18.00 74.00 1692794556.72
18.50 19.33 72.00 1692794556.82
19.25 20.53 70.00 1692794556.92
19.74 22.18 68.00 1692794557.02
20.21 24.96 66.00 1692794557.12
20.94 26.72 64.00 1692794557.22
21.40 28.01 62.00 1692794557.32
22.18 29.07 62.00 1692794557.42
23.35 30.07 61.00 1692794557.52
24.24 30.63 60.00 1692794557.62
24.67 30.51 58.00 1692794557.72
25.88 30.54 55.00 1692794557.82
26.76 31.08 51.00 1692794557.92
26.85 29.87 49.00 1692794558.02
28.61 30.13 46.00 1692794558.12
30.36 32.17 44.00 1692794558.22
32.33 35.85 42.00 1692794558.32
33.85 37.08 40.00 1692794558.42
35.20 38.12 37.00 1692794558.52
35.69 38.43 34.00 1692794558.62
36.03 38.51 32.00 1692794558.72
36.03 38.42 29.00 1692794558.82
35.68 38.24 26.00 1692794558.92
35.14 38.15 21.00 1692794559.02
34.27 37.68 18.00 1692794559.12
33.49 36.10 15.00 1692794559.22
32.69 34.49 13.00 1692794559.32
30.67 34.35 7.00 1692794559.42
27.31 35.24 7.00 1692794559.53
22.31 31.49 7.00 1692794559.63
16.73 26.64 7.00 1692794559.73
13.96 23.87 7.00 1692794559.83
14.20 23.45 7.00 1692794559.93
14.09 22.39 7.00 1692794560.03
12.92 19.66 7.00 1692794560.13
11.17 16.47 7.00 1692794560.23
9.53 13.79 7.00 1692794560.33
8.85 12.39 7.00 1692794560.43
8.73 12.87 7.00 1692794560.53
8.47 14.79 7.00 1692794560.63
8.17 16.45 7.00 1692794560.73
8.39 17.26 7.00 1692794560.83
8.74 18.38 7.00 1692794560.93
8.78 19.22 7.00 1692794561.03
8.55 19.59 7.00 1692794561.13
8.14 19.34 7.00 1692794561.23
8.10 19.58 7.00 1692794561.33
8.21 19.85 7.00 1692794561.43
9.20 20.24 7.00 1692794561.53
11.07 21.17 7.00 1692794561.63
11.44 21.05 7.00 1692794561.73
9.33 17.69 7.00 1692794561.83
7.20 9.71 7.00 1692794561.93
5.71 7.56 7.00 1692794562.03
5.08 6.61 7.00 1692794562.13
5.26 6.53 7.00 1692794562.23
5.68 7.05 7.00 1692794562.33
5.15 6.49 7.00 1692794562.43
3.91 5.05 7.00 1692794562.53
2.64 3.34 7.00 1692794562.63
1.79 2.05 7.00 1692794562.73
1.37 1.61 7.00 1692794562.83
1.36 1.63 7.00 1692794562.93
1.67 2.04 7.00 1692794563.03
1.86 3.16 7.00 1692794563.13
1.81 2.93 7.00 1692794563.23
1.69 2.26 7.00 1692794563.34
1.30 1.56 7.00 1692794563.44
0.84 1.64 7.00 1692794563.54
0.45 2.58 7.00 1692794563.64
0.14 3.70 7.00 1692794563.74
0.09 4.87 7.00 1692794563.84
0.07 5.70 7.00 1692794563.94
0.05 5.63 7.00 1692794564.04
0.05 5.18 7.00 1692794564.14
0.05 4.46 7.00 1692794564.24
0.06 2.16 7.00 1692794564.34
0.09 1.63 7.00 1692794564.44
0.08 1.23 7.00 1692794564.54
0.07 0.87 7.00 1692794564.64
0.06 0.75 7.00 1692794564.74
0.04 0.67 7.00 1692794564.84
0.00 0.45 7.00 1692794564.94
0.03 0.20 7.00 1692794565.04
0.02 0.13 7.00 1692794565.14
0.03 0.10 7.00 1692794565.24
0.07 0.09 7.00 1692794565.34
0.12 0.10 7.00 1692794565.44
0.19 0.07 7.00 1692794565.54
0.25 0.05 7.00 1692794565.64
0.29 0.03 7.00 1692794565.74
0.30 0.00 7.00 1692794565.84
0.31 0.05 7.00 1692794565.94
0.30 0.10 7.00 1692794566.04
0.29 0.43 7.00 1692794566.45
0.52 0.46 7.00 1692794566.55
0.13 0.30 7.00 1692794566.93
0.07 0.27 7.00 1692794567.03
0.06 0.21 7.00 1692794567.13
0.05 0.20 7.00 1692794567.23
0.03 0.19 7.00 1692794567.33
0.01 0.18 7.00 1692794567.43
0.01 0.18 7.00 1692794567.53
0.00 0.20 7.00 1692794567.63
0.00 0.19 7.00 1692794567.73
