0.03 0.03 90.00 1692709187.84
0.03 0.03 90.00 1692709187.93
0.03 0.01 90.00 1692709188.03
0.03 0.01 90.00 1692709188.13
0.04 0.02 90.00 1692709188.23
0.04 0.02 90.00 1692709188.33
0.04 0.02 90.00 1692709188.43
0.03 0.01 90.00 1692709188.53
0.03 0.01 90.00 1692709188.63
0.03 0.01 90.00 1692709188.73
0.03 0.01 90.00 1692709188.83
0.03 0.01 90.00 1692709188.93
0.03 0.00 90.00 1692709189.03
0.03 0.01 89.00 1692709189.13
0.03 0.00 88.00 1692709189.23
0.02 0.01 88.00 1692709189.33
0.02 0.02 87.00 1692709189.43
0.00 0.02 86.00 1692709189.53
0.10 0.07 85.00 1692709189.63
0.15 0.22 85.00 1692709189.73
0.20 0.35 84.00 1692709189.83
0.33 0.48 83.00 1692709189.93
0.61 0.62 82.00 1692709190.03
1.00 1.42 81.00 1692709190.13
1.23 1.71 80.00 1692709190.23
1.26 1.82 80.00 1692709190.33
1.46 1.91 79.00 1692709190.43
1.89 2.11 78.00 1692709190.53
2.61 2.71 77.00 1692709190.63
3.38 3.62 77.00 1692709190.73
4.04 4.27 76.00 1692709190.83
4.41 4.81 76.00 1692709190.93
4.38 5.15 76.00 1692709191.03
4.22 5.09 76.00 1692709191.13
4.38 4.96 76.00 1692709191.23
4.88 4.44 76.00 1692709191.33
5.19 4.51 76.00 1692709191.43
5.48 4.43 77.00 1692709191.53
5.85 4.31 76.00 1692709191.63
6.16 4.42 76.00 1692709191.73
6.69 4.74 76.00 1692709191.83
7.33 5.27 76.00 1692709191.93
7.34 5.66 75.00 1692709192.03
7.13 5.54 75.00 1692709192.13
7.44 5.53 75.00 1692709192.23
7.57 5.87 74.00 1692709192.33
7.43 6.04 73.00 1692709192.43
7.65 6.09 72.00 1692709192.53
8.20 6.29 72.00 1692709192.63
9.16 6.84 72.00 1692709192.73
9.84 7.49 72.00 1692709192.83
9.40 7.72 72.00 1692709192.93
8.92 7.54 71.00 1692709193.03
8.78 7.36 71.00 1692709193.13
8.85 7.32 70.00 1692709193.23
9.18 7.51 70.00 1692709193.33
9.64 7.82 70.00 1692709193.43
10.23 8.25 70.00 1692709193.53
10.30 8.93 69.00 1692709193.63
9.97 8.87 69.00 1692709193.73
10.10 9.06 69.00 1692709193.83
10.42 9.37 68.00 1692709193.93
10.50 9.64 67.00 1692709194.03
10.58 9.79 67.00 1692709194.13
11.17 10.16 66.00 1692709194.23
11.97 10.89 66.00 1692709194.33
12.49 11.73 66.00 1692709194.43
12.32 12.04 66.00 1692709194.53
12.08 11.84 66.00 1692709194.63
11.54 11.68 65.00 1692709194.73
11.34 11.24 65.00 1692709194.83
11.53 11.41 65.00 1692709194.93
11.55 11.38 64.00 1692709195.03
11.84 11.55 64.00 1692709195.13
12.31 11.87 63.00 1692709195.23
12.88 12.40 63.00 1692709195.33
13.39 13.76 62.00 1692709195.43
13.54 14.06 60.00 1692709195.84
14.61 14.35 60.00 1692709195.93
14.68 14.60 59.00 1692709196.02
14.89 14.77 58.00 1692709196.11
15.14 15.13 56.00 1692709196.21
15.50 15.86 56.00 1692709196.30
16.67 16.61 54.00 1692709196.39
17.94 17.61 53.00 1692709196.48
19.26 18.48 52.00 1692709196.57
20.28 19.09 52.00 1692709196.67
20.98 19.71 51.00 1692709196.76
23.47 22.47 46.00 1692709197.17
23.71 22.91 45.00 1692709197.27
24.53 23.71 44.00 1692709197.37
25.59 24.68 43.00 1692709197.47
26.58 25.67 42.00 1692709197.57
27.40 26.52 41.00 1692709197.67
27.86 27.21 40.00 1692709197.77
28.30 27.50 40.00 1692709197.87
29.07 27.85 38.00 1692709197.97
29.53 28.10 37.00 1692709198.07
29.84 28.21 36.00 1692709198.17
30.54 28.65 35.00 1692709198.27
31.44 29.34 34.00 1692709198.37
31.88 29.94 34.00 1692709198.47
31.92 30.18 34.00 1692709198.57
32.23 30.64 33.00 1692709198.67
32.36 31.16 31.00 1692709198.77
32.34 31.28 31.00 1692709198.87
32.29 31.06 30.00 1692709198.97
32.45 31.76 29.00 1692709199.07
33.09 32.71 28.00 1692709199.17
33.76 33.48 27.00 1692709199.27
34.45 34.03 26.00 1692709199.37
35.18 34.62 25.00 1692709199.47
35.55 35.19 24.00 1692709199.57
35.78 35.76 23.00 1692709199.67
35.77 36.15 22.00 1692709199.77
35.49 36.45 21.00 1692709199.87
35.53 36.50 20.00 1692709199.97
35.81 36.50 19.00 1692709200.07
36.20 36.60 17.00 1692709200.17
36.79 36.59 17.00 1692709200.27
35.93 34.82 16.00 1692709200.37
33.44 31.43 15.00 1692709200.47
31.25 27.87 12.00 1692709200.57
27.95 24.29 12.00 1692709200.67
22.14 18.94 12.00 1692709200.77
17.51 13.97 12.00 1692709200.87
47.88 10.67 12.00 1692709200.97
8.04 6.04 12.00 1692709201.41
6.82 5.52 12.00 1692709201.51
5.94 4.85 12.00 1692709201.61
5.16 4.25 12.00 1692709201.71
4.24 3.68 12.00 1692709201.81
3.47 2.86 12.00 1692709201.91
2.88 2.30 12.00 1692709202.01
2.70 2.26 19.00 1692709202.11
2.33 2.38 27.00 1692709202.21
1.74 2.09 39.00 1692709202.31
1.67 2.79 53.00 1692709202.41
1.21 3.48 70.00 1692709202.51
0.28 2.31 84.00 1692709202.61
0.03 0.48 95.00 1692709202.71
0.05 0.03 96.00 1692709202.81
0.05 0.00 96.00 1692709202.91
0.05 0.01 96.00 1692709203.01
0.04 0.01 96.00 1692709203.11
0.04 0.00 95.00 1692709203.21
0.04 0.00 96.00 1692709203.31
0.04 0.00 96.00 1692709203.41
0.05 0.02 96.00 1692709203.51
0.05 0.02 96.00 1692709203.61
0.04 0.00 96.00 1692709203.71
0.03 0.01 95.00 1692709203.81
0.02 0.01 95.00 1692709203.91
0.03 0.02 95.00 1692709204.01
0.02 0.01 95.00 1692709204.11
0.01 0.01 95.00 1692709204.21
0.01 0.02 95.00 1692709204.31
0.09 0.02 95.00 1692709204.41
0.08 0.02 95.00 1692709204.51
0.01 0.01 95.00 1692709204.61
0.02 0.01 95.00 1692709204.71
0.02 0.02 95.00 1692709204.81
0.01 0.02 95.00 1692709204.91
0.01 0.02 95.00 1692709205.01
0.02 0.02 95.00 1692709205.11
0.02 0.02 95.00 1692709205.21
0.02 0.01 95.00 1692709205.31
0.02 0.01 95.00 1692709205.41
0.02 0.01 95.00 1692709205.51
0.02 0.02 95.00 1692709205.61
0.02 0.03 95.00 1692709205.71
0.02 0.03 95.00 1692709205.81
0.02 0.02 95.00 1692709205.91
0.02 0.01 95.00 1692709206.01
0.02 0.01 95.00 1692709206.11
0.03 0.01 95.00 1692709206.21
0.02 0.01 95.00 1692709206.31
0.02 0.01 95.00 1692709206.41
0.02 0.00 95.00 1692709206.51
0.03 0.01 95.00 1692709206.61
0.04 0.02 95.00 1692709206.71
0.03 0.01 95.00 1692709206.81
0.02 0.00 95.00 1692709206.91
0.02 0.00 95.00 1692709207.01
0.03 0.01 95.00 1692709207.11
0.02 0.00 95.00 1692709207.21
0.01 0.02 95.00 1692709207.31
0.01 0.03 95.00 1692709207.41
0.01 0.03 95.00 1692709207.51
0.01 0.03 95.00 1692709207.61
0.07 0.05 95.00 1692709207.71
0.07 0.08 95.00 1692709207.81
0.00 0.05 95.00 1692709207.91
0.01 0.02 95.00 1692709208.01
0.02 0.01 95.00 1692709208.11
0.01 0.02 95.00 1692709208.21
0.01 0.02 95.00 1692709208.31
0.02 0.02 95.00 1692709208.41
0.02 0.01 94.00 1692709208.51
0.02 0.02 95.00 1692709208.61
0.03 0.01 95.00 1692709208.71
0.03 0.01 95.00 1692709208.81
0.02 0.00 95.00 1692709208.91
0.02 0.01 95.00 1692709209.01
0.02 0.00 94.00 1692709209.11
0.02 0.01 92.00 1692709209.21
0.02 0.02 89.00 1692709209.31
0.05 0.06 86.00 1692709209.41
0.51 0.34 84.00 1692709209.51
1.29 1.04 81.00 1692709209.61
1.92 1.49 80.00 1692709209.71
2.94 1.91 80.00 1692709209.81
3.97 2.66 79.00 1692709209.91
4.13 3.38 77.00 1692709210.01
4.28 3.54 77.00 1692709210.11
4.64 3.62 75.00 1692709210.21
4.68 3.85 75.00 1692709210.31
4.27 3.99 75.00 1692709210.41
3.76 3.47 75.00 1692709210.51
3.56 3.35 75.00 1692709210.61
3.48 3.09 75.00 1692709210.71
4.07 2.80 76.00 1692709210.81
4.48 2.34 76.00 1692709210.91
4.79 2.43 76.00 1692709211.01
5.26 2.76 76.00 1692709211.11
5.54 2.75 76.00 1692709211.21
6.18 2.84 76.00 1692709211.31
7.13 3.57 76.00 1692709211.41
6.62 3.69 76.00 1692709211.51
4.96 3.42 76.00 1692709211.61
3.89 2.67 76.00 1692709211.71
3.36 2.45 76.00 1692709211.81
2.51 2.32 76.00 1692709211.91
2.14 2.29 76.00 1692709212.01
2.72 2.92 76.00 1692709212.11
3.58 3.70 76.00 1692709212.21
3.04 3.69 76.00 1692709212.31
1.90 2.57 76.00 1692709212.41
2.42 1.99 76.00 1692709212.51
2.96 2.49 76.00 1692709212.61
2.26 2.22 76.00 1692709212.71
2.37 2.24 76.00 1692709212.81
3.41 2.90 76.00 1692709212.91
4.20 3.64 76.00 1692709213.01
4.56 4.10 76.00 1692709213.11
4.85 4.45 76.00 1692709213.21
4.97 4.72 76.00 1692709213.31
5.06 4.77 76.00 1692709213.41
5.38 4.72 75.00 1692709213.51
6.30 4.89 75.00 1692709213.61
7.06 5.35 75.00 1692709213.71
7.04 5.66 75.00 1692709213.81
7.17 5.69 74.00 1692709213.91
7.79 5.93 74.00 1692709214.01
8.55 6.37 74.00 1692709214.11
9.16 6.94 73.00 1692709214.21
9.44 7.41 72.00 1692709214.31
9.46 7.74 72.00 1692709214.41
9.71 8.03 71.00 1692709214.51
10.22 8.40 70.00 1692709214.61
10.43 8.70 70.00 1692709214.71
10.44 8.84 69.00 1692709214.81
10.70 9.02 68.00 1692709214.91
11.31 9.43 68.00 1692709215.01
11.78 10.41 67.00 1692709215.11
12.17 10.67 66.00 1692709215.21
12.73 11.03 65.00 1692709215.31
13.57 11.75 65.00 1692709215.41
14.43 12.59 65.00 1692709215.51
14.24 12.57 64.00 1692709215.61
13.05 11.73 63.00 1692709215.71
13.09 11.24 62.00 1692709215.81
14.64 12.28 62.00 1692709215.91
16.10 13.79 62.00 1692709216.01
16.69 15.02 62.00 1692709216.11
16.08 15.05 61.00 1692709216.21
15.35 14.06 60.00 1692709216.31
15.46 14.59 60.00 1692709216.41
15.98 15.55 59.00 1692709216.51
16.35 16.19 58.00 1692709216.61
16.98 16.97 57.00 1692709216.71
17.76 17.82 56.00 1692709216.81
18.05 18.51 55.00 1692709216.91
17.77 18.55 54.00 1692709217.01
17.57 18.27 53.00 1692709217.11
17.74 17.99 52.00 1692709217.21
18.70 18.51 51.00 1692709217.31
19.48 19.76 50.00 1692709217.41
20.95 22.14 50.00 1692709217.51
22.34 22.96 49.00 1692709217.61
22.65 23.26 47.00 1692709217.71
23.15 23.52 47.00 1692709217.81
23.80 23.76 46.00 1692709217.91
23.86 23.77 45.00 1692709218.01
23.89 23.89 44.00 1692709218.11
24.89 24.57 44.00 1692709218.21
25.80 25.54 42.00 1692709218.31
25.76 26.11 41.00 1692709218.41
26.11 26.45 41.00 1692709218.51
27.17 27.34 40.00 1692709218.61
27.75 29.02 38.00 1692709218.71
27.68 29.19 37.00 1692709218.81
27.73 29.39 36.00 1692709218.91
28.68 30.33 35.00 1692709219.01
29.50 31.44 34.00 1692709219.11
30.31 32.16 33.00 1692709219.21
31.17 32.62 32.00 1692709219.31
31.82 33.08 31.00 1692709219.41
32.34 33.54 29.00 1692709219.51
34.34 33.71 29.00 1692709219.61
37.55 36.83 21.00 1692709220.05
38.78 37.48 19.00 1692709220.15
39.61 38.28 17.00 1692709220.25
40.34 38.75 16.00 1692709220.35
41.09 38.05 14.00 1692709220.45
42.31 34.49 11.00 1692709220.55
42.39 31.71 10.00 1692709220.65
40.27 29.04 6.00 1692709220.75
34.33 24.52 5.00 1692709220.85
26.98 18.41 5.00 1692709220.95
22.30 13.75 5.00 1692709221.05
19.60 11.27 5.00 1692709221.15
17.23 10.18 5.00 1692709221.25
14.43 9.80 5.00 1692709221.35
11.50 9.21 5.00 1692709221.45
8.94 8.31 5.00 1692709221.55
6.89 7.04 7.00 1692709221.65
5.55 5.38 11.00 1692709221.75
4.64 4.67 16.00 1692709221.85
3.56 3.84 17.00 1692709221.95
2.55 2.99 16.00 1692709222.05
1.85 2.64 18.00 1692709222.15
1.49 2.53 25.00 1692709222.25
1.48 2.46 39.00 1692709222.35
1.60 2.26 63.00 1692709222.45
2.07 2.44 91.00 1692709222.55
2.50 3.56 96.00 1692709222.65
2.28 4.74 96.00 1692709222.75
1.36 3.57 96.00 1692709222.85
0.25 1.49 96.00 1692709222.95
0.02 0.32 96.00 1692709223.05
0.05 0.03 96.00 1692709223.15
0.05 0.02 93.00 1692709223.25
0.04 0.02 92.00 1692709223.35
0.04 0.02 92.00 1692709223.45
0.05 0.02 92.00 1692709223.55
0.05 0.00 92.00 1692709223.65
0.04 0.01 92.00 1692709223.75
0.05 0.00 92.00 1692709223.85
0.05 0.01 92.00 1692709223.95
0.05 0.02 92.00 1692709224.05
0.05 0.01 92.00 1692709224.15
0.06 0.01 92.00 1692709224.25
0.06 0.02 92.00 1692709224.35
0.06 0.02 92.00 1692709224.45
0.05 0.03 90.00 1692709224.89
0.05 0.02 90.00 1692709224.99
0.05 0.02 90.00 1692709225.09
0.05 0.02 90.00 1692709225.19
0.05 0.02 90.00 1692709225.29
0.05 0.01 90.00 1692709225.39
0.04 0.00 90.00 1692709225.49
0.04 0.01 90.00 1692709225.59
0.03 0.02 90.00 1692709225.69
0.03 0.02 90.00 1692709225.79
0.04 0.03 90.00 1692709225.89
0.05 0.02 90.00 1692709225.99
0.05 0.01 90.00 1692709226.09
0.05 0.02 90.00 1692709226.19
0.05 0.01 90.00 1692709226.29
0.04 0.01 90.00 1692709226.39
0.04 0.02 90.00 1692709226.49
0.03 0.06 90.00 1692709226.59
0.02 0.18 89.00 1692709226.69
0.05 0.59 89.00 1692709226.79
0.36 1.06 89.00 1692709226.89
0.47 1.30 89.00 1692709226.99
0.13 1.10 89.00 1692709227.09
0.19 0.86 89.00 1692709227.19
0.45 1.04 89.00 1692709227.29
0.64 1.42 88.00 1692709227.39
0.80 1.67 86.00 1692709227.49
1.38 1.96 86.00 1692709227.59
2.41 2.44 85.00 1692709227.69
3.14 2.98 84.00 1692709227.79
3.35 3.36 84.00 1692709227.89
3.68 3.75 82.00 1692709227.99
4.05 4.38 81.00 1692709228.09
4.22 4.75 80.00 1692709228.19
4.53 5.27 80.00 1692709228.29
5.15 5.99 79.00 1692709228.39
5.84 6.58 77.00 1692709228.49
6.87 7.09 77.00 1692709228.59
8.00 7.70 76.00 1692709228.69
8.28 8.28 75.00 1692709228.79
8.25 8.50 74.00 1692709228.89
8.34 8.32 73.00 1692709228.99
8.88 8.11 72.00 1692709229.09
10.09 8.40 71.00 1692709229.19
11.60 8.95 70.00 1692709229.29
12.90 9.71 69.00 1692709229.39
13.12 10.24 68.00 1692709229.49
12.86 9.75 68.00 1692709229.59
13.59 9.88 66.00 1692709229.69
14.48 10.20 65.00 1692709229.79
15.58 10.74 65.00 1692709229.89
16.64 11.41 63.00 1692709229.99
16.68 11.94 62.00 1692709230.09
16.51 12.25 62.00 1692709230.19
16.77 12.53 61.00 1692709230.29
17.23 12.78 60.00 1692709230.39
17.77 13.33 59.00 1692709230.49
18.42 13.95 58.00 1692709230.59
18.88 14.86 57.00 1692709230.69
19.20 15.11 55.00 1692709230.79
19.73 15.50 54.00 1692709230.89
20.63 15.95 53.00 1692709230.99
21.76 16.74 51.00 1692709231.09
22.37 17.59 50.00 1692709231.19
22.67 18.50 50.00 1692709231.29
22.74 19.13 49.00 1692709231.39
22.59 19.35 47.00 1692709231.49
23.50 20.04 46.00 1692709231.59
24.69 21.07 45.00 1692709231.69
25.52 21.86 44.00 1692709231.79
25.90 23.85 43.00 1692709231.89
26.24 24.53 42.00 1692709231.99
26.99 25.30 41.00 1692709232.09
27.61 26.16 40.00 1692709232.19
27.61 27.01 38.00 1692709232.29
27.98 28.20 37.00 1692709232.39
28.64 29.14 36.00 1692709232.49
29.50 30.32 35.00 1692709232.59
30.38 31.19 34.00 1692709232.69
31.12 31.80 31.00 1692709232.79
31.44 32.52 31.00 1692709232.89
32.24 33.34 30.00 1692709232.99
33.58 35.61 29.00 1692709233.09
34.65 36.75 27.00 1692709233.19
35.51 37.40 27.00 1692709233.29
35.88 37.41 26.00 1692709233.39
35.60 37.10 25.00 1692709233.49
35.62 37.14 25.00 1692709233.59
36.05 37.56 24.00 1692709233.69
36.65 38.19 23.00 1692709233.79
37.23 38.87 22.00 1692709233.89
37.12 39.35 22.00 1692709233.99
36.56 39.28 21.00 1692709234.09
36.51 38.18 21.00 1692709234.19
37.19 38.37 20.00 1692709234.29
38.41 38.92 19.00 1692709234.39
39.59 39.54 19.00 1692709234.49
40.20 40.06 18.00 1692709234.59
39.97 40.35 18.00 1692709234.69
39.33 40.16 17.00 1692709234.79
39.12 39.32 16.00 1692709234.89
39.23 37.77 15.00 1692709234.99
38.78 35.41 13.00 1692709235.09
37.62 33.21 11.00 1692709235.19
34.88 30.68 9.00 1692709235.29
29.76 21.48 1.00 1692709235.39
23.55 16.05 0.00 1692709235.49
19.17 11.74 0.00 1692709235.59
16.61 9.59 0.00 1692709235.69
14.86 8.87 0.00 1692709235.79
13.26 8.48 0.00 1692709235.89
11.39 7.88 0.00 1692709235.99
8.73 7.03 0.00 1692709236.09
5.66 6.08 5.00 1692709236.19
2.92 4.73 1.00 1692709236.29
1.52 3.88 1.00 1692709236.39
1.57 3.07 1.00 1692709236.49
2.13 4.08 1.00 1692709236.59
2.12 5.59 1.00 1692709236.69
1.66 6.74 1.00 1692709236.79
1.24 6.74 1.00 1692709236.89
0.76 5.15 6.00 1692709236.99
0.27 3.22 39.00 1692709237.09
0.04 1.64 69.00 1692709237.19
0.02 1.15 91.00 1692709237.29
0.01 1.11 96.00 1692709237.39
0.12 1.26 96.00 1692709237.49
0.11 1.22 96.00 1692709237.59
0.02 0.93 96.00 1692709237.69
0.05 0.06 94.00 1692709237.79
0.05 0.02 94.00 1692709237.89
0.05 0.02 94.00 1692709237.99
0.05 0.02 94.00 1692709238.09
0.05 0.01 94.00 1692709238.19
0.05 0.04 94.00 1692709238.29
0.04 0.10 94.00 1692709238.39
0.05 0.07 94.00 1692709238.49
0.06 0.02 94.00 1692709238.59
0.06 0.01 94.00 1692709238.69
0.06 0.02 94.00 1692709238.79
0.06 0.01 94.00 1692709238.89
0.06 0.01 94.00 1692709238.99
