0.01 0.00 76.00 1692715310.65
0.02 0.00 76.00 1692715310.73
0.02 0.00 76.00 1692715310.83
0.02 0.00 76.00 1692715310.93
0.01 0.00 76.00 1692715311.03
0.00 0.00 76.00 1692715311.13
0.01 0.00 76.00 1692715311.23
0.00 0.00 76.00 1692715311.33
0.00 0.00 76.00 1692715311.43
0.01 0.00 76.00 1692715311.53
0.02 0.00 76.00 1692715311.63
0.02 0.00 76.00 1692715311.73
0.01 0.00 76.00 1692715311.83
0.01 0.00 76.00 1692715311.93
0.02 0.00 76.00 1692715312.03
0.02 0.00 76.00 1692715312.13
0.03 0.01 76.00 1692715312.23
0.03 0.01 76.00 1692715312.33
0.02 0.00 76.00 1692715312.43
0.03 0.00 76.00 1692715312.53
0.02 0.00 76.00 1692715312.63
0.03 0.01 76.00 1692715312.73
0.03 0.00 76.00 1692715312.83
0.03 0.01 76.00 1692715312.93
0.02 0.01 76.00 1692715313.03
0.02 0.01 76.00 1692715313.13
0.03 0.01 76.00 1692715313.23
0.03 0.04 76.00 1692715313.33
0.03 0.17 76.00 1692715313.43
0.03 0.30 74.00 1692715313.53
0.03 0.46 73.00 1692715313.64
0.14 0.85 73.00 1692715313.74
0.37 1.35 73.00 1692715313.84
0.50 1.74 73.00 1692715313.94
0.74 2.07 73.00 1692715314.04
0.94 2.25 73.00 1692715314.14
0.91 1.14 65.00 1692715314.55
0.16 1.12 62.00 1692715314.64
0.33 0.85 62.00 1692715314.73
0.42 0.73 62.00 1692715314.83
0.56 0.26 62.00 1692715314.92
0.36 0.04 62.00 1692715315.01
0.32 0.03 62.00 1692715315.10
0.32 0.10 62.00 1692715315.20
0.26 0.13 62.00 1692715315.29
0.12 0.17 62.00 1692715315.38
0.07 0.21 62.00 1692715315.47
0.06 0.19 62.00 1692715315.57
0.09 0.09 62.00 1692715315.66
0.13 0.02 62.00 1692715315.75
0.10 0.01 62.00 1692715315.84
0.08 0.01 62.00 1692715315.94
0.09 0.01 62.00 1692715316.04
0.06 0.01 62.00 1692715316.14
0.06 0.02 62.00 1692715316.24
0.06 0.02 62.00 1692715316.34
0.05 0.02 62.00 1692715316.44
0.05 0.03 62.00 1692715316.54
0.07 0.05 62.00 1692715316.64
0.07 0.08 62.00 1692715316.74
0.06 0.08 62.00 1692715316.84
0.08 0.09 62.00 1692715316.95
0.09 0.12 62.00 1692715317.05
0.09 0.13 62.00 1692715317.15
0.08 0.12 62.00 1692715317.25
0.07 0.11 62.00 1692715317.35
0.07 0.14 62.00 1692715317.45
0.06 0.09 62.00 1692715317.55
0.04 0.02 62.00 1692715317.65
0.03 0.01 62.00 1692715317.75
0.03 0.01 62.00 1692715317.85
0.04 0.03 62.00 1692715317.95
0.06 0.06 62.00 1692715318.05
0.10 0.22 61.00 1692715318.15
0.39 0.63 60.00 1692715318.25
0.95 2.06 60.00 1692715318.35
1.12 1.93 60.00 1692715318.45
1.11 1.70 60.00 1692715318.55
1.07 1.59 60.00 1692715318.65
0.99 1.52 60.00 1692715318.75
0.95 1.51 60.00 1692715318.85
0.90 1.59 60.00 1692715318.95
0.74 1.56 60.00 1692715319.05
0.69 1.44 60.00 1692715319.15
0.84 1.39 60.00 1692715319.25
1.06 1.31 60.00 1692715319.35
0.96 1.17 60.00 1692715319.45
0.54 1.35 62.00 1692715319.55
0.14 1.09 62.00 1692715319.65
0.01 0.45 62.00 1692715319.75
0.02 0.06 62.00 1692715319.85
0.00 0.01 62.00 1692715319.95
0.02 0.01 62.00 1692715320.05
0.02 0.01 62.00 1692715320.15
0.02 0.02 62.00 1692715320.25
0.02 0.02 62.00 1692715320.36
0.02 0.01 62.00 1692715320.46
0.01 0.00 62.00 1692715320.56
0.02 0.01 62.00 1692715320.66
0.02 0.02 63.00 1692715320.76
0.01 0.01 81.00 1692715320.86
0.01 0.03 87.00 1692715320.96
0.02 0.04 88.00 1692715321.06
0.02 0.03 85.00 1692715321.16
0.02 0.02 85.00 1692715321.26
0.02 0.05 85.00 1692715321.36
0.02 0.07 85.00 1692715321.46
0.01 0.03 85.00 1692715321.56
0.02 0.00 85.00 1692715321.66
0.02 0.00 85.00 1692715321.76
0.02 0.01 85.00 1692715321.86
0.02 0.09 85.00 1692715321.96
0.02 0.11 85.00 1692715322.06
0.01 0.02 85.00 1692715322.16
0.02 0.01 84.00 1692715322.26
0.01 0.01 84.00 1692715322.36
0.03 0.04 85.00 1692715322.46
0.06 0.06 84.00 1692715322.56
0.03 0.04 84.00 1692715322.66
0.03 0.10 84.00 1692715322.76
0.03 0.31 84.00 1692715322.86
0.02 0.52 84.00 1692715322.96
0.01 0.39 84.00 1692715323.06
0.03 0.02 84.00 1692715323.16
0.00 0.04 84.00 1692715323.26
0.02 0.04 84.00 1692715323.36
0.03 0.02 84.00 1692715323.46
0.03 0.01 84.00 1692715323.56
0.03 0.05 84.00 1692715323.66
0.05 0.25 84.00 1692715323.77
0.11 0.42 84.00 1692715323.87
0.12 0.48 84.00 1692715323.97
0.05 0.55 84.00 1692715324.07
0.03 0.40 84.00 1692715324.17
0.02 0.16 84.00 1692715324.27
0.01 0.02 83.00 1692715324.37
0.02 0.00 84.00 1692715324.47
0.02 0.03 84.00 1692715324.57
0.00 0.04 84.00 1692715324.67
0.01 0.09 83.00 1692715324.77
0.01 0.24 86.00 1692715324.87
0.02 0.58 96.00 1692715324.97
0.00 0.62 96.00 1692715325.07
0.02 0.30 96.00 1692715325.17
0.00 0.17 96.00 1692715325.27
0.02 0.22 94.00 1692715325.37
0.02 0.35 94.00 1692715325.47
0.03 0.44 94.00 1692715325.57
0.03 0.33 94.00 1692715325.67
0.02 0.17 94.00 1692715325.77
0.02 0.04 94.00 1692715325.87
0.02 0.03 94.00 1692715325.97
0.03 0.04 94.00 1692715326.07
0.03 0.05 94.00 1692715326.17
0.03 0.04 94.00 1692715326.27
0.03 0.06 94.00 1692715326.37
0.03 0.04 94.00 1692715326.47
0.03 0.02 94.00 1692715326.57
0.03 0.10 94.00 1692715326.67
0.03 0.03 94.00 1692715326.77
0.03 0.00 94.00 1692715326.87
0.03 0.01 93.00 1692715326.97
0.03 0.05 93.00 1692715327.08
0.03 0.13 93.00 1692715327.18
0.03 0.18 93.00 1692715327.28
0.02 0.15 93.00 1692715327.38
0.02 0.11 93.00 1692715327.48
0.03 0.14 92.00 1692715327.58
0.03 0.31 92.00 1692715327.68
0.03 23.89 90.00 1692715327.78
0.03 2.98 85.00 1692715328.19
0.47 3.29 84.00 1692715328.28
2.02 4.66 78.00 1692715328.66
2.71 5.37 77.00 1692715328.76
3.51 6.13 74.00 1692715328.87
4.37 6.93 73.00 1692715328.97
5.82 8.05 73.00 1692715329.07
6.57 8.96 72.00 1692715329.17
6.28 8.99 71.00 1692715329.27
6.29 8.84 70.00 1692715329.37
6.39 8.84 70.00 1692715329.47
6.32 10.48 65.00 1692715329.88
8.51 11.10 65.00 1692715329.97
9.56 11.27 64.00 1692715330.06
10.08 11.20 63.00 1692715330.16
10.06 11.36 62.00 1692715330.25
10.36 11.74 62.00 1692715330.34
11.09 12.13 62.00 1692715330.43
11.79 12.38 61.00 1692715330.53
12.08 12.40 60.00 1692715330.62
12.68 12.73 60.00 1692715330.71
13.95 13.26 59.00 1692715330.80
14.73 13.77 59.00 1692715330.90
14.92 14.19 59.00 1692715330.99
15.15 14.68 58.00 1692715331.08
15.20 14.88 58.00 1692715331.17
15.21 15.07 57.00 1692715331.27
15.45 15.39 56.00 1692715331.37
15.78 15.63 56.00 1692715331.47
16.24 16.05 55.00 1692715331.57
16.63 16.29 54.00 1692715331.67
16.95 16.68 54.00 1692715331.77
17.14 16.91 53.00 1692715331.87
17.67 17.00 53.00 1692715331.97
18.12 17.54 53.00 1692715332.07
17.79 17.50 53.00 1692715332.17
18.07 17.34 52.00 1692715332.27
18.83 17.84 52.00 1692715332.38
19.30 19.00 51.00 1692715332.48
19.90 19.56 51.00 1692715332.58
20.14 19.80 51.00 1692715332.68
20.06 19.78 51.00 1692715332.78
20.54 20.10 50.00 1692715332.88
20.92 20.60 50.00 1692715332.98
20.80 20.71 49.00 1692715333.08
20.76 20.67 49.00 1692715333.18
21.31 20.79 48.00 1692715333.28
22.37 21.50 47.00 1692715333.38
23.45 22.39 46.00 1692715333.48
24.35 23.12 45.00 1692715333.58
24.88 24.20 45.00 1692715333.68
25.46 24.70 45.00 1692715333.78
26.06 25.06 45.00 1692715333.88
26.04 25.01 44.00 1692715333.98
26.17 24.80 44.00 1692715334.08
26.79 25.08 44.00 1692715334.18
27.02 25.49 43.00 1692715334.28
26.94 25.76 42.00 1692715334.38
27.25 26.08 42.00 1692715334.48
28.00 26.73 42.00 1692715334.58
28.65 27.36 41.00 1692715334.68
29.01 27.92 41.00 1692715334.78
29.40 28.97 40.00 1692715334.88
30.02 29.58 40.00 1692715334.98
30.10 29.88 40.00 1692715335.08
29.65 29.76 39.00 1692715335.18
29.46 30.04 38.00 1692715335.28
29.56 30.48 38.00 1692715335.38
29.54 31.06 37.00 1692715335.48
29.41 31.56 36.00 1692715335.58
29.74 31.73 36.00 1692715335.69
30.91 32.49 35.00 1692715335.79
31.54 33.66 35.00 1692715335.89
31.47 34.18 35.00 1692715335.99
31.59 34.76 34.00 1692715336.09
30.83 34.97 34.00 1692715336.19
25.82 33.60 31.00 1692715336.29
18.96 32.89 27.00 1692715336.39
20.23 27.00 18.00 1692715336.80
21.30 22.21 17.00 1692715336.89
18.03 15.80 17.00 1692715336.98
13.33 10.94 17.00 1692715337.08
9.73 8.35 17.00 1692715337.17
7.59 7.52 17.00 1692715337.26
6.40 7.15 17.00 1692715337.35
5.82 6.65 17.00 1692715337.45
5.43 6.07 17.00 1692715337.54
5.12 5.48 17.00 1692715337.63
4.87 5.16 17.00 1692715337.72
4.65 4.98 17.00 1692715337.82
4.42 4.75 17.00 1692715337.91
4.13 4.54 17.00 1692715338.00
3.91 4.43 17.00 1692715338.09
3.78 4.27 17.00 1692715338.19
3.58 4.12 17.00 1692715338.29
3.38 3.96 17.00 1692715338.39
3.04 3.81 17.00 1692715338.49
2.45 3.60 17.00 1692715338.59
1.94 3.42 17.00 1692715338.69
1.39 3.36 17.00 1692715338.79
0.98 3.28 17.00 1692715338.89
0.67 3.21 17.00 1692715338.99
0.66 3.07 17.00 1692715339.09
0.52 2.81 17.00 1692715339.20
0.27 2.38 17.00 1692715339.30
0.23 2.19 17.00 1692715339.40
0.07 2.11 17.00 1692715339.50
0.10 2.27 17.00 1692715339.60
0.23 2.50 17.00 1692715339.70
0.20 2.63 17.00 1692715339.80
0.24 2.73 17.00 1692715339.90
0.21 2.82 17.00 1692715340.00
0.20 2.82 17.00 1692715340.10
0.30 2.70 17.00 1692715340.20
0.35 2.61 17.00 1692715340.30
0.30 2.55 17.00 1692715340.40
0.24 2.49 17.00 1692715340.50
0.27 2.77 17.00 1692715340.60
0.16 2.69 17.00 1692715340.70
0.05 2.14 17.00 1692715340.80
0.03 1.25 17.00 1692715340.90
0.01 0.35 17.00 1692715341.00
0.01 0.06 17.00 1692715341.10
0.01 0.11 17.00 1692715341.20
0.01 0.08 17.00 1692715341.30
0.01 0.01 17.00 1692715341.40
0.01 0.00 17.00 1692715341.50
0.00 0.00 17.00 1692715341.60
0.00 0.01 17.00 1692715341.70
0.00 0.01 17.00 1692715341.80
0.01 0.05 17.00 1692715341.90
0.01 0.05 17.00 1692715342.00
0.00 0.01 17.00 1692715342.10
0.00 0.00 17.00 1692715342.20
0.01 0.00 17.00 1692715342.30
0.01 0.01 17.00 1692715342.40
0.01 0.02 17.00 1692715342.50
0.01 0.05 17.00 1692715342.61
0.03 0.17 17.00 1692715342.71
0.03 0.41 17.00 1692715342.81
0.02 0.62 17.00 1692715342.91
0.02 0.35 17.00 1692715343.01
0.04 0.31 17.00 1692715343.11
0.13 1.39 17.00 1692715343.21
0.19 0.38 17.00 1692715343.62
0.12 0.51 17.00 1692715343.71
0.36 0.38 17.00 1692715343.81
0.30 0.24 17.00 1692715343.90
0.16 0.08 17.00 1692715343.99
0.07 0.10 17.00 1692715344.08
0.04 0.13 17.00 1692715344.46
0.03 0.07 17.00 1692715344.56
0.03 0.03 17.00 1692715344.66
0.03 0.02 17.00 1692715344.77
0.03 0.01 17.00 1692715344.87
0.03 0.01 17.00 1692715344.97
0.03 0.03 17.00 1692715345.07
0.02 0.06 17.00 1692715345.17
0.00 0.10 17.00 1692715345.27
0.04 0.10 17.00 1692715345.37
0.04 0.05 17.00 1692715345.47
0.02 0.00 17.00 1692715345.57
0.01 0.00 17.00 1692715345.67
0.01 0.00 17.00 1692715345.77
0.00 0.00 17.00 1692715345.87
0.00 0.00 17.00 1692715345.97
0.00 0.00 17.00 1692715346.07
0.00 0.00 17.00 1692715346.17
0.00 0.00 17.00 1692715346.27
0.01 0.00 17.00 1692715346.37
0.02 0.00 17.00 1692715346.47
0.01 0.00 17.00 1692715346.57
0.02 0.01 17.00 1692715346.67
0.03 0.15 17.00 1692715346.77
0.03 0.27 17.00 1692715346.87
0.03 0.35 17.00 1692715346.97
0.03 0.45 17.00 1692715347.07
0.03 0.67 17.00 1692715347.17
0.03 0.83 17.00 1692715347.27
0.03 0.69 17.00 1692715347.37
0.03 0.50 17.00 1692715347.47
0.03 0.45 17.00 1692715347.57
0.03 0.49 17.00 1692715347.67
0.03 0.48 17.00 1692715347.77
0.03 0.47 17.00 1692715347.87
0.03 0.37 17.00 1692715347.97
0.03 0.27 17.00 1692715348.07
0.03 0.23 17.00 1692715348.18
0.02 0.20 17.00 1692715348.28
0.02 0.18 17.00 1692715348.38
0.00 0.15 17.00 1692715348.48
0.00 0.16 17.00 1692715348.58
0.01 0.19 17.00 1692715348.68
0.02 0.21 17.00 1692715348.78
0.03 0.26 17.00 1692715348.88
0.03 0.35 17.00 1692715348.98
0.03 0.45 17.00 1692715349.08
0.03 0.64 17.00 1692715349.18
0.03 0.80 17.00 1692715349.28
0.03 0.97 17.00 1692715349.38
0.03 0.98 17.00 1692715349.48
0.03 1.20 17.00 1692715349.58
0.03 1.36 17.00 1692715349.68
0.03 1.51 17.00 1692715349.78
0.03 1.55 17.00 1692715349.88
0.04 1.41 17.00 1692715349.98
0.04 1.36 17.00 1692715350.08
0.04 1.25 17.00 1692715350.18
0.03 1.01 17.00 1692715350.28
0.03 0.61 17.00 1692715350.38
0.03 0.55 17.00 1692715350.48
0.03 0.53 17.00 1692715350.58
0.02 0.48 17.00 1692715350.68
0.03 0.47 17.00 1692715350.78
0.03 0.57 17.00 1692715350.88
0.03 0.74 17.00 1692715350.98
0.03 0.83 17.00 1692715351.08
0.03 0.88 19.00 1692715351.18
0.03 1.00 35.00 1692715351.28
0.03 1.02 51.00 1692715351.38
0.03 0.90 63.00 1692715351.49
0.03 0.70 80.00 1692715351.59
0.02 0.62 80.00 1692715351.69
0.02 0.56 80.00 1692715351.79
0.00 0.52 80.00 1692715351.89
0.01 0.49 88.00 1692715351.99
0.02 0.42 91.00 1692715352.09
0.02 0.36 92.00 1692715352.19
0.02 0.22 96.00 1692715352.60
0.01 0.30 94.00 1692715352.69
0.01 0.32 92.00 1692715352.78
0.01 0.27 92.00 1692715352.88
0.01 0.14 94.00 1692715352.97
0.00 0.04 95.00 1692715353.06
0.01 0.05 96.00 1692715353.44
0.02 0.00 96.00 1692715353.54
0.02 0.00 96.00 1692715353.65
0.02 0.00 96.00 1692715353.74
0.02 0.00 96.00 1692715353.85
0.02 0.00 96.00 1692715353.95
0.01 0.00 96.00 1692715354.05
0.01 0.00 95.00 1692715354.15
0.02 0.00 95.00 1692715354.25
0.01 0.01 95.00 1692715354.35
0.01 0.01 95.00 1692715354.45
0.01 0.06 95.00 1692715354.55
0.00 0.14 96.00 1692715354.65
0.01 0.15 96.00 1692715354.75
0.00 0.09 92.00 1692715354.85
0.00 0.03 92.00 1692715354.95
0.01 0.03 92.00 1692715355.05
0.00 0.15 92.00 1692715355.15
0.02 0.32 92.00 1692715355.25
0.03 0.12 92.00 1692715355.35
0.05 0.01 92.00 1692715355.45
0.05 0.01 92.00 1692715355.55
0.02 0.03 91.00 1692715355.65
0.01 0.01 91.00 1692715355.75
0.02 0.04 91.00 1692715355.85
0.02 0.37 91.00 1692715355.95
0.00 0.30 91.00 1692715356.05
0.00 0.30 91.00 1692715356.15
0.00 0.28 91.00 1692715356.25
0.01 0.30 91.00 1692715356.35
0.02 0.34 91.00 1692715356.45
0.03 0.34 91.00 1692715356.55
0.03 0.44 91.00 1692715356.65
0.03 0.50 91.00 1692715356.75
0.03 0.43 91.00 1692715356.85
0.03 0.27 91.00 1692715356.95
0.03 0.22 91.00 1692715357.05
0.03 0.20 91.00 1692715357.16
0.02 0.20 91.00 1692715357.26
0.02 0.32 91.00 1692715357.36
0.03 0.53 91.00 1692715357.46
0.02 0.49 91.00 1692715357.56
0.02 0.33 91.00 1692715357.66
0.02 0.35 91.00 1692715357.76
0.03 0.47 91.00 1692715357.86
0.03 0.68 90.00 1692715357.96
0.03 0.93 89.00 1692715358.06
0.06 1.67 89.00 1692715358.16
0.22 2.49 89.00 1692715358.26
0.27 3.15 89.00 1692715358.36
0.24 3.49 89.00 1692715358.46
0.38 3.88 89.00 1692715358.56
0.66 4.28 89.00 1692715358.66
0.89 4.45 89.00 1692715358.76
1.03 4.60 89.00 1692715358.86
1.27 4.80 88.00 1692715358.96
1.64 5.15 88.00 1692715359.06
2.13 5.83 88.00 1692715359.16
2.26 6.47 87.00 1692715359.26
2.32 7.05 87.00 1692715359.36
2.51 7.50 85.00 1692715359.46
3.03 8.19 84.00 1692715359.56
3.51 8.66 83.00 1692715359.66
3.70 8.98 81.00 1692715359.76
4.09 9.48 80.00 1692715359.86
4.47 9.67 80.00 1692715359.96
4.58 9.54 79.00 1692715360.06
5.24 9.62 78.00 1692715360.16
6.38 10.21 77.00 1692715360.26
7.63 11.37 77.00 1692715360.36
8.11 12.11 77.00 1692715360.46
7.71 11.53 76.00 1692715360.57
7.28 11.23 75.00 1692715360.66
7.45 11.53 74.00 1692715360.76
7.97 12.05 73.00 1692715360.87
8.62 12.55 72.00 1692715360.97
9.23 13.01 72.00 1692715361.07
9.64 13.41 70.00 1692715361.17
9.82 13.81 70.00 1692715361.27
10.16 14.18 69.00 1692715361.37
10.53 14.39 67.00 1692715361.47
11.09 14.89 66.00 1692715361.57
12.14 17.01 62.00 1692715361.98
15.04 16.82 62.00 1692715362.07
14.97 16.96 62.00 1692715362.16
15.31 17.27 62.00 1692715362.26
16.11 17.53 61.00 1692715362.35
16.82 17.53 61.00 1692715362.44
17.05 17.79 60.00 1692715362.53
17.35 18.76 59.00 1692715362.63
17.43 19.58 59.00 1692715362.72
17.56 19.78 59.00 1692715362.81
17.89 19.86 57.00 1692715362.90
17.56 20.57 56.00 1692715363.00
17.53 21.48 55.00 1692715363.09
18.55 22.13 54.00 1692715363.18
19.35 22.33 53.00 1692715363.27
19.99 22.80 53.00 1692715363.37
20.32 23.04 51.00 1692715363.47
20.58 23.42 51.00 1692715363.57
21.26 24.44 50.00 1692715363.67
22.53 25.43 50.00 1692715363.77
23.33 25.88 49.00 1692715363.87
23.11 25.69 49.00 1692715363.97
23.01 25.51 48.00 1692715364.07
23.98 26.18 47.00 1692715364.17
24.37 26.48 46.00 1692715364.27
24.95 26.59 45.00 1692715364.37
26.06 27.13 45.00 1692715364.47
27.32 28.38 45.00 1692715364.57
28.07 28.83 44.00 1692715364.68
28.21 29.03 44.00 1692715364.78
28.17 29.34 43.00 1692715364.88
28.79 29.88 43.00 1692715364.98
29.16 30.20 43.00 1692715365.08
28.65 30.05 43.00 1692715365.18
28.55 30.08 42.00 1692715365.28
29.24 30.84 42.00 1692715365.38
30.27 31.71 41.00 1692715365.48
30.87 31.86 41.00 1692715365.58
30.96 31.71 40.00 1692715365.68
31.25 32.49 39.00 1692715365.78
31.84 33.11 38.00 1692715365.88
32.22 33.49 37.00 1692715365.98
32.73 34.08 36.00 1692715366.08
33.54 34.84 36.00 1692715366.18
34.22 35.47 35.00 1692715366.28
34.40 35.57 34.00 1692715366.38
34.53 35.29 34.00 1692715366.48
35.60 35.26 33.00 1692715366.58
37.03 36.00 32.00 1692715366.68
38.20 36.97 31.00 1692715366.78
38.51 37.63 30.00 1692715366.88
38.35 37.52 29.00 1692715366.98
38.41 37.49 29.00 1692715367.08
38.44 37.37 28.00 1692715367.18
38.17 37.15 27.00 1692715367.28
37.78 36.63 25.00 1692715367.38
36.39 34.60 23.00 1692715367.48
33.54 29.92 21.00 1692715367.58
30.01 23.94 17.00 1692715367.68
25.78 18.74 16.00 1692715367.78
20.87 13.91 16.00 1692715367.88
17.17 9.68 16.00 1692715367.98
14.93 7.50 16.00 1692715368.08
13.31 6.12 16.00 1692715368.18
11.55 5.33 16.00 1692715368.28
10.29 4.73 16.00 1692715368.39
9.18 4.11 16.00 1692715368.49
7.54 3.72 16.00 1692715368.59
5.42 3.49 16.00 1692715368.69
3.90 3.29 16.00 1692715368.79
2.98 3.07 16.00 1692715368.89
2.45 4.24 79.00 1692715369.30
1.77 4.42 95.00 1692715369.39
1.82 4.39 96.00 1692715369.48
1.69 4.61 96.00 1692715369.58
1.77 4.44 96.00 1692715369.67
1.33 3.84 96.00 1692715369.76
0.49 3.20 95.00 1692715369.85
0.08 2.43 89.00 1692715369.95
0.04 1.40 89.00 1692715370.04
0.02 0.60 89.00 1692715370.13
0.01 0.24 89.00 1692715370.22
0.00 0.06 89.00 1692715370.32
0.01 0.02 89.00 1692715370.41
0.01 0.00 89.00 1692715370.50
0.01 0.00 89.00 1692715370.59
0.00 0.00 89.00 1692715370.69
0.00 0.09 89.00 1692715370.79
0.00 0.34 89.00 1692715370.89
0.00 0.53 89.00 1692715370.99
0.01 0.42 89.00 1692715371.09
0.00 0.37 89.00 1692715371.19
0.02 0.71 89.00 1692715371.29
0.02 0.81 89.00 1692715371.39
0.02 0.65 89.00 1692715371.49
0.02 0.53 89.00 1692715371.59
0.02 0.35 89.00 1692715371.69
0.03 0.31 89.00 1692715371.79
0.02 0.17 89.00 1692715371.89
0.02 0.09 89.00 1692715371.99
0.00 0.04 89.00 1692715372.09
0.01 0.05 89.00 1692715372.20
0.00 0.16 89.00 1692715372.30
0.00 0.25 89.00 1692715372.40
0.00 0.25 89.00 1692715372.50
0.01 0.24 89.00 1692715372.60
0.01 0.24 89.00 1692715372.70
0.01 0.31 89.00 1692715373.11
0.02 0.31 89.00 1692715373.20
0.02 0.38 89.00 1692715373.30
0.03 0.52 89.00 1692715373.39
0.03 1.00 89.00 1692715373.48
0.03 1.86 89.00 1692715373.57
0.08 1.44 89.00 1692715373.95
0.07 1.61 89.00 1692715374.05
0.06 2.03 89.00 1692715374.15
0.07 1.99 89.00 1692715374.26
0.11 1.50 89.00 1692715374.36
0.10 1.25 89.00 1692715374.46
0.07 1.02 89.00 1692715374.56
0.07 1.04 89.00 1692715374.66
0.04 1.04 89.00 1692715374.76
0.04 1.22 89.00 1692715374.86
0.05 1.48 89.00 1692715374.96
0.05 1.86 89.00 1692715375.06
0.04 1.69 89.00 1692715375.16
0.03 1.37 89.00 1692715375.26
0.03 1.04 89.00 1692715375.36
0.03 0.88 89.00 1692715375.46
0.03 0.77 89.00 1692715375.56
0.03 0.63 89.00 1692715375.66
0.03 0.53 89.00 1692715375.76
0.02 0.48 89.00 1692715375.86
0.02 0.41 89.00 1692715375.96
0.02 0.40 89.00 1692715376.06
0.02 0.42 89.00 1692715376.16
0.02 0.45 89.00 1692715376.26
0.03 0.71 89.00 1692715376.36
0.03 0.81 89.00 1692715376.46
0.02 0.79 89.00 1692715376.56
0.02 0.76 89.00 1692715376.66
0.03 0.88 89.00 1692715376.76
0.04 1.34 89.00 1692715376.86
0.19 2.16 89.00 1692715376.96
0.38 2.88 88.00 1692715377.06
0.68 3.20 88.00 1692715377.16
1.21 3.41 88.00 1692715377.26
1.94 3.74 88.00 1692715377.36
2.60 4.49 87.00 1692715377.46
2.88 4.79 87.00 1692715377.56
2.93 5.20 86.00 1692715377.66
2.97 5.58 84.00 1692715377.77
3.31 5.75 84.00 1692715377.87
3.88 5.90 82.00 1692715377.97
4.29 6.13 81.00 1692715378.07
4.80 6.46 80.00 1692715378.17
5.54 7.15 79.00 1692715378.27
6.06 8.12 78.00 1692715378.37
6.69 8.88 77.00 1692715378.47
7.34 9.32 77.00 1692715378.57
7.85 9.81 75.00 1692715378.67
8.29 10.13 74.00 1692715378.77
8.72 10.53 73.00 1692715378.87
9.44 10.94 73.00 1692715378.97
10.19 11.20 73.00 1692715379.07
10.71 11.49 72.00 1692715379.17
11.24 11.90 71.00 1692715379.27
11.97 12.17 71.00 1692715379.37
12.64 12.20 71.00 1692715379.47
13.03 11.95 70.00 1692715379.57
13.57 12.07 69.00 1692715379.67
14.39 12.78 69.00 1692715379.77
15.09 14.38 69.00 1692715379.87
15.40 14.72 68.00 1692715379.97
15.54 14.76 68.00 1692715380.07
15.82 14.95 66.00 1692715380.17
15.98 15.05 65.00 1692715380.27
16.48 15.06 65.00 1692715380.37
17.34 15.39 65.00 1692715380.47
17.62 15.87 64.00 1692715380.57
17.64 16.02 63.00 1692715380.67
17.95 16.56 62.00 1692715380.77
18.39 17.14 62.00 1692715380.87
18.84 17.53 62.00 1692715380.97
19.58 17.89 62.00 1692715381.07
20.51 18.81 61.00 1692715381.17
20.94 19.45 60.00 1692715381.27
21.14 19.81 60.00 1692715381.38
20.95 19.75 60.00 1692715381.48
20.68 19.23 59.00 1692715381.58
21.07 19.55 59.00 1692715381.68
21.29 20.61 58.00 1692715381.78
21.29 21.08 57.00 1692715381.88
21.23 21.51 57.00 1692715381.98
20.95 21.81 56.00 1692715382.08
20.75 22.56 56.00 1692715382.18
21.09 23.83 55.00 1692715382.28
21.58 24.72 54.00 1692715382.38
22.40 25.86 54.00 1692715382.48
22.84 26.53 54.00 1692715382.58
22.31 25.90 53.00 1692715382.68
21.52 24.36 52.00 1692715382.78
22.26 23.70 51.00 1692715382.88
24.26 24.25 51.00 1692715382.98
25.21 24.40 50.00 1692715383.08
25.85 24.31 49.00 1692715383.18
27.31 25.03 49.00 1692715383.28
28.75 26.42 48.00 1692715383.38
29.37 26.63 48.00 1692715383.48
29.91 26.33 47.00 1692715383.58
30.32 26.08 46.00 1692715383.68
30.91 26.38 45.00 1692715383.78
31.58 27.04 45.00 1692715383.88
31.84 27.38 44.00 1692715383.98
31.59 27.27 44.00 1692715384.08
31.37 27.35 43.00 1692715384.18
31.79 27.85 43.00 1692715384.28
32.55 28.39 41.00 1692715384.38
33.77 28.91 40.00 1692715384.48
34.66 29.83 38.00 1692715384.58
34.69 30.69 37.00 1692715384.69
33.10 29.65 36.00 1692715384.78
29.94 27.65 34.00 1692715384.89
25.13 24.36 31.00 1692715384.99
21.32 20.74 26.00 1692715385.09
16.75 16.07 22.00 1692715385.19
12.12 10.67 20.00 1692715385.29
8.22 6.26 20.00 1692715385.39
6.05 4.12 20.00 1692715385.49
4.88 3.00 19.00 1692715385.59
4.14 2.61 19.00 1692715385.69
3.36 2.41 19.00 1692715385.79
2.57 1.56 19.00 1692715385.89
1.76 1.09 20.00 1692715385.99
1.12 1.06 20.00 1692715386.09
0.83 1.30 20.00 1692715386.19
0.78 1.54 20.00 1692715386.29
0.89 1.80 20.00 1692715386.39
0.93 2.18 20.00 1692715386.49
1.05 2.78 20.00 1692715386.59
1.16 3.69 20.00 1692715386.69
1.06 4.18 20.00 1692715386.79
0.78 3.82 20.00 1692715386.89
0.57 3.24 20.00 1692715386.99
0.37 2.81 20.00 1692715387.09
0.19 2.29 20.00 1692715387.19
0.07 1.67 23.00 1692715387.29
0.03 1.21 47.00 1692715387.39
0.03 0.94 79.00 1692715387.49
0.02 0.72 91.00 1692715387.59
0.00 0.37 96.00 1692715387.69
0.01 0.34 96.00 1692715387.79
0.00 0.61 94.00 1692715387.89
0.00 0.96 94.00 1692715387.99
0.00 0.95 94.00 1692715388.09
0.00 0.89 94.00 1692715388.19
0.02 0.75 94.00 1692715388.29
0.10 1.07 94.00 1692715388.39
0.16 1.55 94.00 1692715388.50
0.13 1.99 94.00 1692715388.60
0.07 2.31 94.00 1692715388.70
0.06 2.23 94.00 1692715388.80
0.02 1.56 94.00 1692715388.90
0.03 0.88 94.00 1692715389.00
0.03 0.51 94.00 1692715389.10
0.03 0.42 94.00 1692715389.20
0.04 0.45 94.00 1692715389.30
0.06 0.63 94.00 1692715389.40
0.10 0.50 94.00 1692715389.50
0.13 0.18 94.00 1692715389.60
0.16 0.03 94.00 1692715389.70
0.19 0.01 94.00 1692715389.80
0.21 0.03 94.00 1692715389.90
0.18 0.05 94.00 1692715390.00
0.13 0.08 95.00 1692715390.10
0.05 0.08 94.00 1692715390.20
0.01 0.09 94.00 1692715390.30
0.00 0.12 94.00 1692715390.40
0.01 0.19 95.00 1692715390.50
0.03 0.15 94.00 1692715390.60
0.07 0.03 94.00 1692715390.70
0.13 0.07 94.00 1692715390.80
0.13 0.09 94.00 1692715390.90
0.14 0.06 94.00 1692715391.00
0.02 0.04 93.00 1692715391.10
0.05 0.06 93.00 1692715391.20
0.08 0.06 94.00 1692715391.30
0.10 0.07 93.00 1692715391.40
0.05 0.05 93.00 1692715391.50
0.17 0.05 93.00 1692715391.60
0.02 0.01 93.00 1692715391.70
0.30 0.12 93.00 1692715391.80
0.29 0.22 93.00 1692715391.90
0.01 0.27 94.00 1692715392.00
0.21 0.27 93.00 1692715392.11
0.02 0.24 93.00 1692715392.21
0.10 0.23 93.00 1692715392.31
0.15 0.23 93.00 1692715392.41
0.24 0.22 93.00 1692715392.51
0.20 0.20 93.00 1692715392.61
0.23 0.18 93.00 1692715392.71
