0.14 0.00 88.00 1692792165.30
0.07 0.00 88.00 1692792165.35
0.07 0.01 88.00 1692792165.45
0.12 0.01 88.00 1692792165.55
0.15 0.01 88.00 1692792165.65
0.17 0.01 88.00 1692792165.75
0.16 0.00 88.00 1692792165.85
0.15 0.00 88.00 1692792165.95
0.19 0.00 88.00 1692792166.05
0.23 0.01 88.00 1692792166.15
0.25 0.01 88.00 1692792166.25
0.26 95.77 88.00 1692792166.35
0.25 0.01 88.00 1692792166.76
0.00 0.01 88.00 1692792166.86
0.24 0.01 88.00 1692792167.24
0.25 0.01 88.00 1692792167.34
0.24 0.01 88.00 1692792167.44
0.13 0.01 88.00 1692792167.54
0.06 0.00 88.00 1692792167.64
0.13 0.01 88.00 1692792167.74
0.23 0.01 88.00 1692792167.84
0.18 0.01 87.00 1692792167.94
0.22 1.96 81.00 1692792168.35
3.18 2.51 81.00 1692792168.45
3.66 3.38 80.00 1692792168.54
4.55 3.94 80.00 1692792168.63
4.80 4.14 79.00 1692792168.73
4.54 4.30 77.00 1692792168.82
4.69 4.89 77.00 1692792168.91
5.61 5.73 77.00 1692792169.00
6.39 5.99 76.00 1692792169.10
6.80 6.37 74.00 1692792169.19
7.86 7.32 74.00 1692792169.28
8.87 8.05 73.00 1692792169.37
8.79 8.10 72.00 1692792169.47
8.71 8.31 71.00 1692792169.56
9.82 9.23 71.00 1692792169.65
11.03 10.31 70.00 1692792169.75
11.15 10.59 70.00 1692792169.85
10.93 10.53 68.00 1692792169.95
11.26 10.89 68.00 1692792170.05
12.09 11.64 67.00 1692792170.15
12.42 12.24 67.00 1692792170.25
12.35 12.34 66.00 1692792170.35
12.68 12.60 65.00 1692792170.45
13.24 13.25 65.00 1692792170.55
13.38 13.72 64.00 1692792170.65
13.39 13.68 63.00 1692792170.75
13.67 13.89 63.00 1692792170.85
13.87 14.40 62.00 1692792170.95
14.30 16.34 61.00 1692792171.37
15.84 16.86 60.00 1692792171.46
16.04 17.59 60.00 1692792171.55
16.55 17.99 59.00 1692792171.64
17.00 18.36 59.00 1692792171.74
17.18 19.08 59.00 1692792171.83
17.53 19.53 58.00 1692792171.92
17.77 20.09 57.00 1692792172.01
18.23 20.69 56.00 1692792172.11
18.79 21.08 56.00 1692792172.20
19.20 21.35 56.00 1692792172.29
19.45 21.40 55.00 1692792172.38
19.40 21.44 54.00 1692792172.48
19.73 21.76 54.00 1692792172.57
20.22 22.24 53.00 1692792172.66
20.58 22.72 53.00 1692792172.76
20.86 23.03 52.00 1692792172.86
21.13 23.39 51.00 1692792172.96
21.48 23.72 51.00 1692792173.06
21.82 24.04 50.00 1692792173.16
22.16 24.40 49.00 1692792173.26
22.66 24.84 48.00 1692792173.36
23.20 25.29 48.00 1692792173.46
23.83 25.69 47.00 1692792173.56
24.51 26.27 46.00 1692792173.66
25.09 26.87 45.00 1692792173.76
25.58 27.56 45.00 1692792173.86
26.13 28.71 44.00 1692792173.96
26.52 29.09 44.00 1692792174.06
26.44 29.12 44.00 1692792174.16
26.39 29.16 43.00 1692792174.26
26.31 29.22 43.00 1692792174.36
26.74 29.65 42.00 1692792174.46
27.50 30.47 41.00 1692792174.57
27.89 30.99 41.00 1692792174.67
28.36 31.42 40.00 1692792174.76
28.92 31.95 40.00 1692792174.87
29.36 32.47 40.00 1692792174.97
29.49 32.84 39.00 1692792175.07
29.40 32.89 39.00 1692792175.17
29.54 32.85 38.00 1692792175.27
29.87 32.96 37.00 1692792175.37
30.15 33.24 37.00 1692792175.47
30.51 33.66 36.00 1692792175.57
30.74 34.01 36.00 1692792175.67
30.89 34.00 35.00 1692792175.77
31.37 34.14 34.00 1692792175.87
31.98 34.81 34.00 1692792175.97
32.35 35.74 32.00 1692792176.07
32.27 36.45 31.00 1692792176.17
32.44 36.49 31.00 1692792176.27
33.10 36.44 31.00 1692792176.37
33.76 36.65 29.00 1692792176.47
34.12 36.68 29.00 1692792176.57
33.89 36.49 28.00 1692792176.67
33.34 35.81 26.00 1692792176.77
32.25 33.95 25.00 1692792176.87
30.58 30.82 23.00 1692792176.97
27.91 27.09 20.00 1692792177.07
23.83 23.11 16.00 1692792177.17
18.16 18.73 14.00 1692792177.27
13.42 47.77 15.00 1692792177.37
11.21 5.46 14.00 1692792177.78
7.53 4.54 14.00 1692792177.88
3.80 2.88 14.00 1692792178.26
3.56 3.28 14.00 1692792178.36
3.68 4.07 14.00 1692792178.46
3.92 5.02 14.00 1692792178.56
4.05 5.55 14.00 1692792178.66
3.74 5.52 14.00 1692792178.76
3.04 5.19 14.00 1692792178.86
2.74 4.78 14.00 1692792178.96
2.75 4.96 14.00 1692792179.06
2.71 5.28 14.00 1692792179.16
2.80 5.50 14.00 1692792179.26
2.77 6.23 15.00 1692792179.36
2.50 5.96 22.00 1692792179.46
1.78 5.19 35.00 1692792179.56
0.99 3.98 51.00 1692792179.67
0.49 2.74 63.00 1692792179.77
0.48 2.18 77.00 1692792179.87
0.72 1.93 81.00 1692792179.97
1.56 2.26 84.00 1692792180.07
2.21 3.06 86.00 1692792180.17
2.23 3.59 89.00 1692792180.27
1.63 3.56 93.00 1692792180.37
0.88 2.84 94.00 1692792180.47
0.57 1.29 96.00 1692792180.57
0.66 1.50 96.00 1692792180.67
0.64 1.77 96.00 1692792180.77
0.59 1.91 96.00 1692792180.87
0.54 1.77 95.00 1692792180.97
0.48 1.52 96.00 1692792181.07
0.37 1.22 96.00 1692792181.17
0.17 0.86 96.00 1692792181.27
0.06 0.45 96.00 1692792181.37
0.22 0.13 96.00 1692792181.47
0.28 0.02 94.00 1692792181.57
0.28 0.00 94.00 1692792181.67
0.27 0.06 94.00 1692792181.77
0.29 0.08 94.00 1692792181.87
0.25 0.16 94.00 1692792181.97
0.20 0.33 96.00 1692792182.07
0.18 0.38 96.00 1692792182.17
0.19 0.36 93.00 1692792182.27
0.24 0.37 93.00 1692792182.37
0.21 0.20 93.00 1692792182.47
0.01 0.27 93.00 1692792182.57
0.29 0.67 93.00 1692792182.67
0.48 1.01 93.00 1692792182.77
0.56 1.12 93.00 1692792182.88
0.65 1.20 93.00 1692792182.98
0.91 1.46 93.00 1692792183.08
1.20 1.76 93.00 1692792183.18
1.33 1.88 93.00 1692792183.28
1.24 1.70 93.00 1692792183.38
1.00 1.42 93.00 1692792183.48
0.77 1.14 92.00 1692792183.58
0.64 0.94 92.00 1692792183.68
0.81 0.92 92.00 1692792183.78
1.20 1.18 92.00 1692792183.88
1.46 1.55 92.00 1692792183.98
1.51 1.72 92.00 1692792184.08
1.37 1.50 92.00 1692792184.18
1.14 1.33 92.00 1692792184.28
1.06 1.21 92.00 1692792184.38
1.08 1.18 92.00 1692792184.48
1.09 1.20 92.00 1692792184.58
0.96 1.04 92.00 1692792184.68
0.96 0.88 92.00 1692792184.78
0.96 0.87 92.00 1692792184.88
1.04 1.01 92.00 1692792184.98
1.13 1.22 92.00 1692792185.08
1.06 1.31 92.00 1692792185.18
0.86 1.22 92.00 1692792185.28
0.75 1.07 92.00 1692792185.38
0.72 1.07 92.00 1692792185.48
0.70 1.02 92.00 1692792185.58
0.64 0.92 92.00 1692792185.68
96.29 0.84 92.00 1692792185.78
0.63 0.90 92.00 1692792186.23
0.72 1.12 92.00 1692792186.33
0.68 1.18 92.00 1692792186.43
0.63 1.16 92.00 1692792186.53
0.52 1.04 92.00 1692792186.63
0.38 0.82 92.00 1692792186.73
0.33 0.66 92.00 1692792186.83
0.35 0.67 92.00 1692792186.93
0.42 0.77 92.00 1692792187.03
0.53 0.90 92.00 1692792187.13
0.60 1.10 92.00 1692792187.23
0.59 1.07 92.00 1692792187.33
0.61 1.07 92.00 1692792187.43
0.75 1.19 92.00 1692792187.53
0.92 1.34 92.00 1692792187.63
0.85 1.29 92.00 1692792187.74
0.71 1.11 92.00 1692792187.84
0.72 1.03 92.00 1692792187.94
0.82 1.13 92.00 1692792188.04
0.86 1.31 92.00 1692792188.14
0.83 1.39 92.00 1692792188.24
0.80 1.31 92.00 1692792188.34
0.75 1.15 92.00 1692792188.44
0.63 1.09 92.00 1692792188.54
0.75 1.29 92.00 1692792188.64
1.05 1.63 92.00 1692792188.74
1.29 1.84 92.00 1692792188.84
1.31 1.76 92.00 1692792188.94
1.27 1.60 92.00 1692792189.04
1.21 1.54 92.00 1692792189.14
1.03 1.42 92.00 1692792189.24
0.95 1.33 92.00 1692792189.34
0.70 1.29 92.00 1692792189.44
0.31 1.09 92.00 1692792189.54
0.24 0.99 92.00 1692792189.64
0.51 1.58 89.00 1692792189.74
1.55 2.71 87.00 1692792189.84
3.44 4.21 85.00 1692792189.94
5.44 5.82 84.00 1692792190.04
6.60 7.23 82.00 1692792190.14
6.88 8.03 81.00 1692792190.24
6.78 8.73 80.00 1692792190.34
6.95 9.70 79.00 1692792190.44
7.71 10.84 78.00 1692792190.54
10.15 14.25 75.00 1692792190.99
11.08 15.24 74.00 1692792191.09
11.94 16.40 74.00 1692792191.19
12.33 16.79 73.00 1692792191.29
12.68 16.56 72.00 1692792191.39
13.43 17.04 72.00 1692792191.49
13.70 17.09 70.00 1692792191.59
13.86 17.24 70.00 1692792191.69
14.77 19.12 68.00 1692792192.10
15.77 19.13 68.00 1692792192.20
15.76 19.36 67.00 1692792192.29
15.94 20.09 66.00 1692792192.38
16.56 20.74 66.00 1692792192.48
17.19 20.53 65.00 1692792192.57
17.06 20.55 64.00 1692792192.66
17.18 21.20 64.00 1692792192.76
17.94 21.92 62.00 1692792193.17
19.50 21.53 62.00 1692792193.26
19.90 21.90 61.00 1692792193.35
20.45 22.72 61.00 1692792193.44
21.05 23.65 61.00 1692792193.54
21.59 24.03 60.00 1692792193.63
21.69 24.22 60.00 1692792193.72
21.60 24.20 60.00 1692792193.81
21.57 24.05 59.00 1692792193.91
21.17 24.16 59.00 1692792194.00
20.89 24.28 59.00 1692792194.09
21.11 24.39 58.00 1692792194.19
24.08 24.53 57.00 1692792194.28
23.50 25.97 55.00 1692792194.66
23.74 26.20 54.00 1692792194.76
23.96 26.58 54.00 1692792194.86
24.09 26.74 53.00 1692792194.96
23.92 26.66 53.00 1692792195.06
23.81 26.48 53.00 1692792195.16
23.71 26.46 52.00 1692792195.26
23.54 26.40 51.00 1692792195.36
24.44 26.79 51.00 1692792195.46
25.48 27.48 50.00 1692792195.56
26.05 27.62 50.00 1692792195.66
26.64 28.85 49.00 1692792195.76
27.34 29.65 49.00 1692792195.86
27.54 30.03 48.00 1692792195.96
27.32 30.14 48.00 1692792196.06
27.06 30.17 48.00 1692792196.17
27.04 30.39 48.00 1692792196.27
27.14 30.65 47.00 1692792196.37
26.92 30.76 46.00 1692792196.47
26.75 30.51 45.00 1692792196.57
27.15 30.74 45.00 1692792196.67
27.97 31.39 45.00 1692792196.77
28.69 31.99 45.00 1692792196.87
29.13 32.68 44.00 1692792196.97
29.37 32.98 43.00 1692792197.07
29.60 33.27 43.00 1692792197.17
29.98 33.44 43.00 1692792197.27
30.26 33.46 42.00 1692792197.37
30.15 33.18 42.00 1692792197.47
29.91 32.51 41.00 1692792197.57
29.96 32.36 40.00 1692792197.67
30.35 32.73 39.00 1692792197.77
31.10 33.43 38.00 1692792197.87
31.68 34.21 37.00 1692792197.97
31.98 34.80 36.00 1692792198.07
32.23 35.50 35.00 1692792198.17
32.41 35.84 34.00 1692792198.27
32.55 35.97 34.00 1692792198.37
32.68 35.90 33.00 1692792198.47
32.57 35.77 31.00 1692792198.57
31.99 35.21 29.00 1692792198.67
31.01 33.93 27.00 1692792198.77
29.43 32.36 24.00 1692792198.87
27.12 29.12 20.00 1692792198.97
24.91 25.22 14.00 1692792199.07
21.44 22.05 11.00 1692792199.17
14.37 17.54 9.00 1692792199.27
8.83 8.20 9.00 1692792199.38
6.68 6.05 9.00 1692792199.48
5.48 4.76 9.00 1692792199.58
4.74 4.06 9.00 1692792199.68
3.91 3.55 9.00 1692792199.78
3.11 3.16 9.00 1692792199.88
2.48 2.88 9.00 1692792199.98
1.94 2.55 9.00 1692792200.08
1.54 2.24 9.00 1692792200.18
1.30 2.11 9.00 1692792200.28
1.25 2.28 9.00 1692792200.38
1.33 2.64 9.00 1692792200.48
1.55 3.68 9.00 1692792200.58
1.77 4.20 9.00 1692792200.68
1.76 4.48 9.00 1692792200.78
1.69 4.67 9.00 1692792200.88
1.72 4.90 9.00 1692792200.98
1.81 5.01 9.00 1692792201.08
1.84 4.90 9.00 1692792201.18
1.79 4.72 9.00 1692792201.28
1.62 4.37 9.00 1692792201.38
1.44 3.91 9.00 1692792201.48
1.49 3.61 9.00 1692792201.58
1.40 3.14 9.00 1692792201.68
1.60 3.00 9.00 1692792201.78
1.94 3.22 9.00 1692792201.88
1.79 3.37 9.00 1692792201.98
1.53 3.39 9.00 1692792202.08
0.96 3.04 9.00 1692792202.18
0.35 2.41 9.00 1692792202.28
0.23 2.23 9.00 1692792202.38
0.33 2.50 9.00 1692792202.48
0.49 2.70 9.00 1692792202.58
0.61 2.64 9.00 1692792202.69
0.56 2.32 9.00 1692792202.79
0.45 1.82 9.00 1692792202.89
0.23 1.14 9.00 1692792202.99
0.06 0.94 9.00 1692792203.09
0.09 0.92 9.00 1692792203.19
0.09 0.78 9.00 1692792203.29
0.03 0.59 9.00 1692792203.39
0.01 0.60 9.00 1692792203.49
0.01 0.51 9.00 1692792203.59
0.08 0.27 9.00 1692792203.69
0.15 0.09 9.00 1692792203.79
0.14 0.01 9.00 1692792203.89
0.12 0.06 9.00 1692792203.99
0.36 0.37 10.00 1692792204.09
0.52 1.33 21.00 1692792204.19
0.61 1.58 39.00 1692792204.29
0.68 1.85 60.00 1692792204.39
0.72 2.03 79.00 1692792204.49
0.72 2.03 93.00 1692792204.59
0.60 1.73 96.00 1692792204.69
