0.14 0.16 95.00 1692878317.73
0.14 0.16 95.00 1692878317.77
0.14 0.16 95.00 1692878317.87
0.13 0.16 95.00 1692878317.97
0.14 0.16 95.00 1692878318.07
0.14 0.16 95.00 1692878318.17
0.14 0.16 95.00 1692878318.27
0.14 0.16 95.00 1692878318.37
0.14 0.16 95.00 1692878318.47
0.14 0.15 95.00 1692878318.57
0.14 0.16 95.00 1692878318.67
0.14 0.16 95.00 1692878318.77
0.14 0.16 95.00 1692878318.87
0.14 0.15 95.00 1692878318.97
0.14 0.15 95.00 1692878319.07
0.14 0.16 95.00 1692878319.17
0.14 0.16 95.00 1692878319.27
0.14 0.16 95.00 1692878319.37
0.14 0.16 95.00 1692878319.47
0.14 0.16 95.00 1692878319.57
0.14 0.16 95.00 1692878319.67
0.14 0.16 95.00 1692878319.77
0.14 0.16 95.00 1692878319.87
0.14 0.16 95.00 1692878319.97
0.14 0.16 95.00 1692878320.07
0.14 0.16 95.00 1692878320.18
0.14 0.18 95.00 1692878320.27
0.16 0.33 95.00 1692878320.38
0.33 0.92 95.00 1692878320.48
0.72 1.71 95.00 1692878320.58
1.13 2.06 95.00 1692878320.68
1.29 2.10 95.00 1692878320.78
1.28 1.95 95.00 1692878320.88
1.22 1.76 95.00 1692878320.98
1.18 1.58 95.00 1692878321.08
1.21 1.51 95.00 1692878321.18
1.28 1.55 95.00 1692878321.28
1.28 1.77 95.00 1692878321.38
1.25 1.80 95.00 1692878321.48
1.15 1.75 95.00 1692878321.58
1.11 1.77 95.00 1692878321.68
1.09 1.72 95.00 1692878321.78
1.02 1.55 95.00 1692878321.88
0.99 1.43 95.00 1692878321.98
1.01 1.43 95.00 1692878322.08
1.11 1.64 95.00 1692878322.18
1.20 1.89 95.00 1692878322.28
1.22 1.87 95.00 1692878322.38
1.26 1.86 95.00 1692878322.48
1.28 2.13 95.00 1692878322.58
1.24 1.98 95.00 1692878322.68
1.19 1.77 95.00 1692878322.78
1.28 1.93 95.00 1692878322.88
1.44 2.45 95.00 1692878322.98
1.44 2.84 95.00 1692878323.08
1.32 2.76 95.00 1692878323.18
1.40 2.82 94.00 1692878323.28
1.44 3.23 94.00 1692878323.39
1.36 3.41 94.00 1692878323.48
1.48 3.55 94.00 1692878323.58
1.91 4.22 94.00 1692878323.69
2.32 5.91 94.00 1692878323.79
2.43 6.17 93.00 1692878323.89
2.79 6.62 93.00 1692878323.99
3.89 7.57 93.00 1692878324.09
4.72 7.95 93.00 1692878324.19
5.11 7.83 93.00 1692878324.29
5.54 8.14 92.00 1692878324.39
5.91 8.84 91.00 1692878324.49
6.50 9.62 90.00 1692878324.59
6.99 10.52 90.00 1692878324.69
7.38 11.22 90.00 1692878324.79
7.82 11.92 90.00 1692878324.89
8.03 12.79 89.00 1692878324.99
8.00 12.91 88.00 1692878325.09
8.10 13.33 88.00 1692878325.19
8.28 14.06 87.00 1692878325.29
8.32 14.64 87.00 1692878325.39
8.54 15.32 87.00 1692878325.49
8.89 15.90 86.00 1692878325.59
9.29 16.54 86.00 1692878325.69
9.50 17.02 85.00 1692878325.79
9.61 16.99 84.00 1692878325.89
10.20 17.12 84.00 1692878325.99
10.45 17.50 83.00 1692878326.09
10.61 17.52 81.00 1692878326.19
11.38 18.30 81.00 1692878326.29
12.33 19.16 81.00 1692878326.39
12.87 19.52 81.00 1692878326.49
13.08 19.42 80.00 1692878326.59
13.37 19.28 80.00 1692878326.69
13.93 19.34 80.00 1692878326.79
14.47 19.31 79.00 1692878326.90
15.02 19.35 79.00 1692878327.00
15.44 19.49 78.00 1692878327.10
15.81 19.70 77.00 1692878327.20
15.95 19.75 77.00 1692878327.30
16.48 19.98 76.00 1692878327.40
16.90 20.14 75.00 1692878327.50
16.54 19.50 74.00 1692878327.60
17.10 19.92 73.00 1692878327.70
18.73 21.61 73.00 1692878327.80
20.01 22.83 72.00 1692878327.90
20.65 23.13 72.00 1692878328.00
21.36 23.61 71.00 1692878328.10
21.41 23.52 70.00 1692878328.20
21.61 22.94 70.00 1692878328.30
22.42 23.25 69.00 1692878328.40
22.87 23.76 68.00 1692878328.50
23.04 24.44 67.00 1692878328.60
23.45 24.93 66.00 1692878328.70
23.68 25.22 65.00 1692878328.80
23.83 25.36 65.00 1692878328.90
24.23 25.66 64.00 1692878329.00
24.97 26.41 63.00 1692878329.10
25.62 27.20 62.00 1692878329.20
26.02 27.92 62.00 1692878329.30
26.16 28.37 61.00 1692878329.40
26.57 28.64 60.00 1692878329.50
27.15 29.13 59.00 1692878329.60
27.65 29.70 59.00 1692878329.70
27.87 30.55 58.00 1692878329.81
28.24 30.75 57.00 1692878329.90
28.77 31.04 56.00 1692878330.00
29.44 31.64 56.00 1692878330.10
30.03 32.37 55.00 1692878330.21
30.39 32.72 54.00 1692878330.31
30.99 33.24 54.00 1692878330.41
31.36 33.74 53.00 1692878330.51
31.42 33.96 54.00 1692878330.61
31.27 33.98 52.00 1692878330.71
31.05 33.86 52.00 1692878330.81
31.16 33.86 51.00 1692878330.91
31.18 34.22 51.00 1692878331.01
31.54 34.62 51.00 1692878331.11
31.70 34.79 50.00 1692878331.21
32.00 35.06 50.00 1692878331.31
32.72 35.51 49.00 1692878331.41
33.52 36.07 48.00 1692878331.51
33.87 36.46 48.00 1692878331.61
34.26 36.75 46.00 1692878331.71
34.69 37.12 46.00 1692878331.81
35.13 37.53 45.00 1692878331.91
35.36 38.05 44.00 1692878332.01
35.54 38.14 44.00 1692878332.11
35.87 38.93 44.00 1692878332.21
36.28 39.65 43.00 1692878332.31
36.32 39.99 42.00 1692878332.41
36.13 40.14 41.00 1692878332.51
36.27 40.46 41.00 1692878332.61
36.83 40.88 40.00 1692878332.71
37.33 41.27 39.00 1692878332.81
37.78 43.06 35.00 1692878333.23
38.58 43.31 34.00 1692878333.32
38.75 43.10 32.00 1692878333.41
38.59 43.12 31.00 1692878333.50
38.79 43.45 30.00 1692878333.60
39.50 44.13 28.00 1692878333.69
40.32 44.23 27.00 1692878333.78
40.50 43.61 25.00 1692878333.87
40.38 42.85 23.00 1692878333.97
39.70 41.75 22.00 1692878334.06
38.43 39.48 21.00 1692878334.15
35.48 34.24 19.00 1692878334.24
28.82 26.75 12.00 1692878334.34
22.11 20.71 9.00 1692878334.43
17.02 15.23 9.00 1692878334.52
12.92 11.49 9.00 1692878334.62
10.07 8.99 9.00 1692878334.72
8.00 7.45 9.00 1692878334.82
7.07 6.51 9.00 1692878334.92
6.79 5.75 9.00 1692878335.02
6.45 5.15 9.00 1692878335.12
6.02 4.88 9.00 1692878335.22
5.85 4.61 9.00 1692878335.32
5.87 4.64 9.00 1692878335.42
5.91 4.94 9.00 1692878335.52
5.87 5.43 9.00 1692878335.62
5.96 5.77 9.00 1692878335.72
6.47 8.25 9.00 1692878335.82
7.22 10.04 9.00 1692878335.92
7.58 11.16 9.00 1692878336.02
7.65 11.46 9.00 1692878336.12
7.57 11.17 9.00 1692878336.22
7.52 10.76 9.00 1692878336.32
7.55 10.35 9.00 1692878336.42
7.61 10.05 9.00 1692878336.52
8.17 9.14 9.00 1692878336.62
8.39 8.13 9.00 1692878336.73
7.44 7.29 9.00 1692878336.83
6.06 6.39 9.00 1692878336.93
5.22 5.66 19.00 1692878337.03
4.79 6.03 37.00 1692878337.13
4.57 6.63 47.00 1692878337.23
4.46 6.73 63.00 1692878337.33
4.22 5.97 75.00 1692878337.43
3.94 5.25 83.00 1692878337.53
3.81 5.27 91.00 1692878337.63
3.97 5.64 95.00 1692878337.73
3.88 6.38 94.00 1692878337.83
3.11 7.02 92.00 1692878337.93
1.90 6.38 91.00 1692878338.03
1.23 4.75 91.00 1692878338.13
1.21 3.99 91.00 1692878338.23
1.67 5.28 91.00 1692878338.33
2.48 7.04 91.00 1692878338.43
3.67 8.58 91.00 1692878338.53
4.35 9.40 91.00 1692878338.63
3.98 8.86 91.00 1692878338.73
3.54 7.63 91.00 1692878338.83
3.28 6.06 91.00 1692878338.93
3.15 4.27 91.00 1692878339.03
3.13 3.13 96.00 1692878339.13
3.57 3.16 96.00 1692878339.23
4.18 4.17 96.00 1692878339.33
4.34 5.50 96.00 1692878339.43
3.99 95.82 96.00 1692878339.53
3.37 3.31 94.00 1692878339.95
3.02 3.30 94.00 1692878340.04
2.76 3.13 94.00 1692878340.13
2.37 3.01 94.00 1692878340.22
2.23 3.93 94.00 1692878340.64
2.73 3.51 94.00 1692878340.73
2.62 3.15 94.00 1692878340.82
2.64 3.04 94.00 1692878340.91
2.72 3.10 94.00 1692878341.01
2.70 3.06 94.00 1692878341.10
2.60 2.80 94.00 1692878341.19
2.44 2.61 94.00 1692878341.28
2.38 2.83 94.00 1692878341.38
2.50 3.29 94.00 1692878341.47
2.84 3.91 94.00 1692878341.56
3.38 4.72 94.00 1692878341.65
3.83 5.37 94.00 1692878341.75
3.93 5.56 93.00 1692878341.84
4.16 5.79 93.00 1692878341.94
4.41 5.99 93.00 1692878342.04
4.60 6.03 93.00 1692878342.14
5.01 6.23 93.00 1692878342.24
5.60 6.87 93.00 1692878342.34
5.89 7.50 93.00 1692878342.44
5.94 7.75 93.00 1692878342.54
6.22 8.02 93.00 1692878342.64
6.89 8.66 93.00 1692878342.74
7.76 9.71 93.00 1692878342.84
8.53 10.96 93.00 1692878342.94
8.82 12.17 92.00 1692878343.04
9.09 12.54 91.00 1692878343.14
9.42 12.87 89.00 1692878343.24
9.70 13.14 89.00 1692878343.34
10.12 13.37 88.00 1692878343.45
10.41 13.48 87.00 1692878343.55
10.98 13.79 87.00 1692878343.65
11.57 14.17 86.00 1692878343.75
12.09 14.33 85.00 1692878343.85
12.95 14.64 84.00 1692878343.95
14.06 15.03 84.00 1692878344.05
14.97 15.28 83.00 1692878344.15
15.70 15.44 83.00 1692878344.25
16.03 15.32 83.00 1692878344.35
15.98 15.11 82.00 1692878344.45
16.29 15.07 81.00 1692878344.55
17.08 15.53 81.00 1692878344.65
17.74 15.82 81.00 1692878344.75
17.99 15.93 81.00 1692878344.85
17.95 15.87 80.00 1692878344.95
18.13 16.12 79.00 1692878345.05
