0.01 0.03 90.00 1692710135.27
0.01 0.01 90.00 1692710135.35
0.02 0.00 90.00 1692710135.45
0.02 0.01 90.00 1692710135.55
0.02 0.02 90.00 1692710135.65
0.02 0.02 90.00 1692710135.75
0.02 0.01 90.00 1692710135.85
0.02 0.00 90.00 1692710135.95
0.02 0.01 90.00 1692710136.05
0.01 0.00 90.00 1692710136.15
0.01 0.00 90.00 1692710136.25
0.01 0.00 90.00 1692710136.35
0.01 0.00 90.00 1692710136.45
0.01 0.00 90.00 1692710136.55
0.01 0.01 90.00 1692710136.65
0.00 0.01 90.00 1692710136.75
0.01 0.01 90.00 1692710136.85
0.01 0.01 90.00 1692710136.95
0.01 0.01 90.00 1692710137.05
0.01 0.00 90.00 1692710137.15
0.01 0.02 90.00 1692710137.25
0.00 0.02 90.00 1692710137.35
0.00 0.02 90.00 1692710137.45
0.00 0.02 90.00 1692710137.55
0.00 0.03 90.00 1692710137.65
0.00 0.04 90.00 1692710137.75
0.01 0.04 90.00 1692710137.85
0.02 0.02 90.00 1692710137.95
0.02 0.01 90.00 1692710138.05
0.02 0.01 90.00 1692710138.15
0.02 0.01 90.00 1692710138.25
0.02 0.01 90.00 1692710138.35
0.03 0.01 90.00 1692710138.45
0.03 0.02 90.00 1692710138.55
0.03 0.03 90.00 1692710138.65
0.03 0.05 90.00 1692710138.75
0.19 0.21 90.00 1692710138.85
0.85 0.68 90.00 1692710138.95
0.82 0.78 89.00 1692710139.05
0.49 0.48 90.00 1692710139.15
0.15 0.31 88.00 1692710139.25
0.56 0.35 87.00 1692710139.35
1.59 0.97 87.00 1692710139.45
1.49 1.54 87.00 1692710139.55
1.06 1.04 87.00 1692710139.65
1.05 1.14 86.00 1692710139.75
1.21 1.16 85.00 1692710139.85
1.25 1.06 84.00 1692710139.95
1.49 1.18 84.00 1692710140.05
1.92 1.58 84.00 1692710140.15
2.48 1.98 84.00 1692710140.25
2.67 2.12 82.00 1692710140.35
2.63 2.05 81.00 1692710140.45
2.61 1.95 80.00 1692710140.55
2.86 1.91 79.00 1692710140.65
3.42 1.97 77.00 1692710140.75
4.29 2.64 76.00 1692710140.85
5.61 3.23 76.00 1692710140.95
6.43 3.87 76.00 1692710141.05
6.29 4.01 76.00 1692710141.15
5.48 3.55 76.00 1692710141.25
4.67 2.87 74.00 1692710141.35
5.10 2.75 73.00 1692710141.45
6.10 3.46 72.00 1692710141.55
7.25 4.78 71.00 1692710141.65
8.41 6.36 70.00 1692710141.75
9.23 7.76 70.00 1692710141.85
8.65 8.33 70.00 1692710141.95
7.68 6.83 70.00 1692710142.05
6.78 5.52 70.00 1692710142.15
6.57 5.14 68.00 1692710142.25
7.39 5.81 68.00 1692710142.35
8.67 7.23 66.00 1692710142.45
9.77 8.98 65.00 1692710142.55
10.36 10.38 65.00 1692710142.65
10.33 10.97 65.00 1692710142.75
10.08 11.23 64.00 1692710142.85
10.04 11.14 63.00 1692710142.95
10.11 10.82 62.00 1692710143.05
10.39 11.40 61.00 1692710143.15
11.07 12.47 60.00 1692710143.25
12.01 14.21 60.00 1692710143.35
12.02 15.13 60.00 1692710143.45
11.59 15.25 59.00 1692710143.55
11.77 15.80 59.00 1692710143.65
11.73 16.46 57.00 1692710143.75
11.77 16.81 56.00 1692710143.85
12.31 17.66 55.00 1692710143.95
12.86 18.52 54.00 1692710144.05
13.18 19.21 53.00 1692710144.15
13.40 19.91 52.00 1692710144.25
13.88 21.28 51.00 1692710144.35
14.21 22.07 51.00 1692710144.45
14.36 22.53 50.00 1692710144.55
14.70 23.33 50.00 1692710144.65
15.02 24.15 49.00 1692710144.75
15.29 25.14 48.00 1692710144.85
15.78 26.00 47.00 1692710144.95
16.30 26.48 46.00 1692710145.05
16.80 27.05 45.00 1692710145.15
17.40 27.59 44.00 1692710145.25
17.90 27.96 43.00 1692710145.35
18.25 28.19 43.00 1692710145.45
18.45 28.84 42.00 1692710145.55
18.85 29.30 40.00 1692710145.65
19.36 29.63 38.00 1692710145.75
19.95 29.96 36.00 1692710145.84
20.58 30.39 34.00 1692710145.94
20.99 30.79 32.00 1692710146.05
21.44 31.03 29.00 1692710146.14
22.16 31.26 24.00 1692710146.24
22.82 31.35 21.00 1692710146.34
22.77 30.44 18.00 1692710146.45
22.66 28.68 11.00 1692710146.54
22.57 27.54 0.00 1692710146.64
22.30 27.28 0.00 1692710146.74
20.74 13.13 0.00 1692710147.15
10.63 10.27 0.00 1692710147.25
8.13 8.09 0.00 1692710147.34
6.71 6.12 0.00 1692710147.43
5.83 4.89 0.00 1692710147.52
5.15 4.46 0.00 1692710147.62
4.74 4.26 0.00 1692710147.71
4.27 3.71 0.00 1692710147.80
3.72 3.17 0.00 1692710147.89
3.33 2.69 0.00 1692710147.98
2.90 2.00 0.00 1692710148.08
2.35 1.47 11.00 1692710148.17
1.92 1.01 27.00 1692710148.26
1.46 0.60 41.00 1692710148.35
1.02 0.18 54.00 1692710148.44
0.77 0.16 68.00 1692710148.54
0.59 0.18 82.00 1692710148.64
0.33 0.14 93.00 1692710148.74
0.12 0.17 96.00 1692710148.84
0.03 0.15 96.00 1692710148.94
0.02 0.07 95.00 1692710149.04
0.00 0.01 95.00 1692710149.14
0.02 0.03 95.00 1692710149.24
0.02 0.03 95.00 1692710149.34
0.02 0.02 95.00 1692710149.44
0.01 0.02 95.00 1692710149.54
0.01 0.02 96.00 1692710149.64
0.01 0.01 96.00 1692710149.74
0.02 0.01 96.00 1692710149.84
0.01 0.01 95.00 1692710149.94
0.01 0.01 94.00 1692710150.04
0.02 0.01 94.00 1692710150.14
0.01 0.01 94.00 1692710150.24
0.01 0.00 93.00 1692710150.34
0.00 0.00 93.00 1692710150.44
0.00 0.00 93.00 1692710150.54
0.01 0.01 93.00 1692710150.64
0.01 0.03 94.00 1692710150.74
0.01 0.03 94.00 1692710150.84
0.00 0.03 95.00 1692710150.94
0.01 0.02 94.00 1692710151.04
0.00 0.02 93.00 1692710151.14
0.01 0.03 93.00 1692710151.24
0.01 0.03 93.00 1692710151.34
0.02 0.02 93.00 1692710151.44
0.01 0.00 93.00 1692710151.54
0.01 0.00 93.00 1692710151.64
0.01 0.01 92.00 1692710151.74
0.01 0.01 92.00 1692710151.84
0.00 0.00 92.00 1692710151.94
0.01 0.00 92.00 1692710152.04
0.02 0.02 92.00 1692710152.14
0.02 0.04 92.00 1692710152.24
0.02 0.03 92.00 1692710152.34
0.02 0.02 92.00 1692710152.44
0.02 0.02 92.00 1692710152.54
0.00 0.02 92.00 1692710152.64
0.01 0.01 92.00 1692710152.74
0.02 0.01 92.00 1692710152.84
0.01 0.01 92.00 1692710152.94
0.00 0.01 92.00 1692710153.04
0.01 0.01 92.00 1692710153.14
0.00 0.00 92.00 1692710153.24
0.02 0.03 92.00 1692710153.34
0.00 0.03 92.00 1692710153.44
0.02 0.02 92.00 1692710153.54
0.01 0.01 92.00 1692710153.64
0.00 0.01 92.00 1692710153.74
0.02 0.01 92.00 1692710153.84
0.05 0.02 92.00 1692710153.94
0.04 0.01 92.00 1692710154.04
0.02 0.01 92.00 1692710154.14
0.01 0.02 92.00 1692710154.24
0.00 0.01 92.00 1692710154.34
0.01 0.01 92.00 1692710154.44
0.03 0.01 92.00 1692710154.54
0.03 0.02 92.00 1692710154.64
0.03 0.01 92.00 1692710154.74
0.02 0.00 92.00 1692710154.84
0.02 0.00 92.00 1692710154.94
0.02 0.02 92.00 1692710155.04
0.01 0.04 92.00 1692710155.14
0.02 0.02 92.00 1692710155.24
0.03 0.00 90.00 1692710155.34
0.40 0.02 90.00 1692710155.44
1.32 0.23 90.00 1692710155.54
1.03 0.74 90.00 1692710155.64
0.87 0.19 90.00 1692710155.74
0.72 0.29 90.00 1692710155.84
0.68 0.33 89.00 1692710155.94
0.86 0.57 87.00 1692710156.04
1.14 0.87 86.00 1692710156.14
1.61 1.33 85.00 1692710156.24
2.21 2.01 84.00 1692710156.34
2.77 2.85 84.00 1692710156.44
3.39 3.86 83.00 1692710156.54
3.85 5.03 82.00 1692710156.64
3.89 5.88 81.00 1692710156.74
3.85 6.40 81.00 1692710156.84
4.01 6.48 81.00 1692710156.94
4.43 6.76 81.00 1692710157.04
4.98 7.30 80.00 1692710157.14
5.50 7.95 78.00 1692710157.24
6.05 8.55 78.00 1692710157.34
6.70 9.31 78.00 1692710157.44
7.08 10.23 77.00 1692710157.54
7.03 11.04 76.00 1692710157.64
6.77 11.26 75.00 1692710157.74
6.60 11.18 75.00 1692710157.84
6.19 11.14 74.00 1692710157.94
6.21 11.95 72.00 1692710158.04
7.12 13.31 71.00 1692710158.14
8.21 15.06 71.00 1692710158.24
8.65 16.82 71.00 1692710158.34
8.58 17.49 71.00 1692710158.43
8.15 17.25 71.00 1692710158.53
7.64 16.76 71.00 1692710158.63
7.29 16.51 71.00 1692710158.73
7.59 16.70 70.00 1692710158.83
8.45 16.87 71.00 1692710158.93
9.41 17.51 70.00 1692710159.03
9.62 18.57 69.00 1692710159.13
9.62 18.33 67.00 1692710159.23
10.07 18.37 67.00 1692710159.33
10.86 20.95 64.00 1692710159.74
11.67 21.51 62.00 1692710159.84
11.69 21.87 62.00 1692710159.93
11.94 22.21 62.00 1692710160.02
12.61 22.83 62.00 1692710160.11
13.30 23.59 61.00 1692710160.21
13.95 24.44 61.00 1692710160.30
14.69 25.05 61.00 1692710160.39
14.89 25.29 60.00 1692710160.48
14.60 25.39 60.00 1692710160.57
14.52 25.48 60.00 1692710160.67
14.22 25.72 59.00 1692710160.76
14.25 26.33 59.00 1692710160.85
14.63 26.72 59.00 1692710160.94
14.53 26.81 58.00 1692710161.03
14.39 26.83 56.00 1692710161.13
14.76 26.68 55.00 1692710161.23
15.66 26.86 53.00 1692710161.33
17.36 27.96 52.00 1692710161.43
18.99 29.10 52.00 1692710161.53
19.41 29.32 52.00 1692710161.63
19.28 28.96 52.00 1692710161.73
18.57 28.72 52.00 1692710161.83
17.94 28.28 52.00 1692710161.93
18.50 28.24 51.00 1692710162.03
18.97 28.82 51.00 1692710162.13
19.36 29.48 51.00 1692710162.23
19.91 29.96 51.00 1692710162.33
20.23 30.18 51.00 1692710162.43
20.06 30.10 51.00 1692710162.53
20.02 30.16 50.00 1692710162.63
19.96 29.98 49.00 1692710162.73
20.26 29.67 49.00 1692710162.83
21.03 29.80 48.00 1692710162.93
22.19 30.55 47.00 1692710163.03
22.89 31.29 46.00 1692710163.13
23.08 31.60 45.00 1692710163.23
23.24 31.57 45.00 1692710163.33
23.69 31.60 44.00 1692710163.43
24.34 31.23 44.00 1692710163.53
25.18 31.46 44.00 1692710163.63
25.48 31.84 44.00 1692710163.73
25.45 32.01 44.00 1692710163.83
25.44 32.19 43.00 1692710163.93
25.38 32.22 43.00 1692710164.03
25.17 31.81 42.00 1692710164.13
25.27 31.48 41.00 1692710164.23
25.70 32.11 40.00 1692710164.33
26.06 32.78 39.00 1692710164.43
26.62 32.88 39.00 1692710164.53
27.21 33.30 39.00 1692710164.63
27.67 32.99 38.00 1692710164.73
28.22 32.65 36.00 1692710164.83
28.94 32.88 34.00 1692710164.93
29.53 34.17 34.00 1692710165.03
30.08 35.96 33.00 1692710165.13
30.27 36.99 33.00 1692710165.23
29.61 36.13 33.00 1692710165.33
26.80 32.94 33.00 1692710165.43
21.11 27.24 33.00 1692710165.53
16.49 19.72 33.00 1692710165.63
14.00 15.04 33.00 1692710165.73
12.25 9.53 31.00 1692710165.83
10.26 7.88 33.00 1692710165.93
7.89 6.77 33.00 1692710166.03
6.22 5.88 33.00 1692710166.13
4.94 5.09 33.00 1692710166.23
3.95 4.23 33.00 1692710166.33
3.26 3.17 33.00 1692710166.43
2.48 2.14 33.00 1692710166.53
1.98 1.34 34.00 1692710166.63
1.52 0.63 34.00 1692710166.73
1.03 0.20 33.00 1692710166.83
0.60 0.04 33.00 1692710166.93
0.19 0.00 33.00 1692710167.03
0.08 0.00 33.00 1692710167.13
0.04 0.01 33.00 1692710167.23
0.02 0.01 34.00 1692710167.33
0.02 0.02 42.00 1692710167.43
0.01 0.04 55.00 1692710167.53
0.01 0.04 70.00 1692710167.63
0.02 0.04 87.00 1692710167.73
0.03 0.02 96.00 1692710167.83
0.02 0.02 96.00 1692710167.93
0.03 0.05 96.00 1692710168.03
0.03 0.08 96.00 1692710168.13
0.02 0.04 96.00 1692710168.23
0.02 0.01 94.00 1692710168.33
0.02 0.01 94.00 1692710168.43
0.02 0.01 94.00 1692710168.53
0.01 0.01 94.00 1692710168.63
0.01 0.01 93.00 1692710168.73
0.02 0.02 92.00 1692710168.83
0.02 0.02 92.00 1692710168.93
0.02 0.01 93.00 1692710169.03
0.03 0.02 93.00 1692710169.13
0.02 0.02 92.00 1692710169.23
0.02 0.02 92.00 1692710169.33
0.02 0.02 92.00 1692710169.43
0.02 0.02 92.00 1692710169.53
0.03 0.02 92.00 1692710169.63
0.03 0.02 92.00 1692710169.73
0.03 0.02 92.00 1692710169.83
0.02 0.01 92.00 1692710169.93
0.02 0.01 92.00 1692710170.37
0.02 0.01 92.00 1692710170.47
0.02 0.01 91.00 1692710170.57
0.02 0.02 92.00 1692710170.67
0.02 0.01 91.00 1692710170.77
0.02 0.01 92.00 1692710170.87
0.02 0.01 92.00 1692710170.97
0.02 0.01 92.00 1692710171.07
0.02 0.01 91.00 1692710171.17
0.02 0.01 91.00 1692710171.27
0.01 0.01 92.00 1692710171.37
0.01 0.01 92.00 1692710171.47
0.01 0.02 93.00 1692710171.57
0.01 0.01 94.00 1692710171.67
0.01 0.02 93.00 1692710171.77
0.02 0.02 93.00 1692710171.87
0.02 0.02 93.00 1692710171.97
0.02 0.02 93.00 1692710172.07
0.02 0.03 93.00 1692710172.17
0.03 0.05 93.00 1692710172.27
0.03 0.07 93.00 1692710172.37
0.03 0.08 93.00 1692710172.47
0.02 0.06 93.00 1692710172.57
0.02 0.06 93.00 1692710172.67
0.02 0.07 93.00 1692710172.77
0.02 0.07 93.00 1692710172.87
0.02 0.07 93.00 1692710172.97
0.01 0.07 93.00 1692710173.07
0.02 0.07 93.00 1692710173.17
0.02 0.07 93.00 1692710173.27
0.02 0.07 93.00 1692710173.37
0.02 0.07 93.00 1692710173.47
0.01 0.08 93.00 1692710173.57
0.02 0.08 93.00 1692710173.67
0.02 0.08 93.00 1692710173.77
0.01 0.08 93.00 1692710173.87
0.01 0.07 93.00 1692710173.97
0.01 0.06 93.00 1692710174.07
0.01 0.05 93.00 1692710174.17
0.01 0.03 93.00 1692710174.27
0.02 0.02 93.00 1692710174.37
0.02 0.02 93.00 1692710174.47
0.02 0.01 93.00 1692710174.57
0.02 0.01 93.00 1692710174.67
0.02 0.01 93.00 1692710174.77
0.01 0.01 93.00 1692710174.87
0.01 0.02 93.00 1692710174.97
0.01 0.02 93.00 1692710175.07
0.03 0.02 93.00 1692710175.17
0.14 0.02 93.00 1692710175.27
0.08 0.01 93.00 1692710175.37
0.01 0.01 93.00 1692710175.47
0.00 0.01 93.00 1692710175.57
0.00 0.01 93.00 1692710175.67
0.01 0.01 93.00 1692710175.77
0.00 0.01 93.00 1692710175.86
0.01 0.04 93.00 1692710175.96
0.01 0.04 93.00 1692710176.06
0.00 0.03 93.00 1692710176.17
0.01 0.02 93.00 1692710176.26
0.02 0.01 93.00 1692710176.36
0.02 0.01 93.00 1692710176.46
0.02 0.02 93.00 1692710176.56
0.01 0.03 93.00 1692710176.66
0.01 0.03 93.00 1692710176.76
0.01 0.02 93.00 1692710176.86
0.02 0.03 93.00 1692710176.96
0.02 0.01 92.00 1692710177.37
0.00 0.04 91.00 1692710177.47
0.01 0.04 90.00 1692710177.56
0.01 0.14 90.00 1692710177.65
0.03 0.51 89.00 1692710177.74
0.19 0.88 89.00 1692710177.84
0.56 1.03 89.00 1692710177.93
0.85 1.36 88.00 1692710178.02
1.04 1.62 88.00 1692710178.11
1.29 2.29 87.00 1692710178.20
1.65 3.34 86.00 1692710178.30
2.03 4.21 86.00 1692710178.39
2.25 4.55 87.00 1692710178.48
1.91 4.52 87.00 1692710178.57
1.57 4.34 88.00 1692710178.66
1.23 4.05 87.00 1692710178.76
1.16 4.09 86.00 1692710178.86
1.46 4.57 83.00 1692710178.96
2.18 5.43 81.00 1692710179.06
3.00 6.34 81.00 1692710179.16
3.13 6.90 81.00 1692710179.26
2.90 7.04 80.00 1692710179.36
3.05 7.21 79.00 1692710179.46
3.57 7.87 78.00 1692710179.56
4.23 9.06 77.00 1692710179.66
4.73 10.32 77.00 1692710179.76
4.97 11.22 76.00 1692710179.86
5.15 12.45 76.00 1692710179.96
5.26 12.68 75.00 1692710180.06
5.40 12.81 75.00 1692710180.16
5.55 13.05 74.00 1692710180.26
5.79 13.22 74.00 1692710180.36
6.25 13.64 74.00 1692710180.46
6.79 14.57 74.00 1692710180.56
6.89 15.74 73.00 1692710180.66
6.62 16.05 73.00 1692710180.76
6.44 15.99 73.00 1692710180.86
6.23 16.06 72.00 1692710180.96
6.23 16.17 71.00 1692710181.06
6.44 16.20 70.00 1692710181.16
7.13 16.91 69.00 1692710181.26
8.10 18.23 68.00 1692710181.36
9.03 19.18 66.00 1692710181.46
9.57 18.99 66.00 1692710181.56
9.65 18.41 66.00 1692710181.66
9.08 17.61 64.00 1692710181.76
9.03 17.07 62.00 1692710181.86
9.74 17.27 62.00 1692710181.96
10.61 18.10 61.00 1692710182.06
11.75 19.27 60.00 1692710182.16
13.76 22.45 60.00 1692710182.26
15.18 23.66 61.00 1692710182.36
14.46 23.19 60.00 1692710182.46
13.19 21.92 60.00 1692710182.56
12.23 20.79 60.00 1692710182.66
12.17 20.83 59.00 1692710182.76
12.70 21.40 57.00 1692710182.86
13.49 22.30 56.00 1692710182.96
14.40 23.20 56.00 1692710183.06
15.66 24.03 55.00 1692710183.16
16.83 24.95 54.00 1692710183.26
17.63 25.44 53.00 1692710183.36
18.31 26.03 53.00 1692710183.46
18.12 25.78 53.00 1692710183.56
17.10 24.79 53.00 1692710183.66
16.96 24.60 53.00 1692710183.76
17.39 24.79 52.00 1692710183.86
18.08 25.33 51.00 1692710183.96
18.79 25.91 51.00 1692710184.06
19.14 26.36 50.00 1692710184.16
19.15 26.52 50.00 1692710184.26
19.47 26.65 50.00 1692710184.36
19.88 26.80 50.00 1692710184.46
20.25 26.87 49.00 1692710184.56
20.74 27.68 49.00 1692710184.66
21.03 28.04 49.00 1692710184.76
20.99 27.94 48.00 1692710184.86
21.03 28.06 48.00 1692710184.96
21.22 28.48 48.00 1692710185.06
21.23 28.72 47.00 1692710185.16
21.25 28.59 47.00 1692710185.26
21.58 28.91 46.00 1692710185.36
22.06 29.23 46.00 1692710185.46
22.77 29.03 46.00 1692710185.56
23.46 28.78 45.00 1692710185.66
23.97 29.19 45.00 1692710185.76
23.81 29.99 45.00 1692710185.86
23.32 30.25 44.00 1692710185.96
23.22 30.37 44.00 1692710186.06
23.10 30.50 43.00 1692710186.16
23.64 30.69 42.00 1692710186.26
24.72 31.46 41.00 1692710186.36
25.64 32.60 41.00 1692710186.46
25.91 33.26 40.00 1692710186.56
26.10 33.18 40.00 1692710186.66
26.39 32.93 40.00 1692710186.76
26.74 32.69 39.00 1692710186.86
27.12 32.62 39.00 1692710186.96
27.06 30.09 38.00 1692710187.06
26.71 28.88 36.00 1692710187.16
26.62 28.02 33.00 1692710187.26
26.44 26.93 30.00 1692710187.36
25.73 26.08 28.00 1692710187.46
23.91 24.76 26.00 1692710187.56
20.22 21.44 26.00 1692710187.66
15.32 16.54 26.00 1692710187.76
10.06 9.97 26.00 1692710187.86
6.20 5.80 26.00 1692710187.96
4.17 3.40 26.00 1692710188.05
2.82 1.59 26.00 1692710188.16
1.77 0.17 26.00 1692710188.26
1.21 0.04 26.00 1692710188.35
0.63 190.86 26.00 1692710188.45
0.32 0.00 26.00 1692710188.86
0.02 0.01 26.00 1692710188.96
0.01 0.01 26.00 1692710189.05
0.02 0.03 26.00 1692710189.14
0.04 0.04 26.00 1692710189.23
0.03 0.04 26.00 1692710189.33
0.03 0.04 26.00 1692710189.42
0.03 0.04 28.00 1692710189.51
0.03 0.03 41.00 1692710189.60
0.02 0.03 58.00 1692710189.69
0.01 0.03 71.00 1692710189.79
0.00 0.02 87.00 1692710189.88
0.01 0.02 96.00 1692710189.97
0.01 0.02 96.00 1692710190.06
0.01 0.02 96.00 1692710190.15
0.00 0.02 94.00 1692710190.25
0.01 0.02 94.00 1692710190.35
0.01 0.02 94.00 1692710190.45
0.02 0.01 94.00 1692710190.55
0.01 0.01 94.00 1692710190.65
0.00 0.01 94.00 1692710190.75
0.00 0.02 94.00 1692710190.85
0.09 0.01 94.00 1692710190.95
0.47 0.02 94.00 1692710191.05
0.28 190.86 93.00 1692710191.15
0.03 0.02 92.00 1692710191.56
0.01 0.02 92.00 1692710191.66
0.04 0.03 92.00 1692710191.75
0.06 0.03 92.00 1692710191.84
0.04 0.04 91.00 1692710191.93
0.03 0.04 91.00 1692710192.02
0.03 0.05 91.00 1692710192.12
0.03 0.07 90.00 1692710192.21
0.02 0.07 89.00 1692710192.30
0.02 0.07 89.00 1692710192.39
0.00 0.07 90.00 1692710192.48
0.02 0.08 91.00 1692710192.58
0.02 0.08 91.00 1692710192.67
0.00 0.08 91.00 1692710192.76
0.00 0.08 91.00 1692710192.85
0.00 0.07 91.00 1692710192.95
0.01 0.06 90.00 1692710193.05
0.00 0.06 90.00 1692710193.15
0.02 0.05 91.00 1692710193.25
0.02 0.05 92.00 1692710193.35
0.01 0.06 92.00 1692710193.45
0.00 0.06 92.00 1692710193.55
0.02 0.06 92.00 1692710193.65
0.05 0.06 92.00 1692710193.75
0.04 0.06 92.00 1692710193.85
0.02 0.06 92.00 1692710193.95
0.02 0.05 92.00 1692710194.05
0.02 0.06 92.00 1692710194.15
0.02 0.08 92.00 1692710194.25
0.02 0.09 92.00 1692710194.35
0.01 0.09 92.00 1692710194.45
0.00 0.10 92.00 1692710194.55
0.01 0.10 92.00 1692710194.65
0.01 0.10 92.00 1692710194.75
0.00 0.11 92.00 1692710194.85
0.01 0.11 92.00 1692710194.95
0.01 0.11 92.00 1692710195.05
0.01 0.11 92.00 1692710195.15
0.01 0.11 92.00 1692710195.25
0.02 0.11 92.00 1692710195.35
0.01 0.11 92.00 1692710195.45
0.01 0.15 92.00 1692710195.55
0.01 0.19 92.00 1692710195.65
0.00 0.16 92.00 1692710195.75
0.00 0.12 92.00 1692710195.85
0.01 0.09 92.00 1692710195.95
