0.01 0.02 94.00 1692714715.33
0.01 0.02 94.00 1692714715.39
0.01 0.02 94.00 1692714715.49
0.00 0.02 93.00 1692714715.59
0.00 0.01 94.00 1692714715.69
0.00 0.01 94.00 1692714715.79
0.00 0.01 93.00 1692714715.89
0.00 0.02 94.00 1692714715.99
0.00 0.02 93.00 1692714716.09
0.00 0.02 93.00 1692714716.19
0.00 0.01 93.00 1692714716.29
0.01 0.01 94.00 1692714716.39
0.01 0.01 93.00 1692714716.50
0.00 0.01 94.00 1692714716.60
0.00 0.01 94.00 1692714716.70
0.00 0.01 94.00 1692714716.80
0.00 0.01 93.00 1692714717.21
0.01 0.01 94.00 1692714717.30
0.01 0.01 94.00 1692714717.39
0.00 0.01 93.00 1692714717.49
0.00 0.01 93.00 1692714717.58
0.00 0.01 94.00 1692714717.67
0.00 0.00 93.00 1692714717.76
0.01 0.00 94.00 1692714717.86
0.01 0.01 93.00 1692714717.95
0.00 0.01 93.00 1692714718.04
0.00 0.01 94.00 1692714718.14
0.01 0.01 93.00 1692714718.23
0.00 0.01 94.00 1692714718.32
0.01 0.01 94.00 1692714718.41
0.00 0.01 93.00 1692714718.51
0.00 0.01 94.00 1692714718.60
0.00 0.02 93.00 1692714718.70
0.00 0.02 93.00 1692714718.80
0.00 0.02 93.00 1692714718.90
0.00 0.01 93.00 1692714719.01
0.01 0.02 94.00 1692714719.11
0.01 0.02 94.00 1692714719.21
0.01 0.02 94.00 1692714719.31
0.02 0.03 93.00 1692714719.41
0.02 0.04 94.00 1692714719.51
0.02 0.05 94.00 1692714719.61
0.02 0.08 94.00 1692714719.71
0.09 0.28 93.00 1692714720.15
0.22 0.57 93.00 1692714720.25
0.65 1.13 92.00 1692714720.36
1.08 2.57 92.00 1692714720.46
1.39 3.46 91.00 1692714720.56
1.78 4.37 90.00 1692714720.66
2.10 5.28 89.00 1692714720.76
2.40 6.17 88.00 1692714720.86
2.51 6.87 88.00 1692714720.96
2.35 7.31 87.00 1692714721.06
2.46 7.83 86.00 1692714721.16
2.92 8.54 85.00 1692714721.26
3.40 9.40 84.00 1692714721.36
3.78 10.18 83.00 1692714721.46
4.08 10.88 83.00 1692714721.56
3.94 11.11 81.00 1692714721.66
3.96 11.24 81.00 1692714721.76
4.23 11.44 80.00 1692714721.86
4.61 11.69 79.00 1692714721.96
5.16 12.07 77.00 1692714722.06
5.93 12.51 75.00 1692714722.16
6.95 13.24 74.00 1692714722.26
8.16 14.35 73.00 1692714722.36
9.00 15.30 73.00 1692714722.46
9.40 15.61 72.00 1692714722.56
9.44 15.63 70.00 1692714722.66
9.40 15.40 69.00 1692714722.76
9.79 15.70 68.00 1692714722.87
10.32 16.44 66.00 1692714722.97
11.10 17.62 65.00 1692714723.07
11.88 18.64 65.00 1692714723.17
12.24 19.29 64.00 1692714723.27
12.25 19.43 64.00 1692714723.37
12.73 19.82 64.00 1692714723.47
13.17 20.26 63.00 1692714723.57
13.40 20.62 63.00 1692714723.67
13.57 20.91 63.00 1692714723.77
13.54 21.23 63.00 1692714723.87
13.43 21.16 63.00 1692714723.97
13.44 20.26 63.00 1692714724.07
13.85 20.27 63.00 1692714724.17
14.75 20.56 63.00 1692714724.27
15.72 20.90 63.00 1692714724.37
16.50 21.23 63.00 1692714724.47
17.03 21.59 63.00 1692714724.57
17.09 21.62 63.00 1692714724.67
16.41 21.03 62.00 1692714724.77
16.11 20.51 60.00 1692714724.87
16.52 20.94 59.00 1692714724.97
17.46 21.91 59.00 1692714725.07
18.25 23.01 58.00 1692714725.17
18.84 24.36 57.00 1692714725.27
19.48 24.63 56.00 1692714725.38
19.70 24.25 55.00 1692714725.48
19.87 24.01 55.00 1692714725.58
19.99 23.71 55.00 1692714725.68
20.72 23.85 55.00 1692714725.78
21.74 24.60 52.00 1692714725.88
21.97 24.54 51.00 1692714725.98
22.17 24.07 51.00 1692714726.08
22.61 24.30 51.00 1692714726.18
22.98 24.26 51.00 1692714726.28
23.81 24.60 50.00 1692714726.38
24.31 26.04 50.00 1692714726.48
24.22 25.94 50.00 1692714726.58
24.14 26.06 50.00 1692714726.68
24.08 26.16 49.00 1692714726.78
24.13 25.98 49.00 1692714726.88
24.08 26.08 48.00 1692714726.98
24.07 26.10 46.00 1692714727.08
24.32 26.31 46.00 1692714727.18
24.41 26.62 45.00 1692714727.28
24.87 27.00 44.00 1692714727.38
25.69 27.74 44.00 1692714727.48
26.40 28.43 44.00 1692714727.58
26.85 28.71 43.00 1692714727.68
27.31 28.72 43.00 1692714727.78
27.62 28.69 43.00 1692714727.88
27.58 28.48 42.00 1692714727.99
27.45 28.28 42.00 1692714728.09
27.71 28.32 41.00 1692714728.19
27.89 28.50 41.00 1692714728.29
27.89 28.65 41.00 1692714728.39
27.95 29.03 40.00 1692714728.49
27.97 29.23 40.00 1692714728.59
28.01 29.18 39.00 1692714728.69
28.01 28.63 38.00 1692714728.79
28.32 28.64 37.00 1692714728.89
28.86 28.64 35.00 1692714728.99
29.16 28.44 35.00 1692714729.09
27.89 27.23 34.00 1692714729.19
23.24 23.57 34.00 1692714729.29
18.25 18.75 34.00 1692714729.39
14.87 14.78 35.00 1692714729.49
11.35 10.98 35.00 1692714729.59
8.28 7.93 35.00 1692714729.69
6.08 5.93 35.00 1692714729.79
4.74 4.35 35.00 1692714729.89
3.96 2.37 35.00 1692714729.99
3.38 1.65 35.00 1692714730.09
2.82 0.98 35.00 1692714730.19
2.65 0.30 35.00 1692714730.29
2.44 0.03 35.00 1692714730.39
2.16 0.02 35.00 1692714730.49
2.24 0.07 35.00 1692714730.60
2.57 0.48 35.00 1692714730.70
2.44 0.93 35.00 1692714730.80
2.13 0.84 37.00 1692714730.90
2.03 0.88 44.00 1692714731.00
1.80 0.54 51.00 1692714731.10
1.15 0.51 62.00 1692714731.20
0.47 0.80 73.00 1692714731.30
0.41 1.29 88.00 1692714731.40
0.31 1.36 96.00 1692714731.50
0.07 0.70 96.00 1692714731.60
0.02 0.21 96.00 1692714731.70
0.02 0.05 96.00 1692714731.80
0.01 0.02 96.00 1692714731.90
0.01 0.02 96.00 1692714732.00
0.00 0.03 96.00 1692714732.10
0.00 0.02 96.00 1692714732.20
0.02 0.02 96.00 1692714732.30
0.01 0.20 96.00 1692714732.40
0.01 0.23 95.00 1692714732.50
0.02 0.26 94.00 1692714732.60
0.14 0.28 94.00 1692714732.70
0.26 0.28 94.00 1692714732.80
0.20 0.15 94.00 1692714732.91
0.23 0.06 96.00 1692714733.00
0.08 0.03 96.00 1692714733.10
0.01 0.02 96.00 1692714733.21
0.01 0.01 96.00 1692714733.31
0.01 0.01 95.00 1692714733.41
0.01 0.00 95.00 1692714733.51
0.01 0.01 95.00 1692714733.61
0.01 0.00 95.00 1692714733.71
0.01 0.01 94.00 1692714733.81
0.01 0.01 93.00 1692714733.91
0.00 0.01 92.00 1692714734.01
0.02 0.01 92.00 1692714734.11
0.02 0.01 91.00 1692714734.21
0.02 0.01 91.00 1692714734.31
0.02 0.01 91.00 1692714734.41
0.02 0.01 92.00 1692714734.51
0.02 0.02 92.00 1692714734.61
0.02 0.02 92.00 1692714734.71
0.02 0.01 92.00 1692714734.81
0.01 0.01 92.00 1692714734.91
0.01 0.01 92.00 1692714735.01
0.01 0.01 92.00 1692714735.11
0.01 0.01 92.00 1692714735.21
0.06 0.00 92.00 1692714735.31
0.22 0.01 93.00 1692714735.41
0.38 0.01 92.00 1692714735.51
0.65 0.01 92.00 1692714735.61
0.59 0.05 92.00 1692714735.71
0.22 0.20 92.00 1692714735.82
0.05 0.27 92.00 1692714735.92
0.02 0.03 92.00 1692714736.02
0.03 0.00 92.00 1692714736.12
0.04 0.01 92.00 1692714736.22
0.02 0.00 92.00 1692714736.32
0.01 0.01 92.00 1692714736.42
0.01 0.01 92.00 1692714736.52
0.00 0.01 92.00 1692714736.62
0.01 0.01 92.00 1692714736.72
0.01 0.01 92.00 1692714736.82
0.01 0.00 92.00 1692714736.92
0.01 0.00 92.00 1692714737.02
0.01 0.00 92.00 1692714737.12
0.01 0.01 92.00 1692714737.22
0.02 0.02 92.00 1692714737.32
0.07 0.03 92.00 1692714737.42
0.14 0.06 92.00 1692714737.52
0.21 0.24 91.00 1692714737.62
0.44 0.77 89.00 1692714737.72
0.69 1.27 86.00 1692714737.82
1.28 2.22 84.00 1692714737.92
2.15 3.30 80.00 1692714738.02
2.99 4.28 78.00 1692714738.12
4.02 5.49 77.00 1692714738.22
4.92 7.05 77.00 1692714738.32
5.66 10.60 75.00 1692714738.43
6.60 12.22 75.00 1692714738.53
7.76 13.75 75.00 1692714738.63
8.30 14.67 75.00 1692714738.73
7.67 14.36 75.00 1692714738.83
6.92 23.89 75.00 1692714738.93
6.27 15.56 70.00 1692714739.34
9.84 18.27 70.00 1692714739.43
12.53 18.31 69.00 1692714739.52
12.60 16.64 69.00 1692714739.62
11.33 15.93 68.00 1692714739.71
10.72 15.94 66.00 1692714739.80
10.77 15.50 65.00 1692714739.89
11.00 16.22 62.00 1692714739.99
12.41 18.17 61.00 1692714740.08
14.44 20.41 60.00 1692714740.17
16.21 21.76 59.00 1692714740.27
17.40 22.44 59.00 1692714740.36
18.46 22.91 59.00 1692714740.45
19.35 22.93 59.00 1692714740.54
19.50 22.09 59.00 1692714740.64
18.99 20.80 59.00 1692714740.73
18.59 20.07 59.00 1692714740.83
17.74 19.57 59.00 1692714740.93
17.32 19.47 59.00 1692714741.04
17.37 19.47 54.00 1692714741.14
18.26 19.89 51.00 1692714741.24
20.13 21.51 50.00 1692714741.34
21.98 23.39 50.00 1692714741.44
23.46 24.98 50.00 1692714741.54
24.23 25.97 50.00 1692714741.64
24.39 25.86 50.00 1692714741.74
23.97 25.74 50.00 1692714741.84
22.93 23.87 50.00 1692714741.94
23.13 24.01 50.00 1692714742.04
23.81 24.52 50.00 1692714742.14
24.25 25.06 49.00 1692714742.24
24.64 25.76 49.00 1692714742.34
24.10 25.66 49.00 1692714742.44
23.48 24.91 48.00 1692714742.54
23.96 24.94 47.00 1692714742.64
24.83 25.52 46.00 1692714742.74
25.59 26.18 45.00 1692714742.84
26.03 27.09 45.00 1692714742.94
26.23 27.72 44.00 1692714743.04
26.56 27.78 44.00 1692714743.14
27.26 28.08 44.00 1692714743.24
28.03 28.32 44.00 1692714743.34
28.14 28.08 43.00 1692714743.44
27.73 27.41 43.00 1692714743.54
27.27 26.61 43.00 1692714743.64
27.16 26.74 42.00 1692714743.75
27.28 27.23 41.00 1692714743.85
27.86 27.66 40.00 1692714743.95
28.87 28.47 39.00 1692714744.05
29.59 29.50 39.00 1692714744.15
29.74 0.11 39.00 1692714744.25
29.84 29.32 39.00 1692714744.66
29.48 28.66 39.00 1692714744.75
29.24 27.96 38.00 1692714744.84
28.77 27.92 37.00 1692714744.94
28.94 28.52 36.00 1692714745.03
29.62 29.31 36.00 1692714745.12
30.47 29.82 35.00 1692714745.21
31.01 30.12 35.00 1692714745.31
31.09 30.38 35.00 1692714745.40
31.27 30.66 35.00 1692714745.49
31.45 30.35 35.00 1692714745.59
31.34 30.14 35.00 1692714745.68
31.34 30.09 35.00 1692714745.77
31.41 29.85 34.00 1692714745.86
31.37 29.60 34.00 1692714745.96
31.44 29.46 33.00 1692714746.05
31.60 29.55 32.00 1692714746.15
31.53 29.64 31.00 1692714746.25
30.85 29.33 30.00 1692714746.36
30.54 28.99 29.00 1692714746.46
30.29 28.86 28.00 1692714746.56
28.44 27.86 27.00 1692714746.66
24.63 25.84 26.00 1692714746.76
18.40 2.84 27.00 1692714747.17
5.29 1.86 27.00 1692714747.26
0.29 0.05 27.00 1692714747.64
0.08 0.04 27.00 1692714747.74
0.02 0.03 27.00 1692714747.85
0.01 0.03 27.00 1692714747.95
0.01 0.04 27.00 1692714748.05
0.01 0.04 31.00 1692714748.15
0.00 0.02 62.00 1692714748.25
0.00 0.02 87.00 1692714748.35
0.01 0.02 96.00 1692714748.45
0.02 0.02 96.00 1692714748.55
0.02 0.01 96.00 1692714748.65
0.02 0.02 96.00 1692714748.75
0.01 0.01 95.00 1692714748.85
0.02 0.02 94.00 1692714748.95
0.03 0.02 93.00 1692714749.05
0.02 0.02 92.00 1692714749.15
0.02 0.00 92.00 1692714749.25
0.01 0.00 92.00 1692714749.35
0.01 0.00 92.00 1692714749.45
0.01 0.00 92.00 1692714749.55
0.01 0.00 92.00 1692714749.65
0.02 0.01 92.00 1692714749.75
0.02 0.01 92.00 1692714749.85
0.02 0.01 92.00 1692714749.95
0.02 0.01 92.00 1692714750.05
0.02 0.01 92.00 1692714750.15
0.02 0.00 92.00 1692714750.25
0.01 0.00 93.00 1692714750.35
0.01 0.01 94.00 1692714750.46
0.01 0.01 94.00 1692714750.56
0.01 0.01 94.00 1692714750.66
0.01 0.00 94.00 1692714750.76
0.02 0.00 94.00 1692714750.86
0.02 0.01 94.00 1692714750.96
0.01 0.00 94.00 1692714751.06
0.01 0.00 94.00 1692714751.16
0.01 0.00 94.00 1692714751.26
0.02 0.01 94.00 1692714751.36
0.02 0.00 94.00 1692714751.46
0.01 0.01 94.00 1692714751.56
0.01 0.01 93.00 1692714751.66
0.01 0.01 92.00 1692714751.76
0.00 0.00 92.00 1692714751.86
0.01 0.01 92.00 1692714751.96
0.01 0.02 92.00 1692714752.06
0.01 0.02 92.00 1692714752.16
0.01 0.02 92.00 1692714752.26
0.01 0.02 92.00 1692714752.36
0.01 0.01 92.00 1692714752.46
0.02 0.01 92.00 1692714752.56
0.02 0.00 92.00 1692714752.66
0.01 0.01 92.00 1692714752.76
0.02 0.01 92.00 1692714752.86
0.02 0.01 92.00 1692714752.96
0.01 0.02 92.00 1692714753.06
0.02 0.02 92.00 1692714753.17
0.01 0.02 92.00 1692714753.27
0.01 0.02 92.00 1692714753.37
0.01 0.02 92.00 1692714753.47
0.02 0.01 92.00 1692714753.57
0.02 0.01 92.00 1692714753.67
0.03 0.01 92.00 1692714753.77
0.02 0.00 92.00 1692714753.87
0.02 0.00 92.00 1692714753.97
0.02 0.01 92.00 1692714754.07
0.02 0.01 92.00 1692714754.17
0.02 0.01 92.00 1692714754.27
0.01 0.02 92.00 1692714754.37
0.01 0.02 91.00 1692714754.47
0.00 0.02 90.00 1692714754.57
0.00 0.04 88.00 1692714754.67
0.01 0.31 85.00 1692714754.77
0.27 0.85 81.00 1692714754.87
1.17 1.92 79.00 1692714754.97
1.88 3.44 76.00 1692714755.07
2.94 5.04 74.00 1692714755.17
4.21 7.08 74.00 1692714755.27
5.16 9.22 74.00 1692714755.37
5.71 10.90 73.00 1692714755.47
6.00 12.14 73.00 1692714755.57
6.40 13.44 72.00 1692714755.67
6.33 14.23 69.00 1692714755.77
6.19 14.29 68.00 1692714755.88
6.63 14.81 68.00 1692714755.98
7.32 15.22 68.00 1692714756.08
7.81 15.19 67.00 1692714756.18
8.32 15.20 67.00 1692714756.28
9.16 15.57 67.00 1692714756.38
10.22 16.50 67.00 1692714756.48
10.65 17.70 67.00 1692714756.58
10.38 18.96 67.00 1692714756.68
9.78 19.29 67.00 1692714756.78
9.16 18.28 67.00 1692714756.88
8.92 16.70 66.00 1692714756.98
9.42 16.09 65.00 1692714757.08
10.44 17.42 64.00 1692714757.18
11.37 17.99 62.00 1692714757.28
12.04 18.30 60.00 1692714757.38
12.74 18.61 58.00 1692714757.48
13.47 18.86 57.00 1692714757.58
14.59 19.26 56.00 1692714757.68
15.83 20.06 55.00 1692714757.78
17.00 20.92 54.00 1692714757.88
18.00 22.01 54.00 1692714757.98
18.08 22.23 54.00 1692714758.08
17.86 21.78 54.00 1692714758.18
17.82 21.83 53.00 1692714758.28
18.24 21.76 51.00 1692714758.38
18.97 21.79 51.00 1692714758.48
20.00 22.40 51.00 1692714758.59
21.06 23.20 50.00 1692714758.69
21.59 23.63 50.00 1692714758.79
21.73 23.38 50.00 1692714758.89
24.28 23.57 50.00 1692714758.99
21.93 23.63 48.00 1692714759.43
21.49 23.15 46.00 1692714759.53
21.53 22.71 45.00 1692714759.63
23.21 23.46 45.00 1692714759.73
25.71 25.43 45.00 1692714759.83
27.38 27.58 45.00 1692714759.93
27.26 28.68 45.00 1692714760.04
26.16 28.37 45.00 1692714760.14
25.02 25.98 45.00 1692714760.24
24.52 25.45 45.00 1692714760.34
24.48 25.06 44.00 1692714760.44
24.90 25.21 44.00 1692714760.54
25.59 25.72 43.00 1692714760.64
26.19 26.54 42.00 1692714760.74
26.88 27.21 41.00 1692714760.84
27.85 28.39 40.00 1692714760.94
28.24 29.50 40.00 1692714761.04
28.00 29.57 40.00 1692714761.14
28.03 29.21 40.00 1692714761.24
28.35 29.16 40.00 1692714761.34
28.48 29.01 40.00 1692714761.44
28.39 28.67 39.00 1692714761.54
27.86 27.94 38.00 1692714761.64
27.29 26.78 37.00 1692714761.74
27.68 26.58 36.00 1692714761.84
28.71 27.29 35.00 1692714761.94
29.98 27.86 33.00 1692714762.04
31.56 28.85 31.00 1692714762.14
32.55 30.48 31.00 1692714762.24
32.50 31.61 31.00 1692714762.34
31.91 31.74 31.00 1692714762.44
30.62 30.93 31.00 1692714762.54
27.09 24.75 31.00 1692714762.64
20.65 19.84 31.00 1692714762.75
14.94 15.03 31.00 1692714762.85
12.12 11.20 31.00 1692714762.95
9.79 8.15 31.00 1692714763.05
7.62 6.75 31.00 1692714763.15
6.26 5.95 31.00 1692714763.25
4.99 4.87 31.00 1692714763.35
3.56 3.53 31.00 1692714763.45
48.36 2.40 31.00 1692714763.55
0.11 0.14 31.00 1692714763.99
0.01 0.07 31.00 1692714764.10
0.00 0.04 31.00 1692714764.20
0.02 0.03 31.00 1692714764.30
0.02 0.02 51.00 1692714764.40
0.02 0.01 71.00 1692714764.50
0.01 0.02 93.00 1692714764.60
0.01 0.01 96.00 1692714764.70
0.04 0.02 96.00 1692714764.80
0.06 0.01 96.00 1692714764.90
0.07 0.01 94.00 1692714765.00
0.06 0.00 95.00 1692714765.10
0.05 0.00 95.00 1692714765.20
0.04 0.01 95.00 1692714765.30
0.02 0.01 95.00 1692714765.40
0.01 0.01 95.00 1692714765.50
0.00 0.01 94.00 1692714765.60
0.01 0.01 95.00 1692714765.70
0.00 0.01 95.00 1692714765.80
0.01 0.01 95.00 1692714765.90
