0.02 1.24 92.00 1692878537.27
0.09 0.83 92.00 1692878537.33
0.07 0.54 92.00 1692878537.43
0.04 0.42 92.00 1692878537.53
0.07 0.41 92.00 1692878537.63
0.09 0.32 92.00 1692878537.73
0.10 0.22 92.00 1692878537.83
0.10 0.17 92.00 1692878537.93
0.10 0.14 92.00 1692878538.03
0.10 0.14 92.00 1692878538.13
0.10 0.14 92.00 1692878538.23
0.10 0.14 92.00 1692878538.33
0.11 0.14 92.00 1692878538.43
0.11 0.14 92.00 1692878538.53
0.11 0.14 92.00 1692878538.63
0.11 0.14 92.00 1692878538.73
0.11 0.14 92.00 1692878538.83
0.11 0.14 92.00 1692878538.93
0.11 0.14 92.00 1692878539.03
0.10 0.14 92.00 1692878539.13
0.10 0.14 92.00 1692878539.23
0.10 0.15 92.00 1692878539.33
0.10 0.15 92.00 1692878539.43
0.10 0.16 92.00 1692878539.53
0.10 0.17 91.00 1692878539.64
0.10 0.19 91.00 1692878539.74
0.02 0.33 91.00 1692878539.84
0.31 1.03 91.00 1692878539.94
0.71 1.98 91.00 1692878540.04
0.86 2.30 91.00 1692878540.14
0.96 2.66 91.00 1692878540.24
1.00 3.10 92.00 1692878540.34
0.98 3.34 92.00 1692878540.44
0.93 2.81 92.00 1692878540.54
0.89 2.60 92.00 1692878540.64
0.77 2.42 92.00 1692878540.74
0.78 2.40 92.00 1692878540.84
0.85 2.44 92.00 1692878540.94
0.90 2.52 92.00 1692878541.04
1.01 2.58 92.00 1692878541.14
1.13 2.66 92.00 1692878541.24
1.36 2.86 92.00 1692878541.34
1.81 3.29 92.00 1692878541.44
2.10 3.83 92.00 1692878541.54
1.90 3.84 92.00 1692878541.64
1.64 3.40 92.00 1692878541.74
1.51 3.29 92.00 1692878541.84
1.23 2.93 92.00 1692878541.94
0.91 2.68 92.00 1692878542.04
0.83 3.04 92.00 1692878542.14
0.76 3.54 92.00 1692878542.24
0.85 4.08 91.00 1692878542.34
1.03 4.77 91.00 1692878542.44
1.31 5.43 91.00 1692878542.54
1.84 9.37 90.00 1692878542.96
3.37 9.50 89.00 1692878543.05
3.46 10.17 89.00 1692878543.14
3.85 11.09 88.00 1692878543.23
4.57 11.95 88.00 1692878543.33
5.31 12.30 87.00 1692878543.42
5.54 12.44 86.00 1692878543.51
5.63 12.65 86.00 1692878543.60
5.86 13.02 86.00 1692878543.70
6.40 13.60 86.00 1692878543.79
7.06 14.26 85.00 1692878543.88
7.45 14.60 85.00 1692878543.97
7.36 14.34 84.00 1692878544.07
7.17 14.29 84.00 1692878544.16
7.40 14.67 84.00 1692878544.25
7.81 15.01 83.00 1692878544.35
8.35 15.55 83.00 1692878544.45
8.65 15.82 82.00 1692878544.55
8.43 15.26 81.00 1692878544.65
8.57 15.10 80.00 1692878544.75
9.03 15.57 80.00 1692878544.85
10.03 16.76 80.00 1692878544.95
10.86 18.14 80.00 1692878545.05
10.96 18.61 79.00 1692878545.15
10.89 18.36 77.00 1692878545.25
10.90 18.16 77.00 1692878545.35
11.23 18.11 76.00 1692878545.45
11.74 18.97 76.00 1692878545.55
12.23 19.46 76.00 1692878545.65
12.51 19.62 75.00 1692878545.75
12.71 19.68 74.00 1692878545.85
13.04 19.79 74.00 1692878545.95
13.42 20.04 73.00 1692878546.05
13.80 20.19 73.00 1692878546.15
14.50 20.67 72.00 1692878546.25
15.12 21.38 72.00 1692878546.35
15.59 22.15 71.00 1692878546.45
15.57 22.80 71.00 1692878546.55
15.47 22.78 70.00 1692878546.65
15.52 23.09 70.00 1692878546.75
15.67 23.22 70.00 1692878546.86
16.00 23.35 69.00 1692878546.96
16.38 23.55 69.00 1692878547.06
16.67 23.66 69.00 1692878547.16
17.10 23.56 68.00 1692878547.26
17.73 23.41 68.00 1692878547.36
18.38 23.48 68.00 1692878547.46
18.77 23.83 67.00 1692878547.56
19.02 23.93 67.00 1692878547.66
19.27 24.19 67.00 1692878547.76
19.34 24.43 66.00 1692878547.86
19.37 24.61 66.00 1692878547.96
19.46 24.82 65.00 1692878548.06
19.58 25.00 65.00 1692878548.16
19.97 25.38 64.00 1692878548.26
20.34 25.70 64.00 1692878548.36
20.65 26.06 64.00 1692878548.48
20.65 26.06 64.00 1692878548.57
20.60 25.79 64.00 1692878548.68
20.73 25.80 63.00 1692878548.76
20.97 26.06 63.00 1692878548.86
21.19 26.18 63.00 1692878548.96
21.50 26.44 62.00 1692878549.06
21.78 27.39 62.00 1692878549.16
22.05 27.74 62.00 1692878549.26
22.02 27.54 62.00 1692878549.36
22.20 27.40 62.00 1692878549.46
22.68 27.72 61.00 1692878549.56
23.06 28.19 60.00 1692878549.66
23.35 28.65 60.00 1692878549.76
23.52 28.74 60.00 1692878549.86
23.85 28.94 59.00 1692878549.96
24.15 29.19 59.00 1692878550.06
24.46 29.44 59.00 1692878550.16
24.71 29.74 58.00 1692878550.26
24.86 30.26 58.00 1692878550.36
25.00 30.48 57.00 1692878550.46
25.02 30.49 57.00 1692878550.57
25.16 30.47 56.00 1692878550.67
25.57 30.69 56.00 1692878550.77
25.89 30.99 55.00 1692878550.87
25.82 31.01 55.00 1692878550.97
25.85 30.87 54.00 1692878551.07
26.14 31.01 54.00 1692878551.17
26.42 31.43 54.00 1692878551.27
26.58 31.91 54.00 1692878551.37
26.74 32.26 53.00 1692878551.47
26.95 32.73 52.00 1692878551.57
27.19 32.78 52.00 1692878551.67
27.48 32.86 51.00 1692878551.77
27.98 33.28 51.00 1692878551.87
28.35 33.57 51.00 1692878551.97
28.43 33.62 51.00 1692878552.07
28.38 33.66 51.00 1692878552.17
28.17 33.68 51.00 1692878552.27
28.04 33.58 51.00 1692878552.37
28.24 33.48 50.00 1692878552.47
28.61 33.55 50.00 1692878552.57
28.97 33.79 49.00 1692878552.67
29.19 34.33 49.00 1692878552.77
29.27 34.47 48.00 1692878552.87
29.37 34.57 47.00 1692878552.97
29.40 34.64 47.00 1692878553.07
29.35 34.37 46.00 1692878553.17
29.31 33.90 45.00 1692878553.27
29.36 33.78 44.00 1692878553.37
29.43 33.74 44.00 1692878553.47
29.18 33.24 43.00 1692878553.57
28.20 32.17 43.00 1692878553.67
26.41 30.43 41.00 1692878553.77
24.38 27.86 35.00 1692878553.87
22.34 23.13 33.00 1692878553.97
19.10 20.00 32.00 1692878554.07
15.41 17.12 33.00 1692878554.18
11.94 14.66 34.00 1692878554.28
9.66 12.53 34.00 1692878554.38
7.92 10.78 34.00 1692878554.48
6.68 9.49 34.00 1692878554.58
6.57 9.07 34.00 1692878554.68
8.24 10.17 34.00 1692878554.78
10.88 12.75 34.00 1692878554.88
11.71 14.73 34.00 1692878554.98
9.26 14.26 34.00 1692878555.08
5.73 6.46 34.00 1692878555.18
3.45 4.56 34.00 1692878555.28
2.21 4.09 34.00 1692878555.38
2.13 4.70 34.00 1692878555.48
2.72 5.78 34.00 1692878555.58
3.13 6.40 34.00 1692878555.68
3.01 6.28 34.00 1692878555.78
2.49 5.20 34.00 1692878555.88
1.89 3.79 34.00 1692878555.98
1.35 2.79 34.00 1692878556.08
1.21 2.39 34.00 1692878556.18
1.34 2.30 34.00 1692878556.28
1.37 2.58 35.00 1692878556.38
1.32 2.67 49.00 1692878556.48
1.23 2.65 73.00 1692878556.58
1.22 2.60 90.00 1692878556.68
1.31 2.57 94.00 1692878556.78
1.58 3.14 94.00 1692878556.88
1.90 4.23 94.00 1692878556.98
1.96 4.72 93.00 1692878557.08
1.85 4.54 93.00 1692878557.18
1.69 4.02 93.00 1692878557.28
1.56 3.30 93.00 1692878557.38
1.36 2.72 93.00 1692878557.48
1.16 2.27 93.00 1692878557.58
1.01 2.12 93.00 1692878557.68
0.94 1.98 93.00 1692878557.79
0.95 1.93 93.00 1692878557.89
1.07 2.02 93.00 1692878557.99
1.41 2.71 93.00 1692878558.09
1.80 3.77 93.00 1692878558.19
1.87 3.95 93.00 1692878558.29
1.81 3.41 93.00 1692878558.39
1.84 2.79 93.00 1692878558.49
1.91 2.64 93.00 1692878558.59
1.93 2.75 93.00 1692878558.69
1.92 2.82 93.00 1692878558.79
1.94 2.84 93.00 1692878558.89
1.97 2.81 93.00 1692878558.99
1.87 2.61 93.00 1692878559.09
1.75 2.35 93.00 1692878559.19
1.65 2.20 93.00 1692878559.29
1.62 2.07 93.00 1692878559.39
1.67 2.00 93.00 1692878559.49
1.77 2.09 93.00 1692878559.59
1.81 2.32 93.00 1692878559.69
1.77 2.45 93.00 1692878559.79
1.68 2.40 93.00 1692878559.89
1.60 2.43 93.00 1692878559.99
1.57 2.45 93.00 1692878560.09
1.59 2.35 93.00 1692878560.19
1.63 2.20 93.00 1692878560.29
1.64 2.14 93.00 1692878560.39
1.58 2.11 93.00 1692878560.49
1.57 2.11 93.00 1692878560.59
1.54 2.14 93.00 1692878560.69
1.48 2.14 93.00 1692878560.79
1.47 2.12 93.00 1692878560.89
1.46 2.10 93.00 1692878560.99
1.48 2.08 93.00 1692878561.09
1.53 2.13 93.00 1692878561.19
1.58 2.19 93.00 1692878561.29
1.63 2.24 93.00 1692878561.40
1.68 2.29 93.00 1692878561.50
1.72 2.44 93.00 1692878561.60
1.78 2.72 93.00 1692878561.70
1.83 3.16 93.00 1692878561.80
1.75 3.57 93.00 1692878561.90
1.70 3.83 93.00 1692878562.00
1.72 3.86 93.00 1692878562.10
1.75 3.72 93.00 1692878562.20
1.74 3.54 93.00 1692878562.30
1.71 2.99 93.00 1692878562.40
1.77 3.02 93.00 1692878562.50
1.86 3.17 93.00 1692878562.60
1.98 3.36 93.00 1692878562.70
2.09 3.58 93.00 1692878562.80
2.17 3.73 93.00 1692878562.90
2.21 3.67 93.00 1692878563.00
2.33 3.62 93.00 1692878563.10
2.63 3.94 93.00 1692878563.20
3.28 4.64 93.00 1692878563.30
4.31 5.79 92.00 1692878563.40
5.47 7.25 92.00 1692878563.50
6.49 9.98 92.00 1692878563.60
6.82 10.34 92.00 1692878563.70
6.69 10.18 91.00 1692878563.80
6.51 9.85 91.00 1692878563.90
6.38 9.68 90.00 1692878564.00
