1.52 0.35 89.00 1692792936.26
1.55 0.35 89.00 1692792936.34
1.52 0.45 89.00 1692792936.44
1.46 0.64 89.00 1692792936.53
1.47 0.61 89.00 1692792936.63
1.48 0.53 89.00 1692792936.73
1.38 0.14 89.00 1692792937.14
1.19 0.14 89.00 1692792937.24
1.19 0.14 89.00 1692792937.33
1.29 0.15 89.00 1692792937.42
1.42 0.28 89.00 1692792937.51
1.58 0.68 89.00 1692792937.61
1.78 0.91 89.00 1692792937.70
1.86 0.89 89.00 1692792937.79
1.85 0.90 89.00 1692792937.88
1.81 0.90 89.00 1692792937.98
1.54 0.96 89.00 1692792938.38
1.68 1.22 89.00 1692792938.48
1.75 1.44 89.00 1692792938.58
1.79 1.43 89.00 1692792938.68
1.66 1.24 89.00 1692792938.78
1.40 0.94 89.00 1692792938.88
1.23 0.75 89.00 1692792938.98
1.08 0.65 89.00 1692792939.08
1.07 0.48 89.00 1692792939.18
1.33 0.67 89.00 1692792939.28
1.77 1.02 89.00 1692792939.38
2.20 1.44 89.00 1692792939.48
2.60 1.44 89.00 1692792939.89
2.25 0.98 89.00 1692792939.99
1.74 0.81 89.00 1692792940.08
1.60 1.16 89.00 1692792940.17
1.76 1.94 89.00 1692792940.27
2.23 2.80 89.00 1692792940.36
2.84 3.52 89.00 1692792940.45
3.25 3.53 89.00 1692792940.54
3.14 3.00 89.00 1692792940.64
2.83 2.47 89.00 1692792940.73
2.43 2.23 89.00 1692792940.82
2.37 2.46 89.00 1692792940.91
2.76 3.03 89.00 1692792941.01
3.26 3.50 89.00 1692792941.10
3.57 3.78 89.00 1692792941.19
3.51 3.80 89.00 1692792941.29
3.20 3.67 89.00 1692792941.39
3.09 3.73 89.00 1692792941.49
3.23 4.12 89.00 1692792941.59
3.49 4.67 88.00 1692792941.69
3.83 5.39 87.00 1692792941.79
4.29 6.19 87.00 1692792941.89
4.73 6.95 85.00 1692792941.99
4.86 7.24 84.00 1692792942.09
4.99 7.27 81.00 1692792942.19
5.55 7.68 81.00 1692792942.29
6.26 8.59 81.00 1692792942.39
6.69 10.73 80.00 1692792942.49
6.71 10.63 80.00 1692792942.59
6.62 10.45 78.00 1692792942.69
6.97 10.82 77.00 1692792942.79
7.58 11.40 77.00 1692792942.89
8.10 11.97 77.00 1692792942.99
8.38 12.50 76.00 1692792943.09
8.42 12.66 75.00 1692792943.19
8.51 12.49 74.00 1692792943.29
8.81 12.44 73.00 1692792943.39
9.40 12.76 73.00 1692792943.49
10.03 13.36 73.00 1692792943.59
10.26 14.14 72.00 1692792943.69
10.25 13.88 72.00 1692792943.79
10.37 13.76 71.00 1692792943.89
10.78 95.96 71.00 1692792943.99
11.03 15.95 69.00 1692792944.41
12.51 16.41 68.00 1692792944.50
13.58 18.20 67.00 1692792944.88
13.65 18.41 66.00 1692792944.98
13.06 17.65 66.00 1692792945.08
12.94 17.13 65.00 1692792945.18
13.24 17.31 65.00 1692792945.28
13.56 17.65 65.00 1692792945.38
13.95 18.15 65.00 1692792945.48
14.40 18.57 63.00 1692792945.58
14.93 18.99 62.00 1692792945.68
15.57 19.52 62.00 1692792945.78
16.28 20.41 62.00 1692792945.88
16.47 21.30 62.00 1692792945.98
16.34 22.47 62.00 1692792946.08
15.98 20.95 61.00 1692792946.49
16.27 21.44 61.00 1692792946.59
17.77 23.20 59.00 1692792946.97
18.53 23.55 58.00 1692792947.07
19.04 23.95 58.00 1692792947.17
19.45 24.25 57.00 1692792947.27
19.86 24.51 57.00 1692792947.37
20.04 24.65 57.00 1692792947.47
20.42 24.96 57.00 1692792947.57
20.51 25.29 56.00 1692792947.67
20.23 24.98 55.00 1692792947.77
20.29 24.86 54.00 1692792947.87
20.61 24.95 54.00 1692792947.97
21.17 25.51 54.00 1692792948.07
21.69 25.69 53.00 1692792948.17
22.14 25.63 53.00 1692792948.27
22.60 25.54 52.00 1692792948.37
22.91 25.74 52.00 1692792948.47
23.09 26.09 52.00 1692792948.57
23.34 26.54 52.00 1692792948.67
23.43 26.71 51.00 1692792948.77
23.57 26.96 52.00 1692792948.88
23.66 27.13 51.00 1692792948.97
23.64 27.06 51.00 1692792949.07
23.74 27.21 51.00 1692792949.18
23.75 27.71 50.00 1692792949.28
23.85 27.75 50.00 1692792949.38
24.19 27.81 50.00 1692792949.48
24.53 27.96 49.00 1692792949.58
24.92 28.22 49.00 1692792949.68
25.19 28.56 48.00 1692792949.78
25.36 28.70 48.00 1692792949.88
25.56 28.80 47.00 1692792949.98
25.76 28.91 47.00 1692792950.08
25.98 29.09 46.00 1692792950.18
26.03 29.32 45.00 1692792950.28
25.96 29.53 45.00 1692792950.38
26.03 29.88 44.00 1692792950.48
26.18 30.14 44.00 1692792950.58
26.42 30.28 43.00 1692792950.68
26.81 30.56 42.00 1692792950.78
27.33 31.10 42.00 1692792950.88
27.47 31.40 42.00 1692792950.98
27.26 31.11 42.00 1692792951.08
26.88 30.32 40.00 1692792951.18
26.66 29.68 38.00 1692792951.28
26.79 29.44 36.00 1692792951.38
26.27 28.81 36.00 1692792951.48
22.60 27.03 36.00 1692792951.58
16.38 14.99 36.00 1692792951.68
12.73 10.16 36.00 1692792951.78
10.89 6.74 36.00 1692792951.88
8.84 4.57 36.00 1692792951.98
7.15 3.40 36.00 1692792952.08
5.90 2.49 36.00 1692792952.18
4.97 2.01 36.00 1692792952.28
4.72 2.05 36.00 1692792952.38
5.34 10.01 36.00 1692792952.79
11.17 9.34 36.00 1692792952.89
10.31 6.33 36.00 1692792952.98
7.33 3.27 36.00 1692792953.07
4.58 1.82 36.00 1692792953.17
3.15 1.49 36.00 1692792953.26
2.40 1.54 36.00 1692792953.35
2.07 2.27 36.00 1692792953.44
2.48 3.06 36.00 1692792953.54
2.97 3.02 36.00 1692792953.63
2.69 2.01 36.00 1692792953.72
1.93 1.13 36.00 1692792953.81
1.52 0.89 36.00 1692792953.91
1.82 1.11 36.00 1692792954.00
2.36 1.46 36.00 1692792954.09
2.98 1.66 36.00 1692792954.19
3.43 1.65 36.00 1692792954.29
3.24 1.25 37.00 1692792954.39
2.36 0.63 53.00 1692792954.49
1.30 0.20 65.00 1692792954.59
0.71 0.13 77.00 1692792954.69
0.56 0.13 86.00 1692792954.79
0.52 0.13 92.00 1692792954.89
0.44 0.13 95.00 1692792954.99
0.35 0.13 95.00 1692792955.09
0.37 0.13 96.00 1692792955.19
0.38 0.13 96.00 1692792955.29
0.47 0.13 96.00 1692792955.39
0.59 0.13 96.00 1692792955.49
0.59 0.14 96.00 1692792955.59
0.47 0.14 96.00 1692792955.69
0.30 0.14 96.00 1692792955.79
0.34 0.13 96.00 1692792955.89
0.64 0.13 96.00 1692792955.99
1.23 0.14 96.00 1692792956.09
2.38 0.46 92.00 1692792956.19
3.13 1.16 92.00 1692792956.29
3.06 1.25 92.00 1692792956.39
2.48 0.94 92.00 1692792956.49
2.05 0.60 92.00 1692792956.59
2.20 0.65 92.00 1692792956.69
2.23 0.56 92.00 1692792956.79
2.16 0.73 92.00 1692792956.89
2.02 1.00 92.00 1692792956.99
1.94 1.36 92.00 1692792957.09
2.11 1.66 92.00 1692792957.19
2.41 1.69 92.00 1692792957.29
3.01 1.44 92.00 1692792957.39
4.09 0.95 92.00 1692792957.49
4.83 0.43 92.00 1692792957.59
4.63 0.18 92.00 1692792957.69
3.88 0.26 92.00 1692792957.80
2.64 0.88 92.00 1692792957.90
1.00 1.17 92.00 1692792958.00
0.17 0.53 92.00 1692792958.10
0.10 0.25 92.00 1692792958.20
0.37 0.33 92.00 1692792958.30
1.22 0.39 92.00 1692792958.40
2.72 0.23 92.00 1692792958.50
3.81 0.13 92.00 1692792958.60
4.07 0.13 92.00 1692792958.70
3.70 0.13 92.00 1692792958.80
2.86 0.17 92.00 1692792958.90
1.50 1.27 92.00 1692792959.00
0.51 1.35 92.00 1692792959.10
1.61 0.95 92.00 1692792959.54
1.73 1.03 92.00 1692792959.65
1.83 1.08 92.00 1692792959.75
1.82 1.10 92.00 1692792959.85
1.56 1.07 92.00 1692792959.95
1.63 1.03 92.00 1692792960.05
1.92 1.01 92.00 1692792960.15
2.29 1.07 92.00 1692792960.25
2.76 1.38 92.00 1692792960.35
3.25 1.93 92.00 1692792960.45
3.53 2.34 92.00 1692792960.55
48.62 2.42 92.00 1692792960.65
2.90 1.77 92.00 1692792961.09
3.31 2.12 91.00 1692792961.19
3.52 2.45 92.00 1692792961.29
3.53 2.67 91.00 1692792961.39
3.57 3.06 91.00 1692792961.49
3.79 3.30 91.00 1692792961.59
4.22 3.53 91.00 1692792961.69
4.71 3.81 91.00 1692792961.79
5.04 4.16 90.00 1692792961.90
5.22 4.46 89.00 1692792962.00
5.53 4.79 88.00 1692792962.10
5.93 5.16 88.00 1692792962.20
6.36 5.58 87.00 1692792962.30
6.78 6.11 86.00 1692792962.40
6.90 6.46 86.00 1692792962.50
6.84 6.53 85.00 1692792962.60
6.90 6.64 84.00 1692792962.70
7.27 7.15 83.00 1692792962.80
7.97 7.94 83.00 1692792962.90
8.47 8.59 82.00 1692792963.00
8.59 8.93 81.00 1692792963.10
8.70 9.34 80.00 1692792963.20
8.76 9.73 79.00 1692792963.30
8.92 10.16 78.00 1692792963.40
9.19 10.57 76.00 1692792963.50
9.94 11.30 76.00 1692792963.60
11.03 12.49 75.00 1692792963.70
11.50 13.66 74.00 1692792963.80
11.40 14.27 72.00 1692792963.90
11.22 14.16 72.00 1692792964.00
11.36 14.47 70.00 1692792964.10
11.69 14.95 70.00 1692792964.20
11.87 15.28 70.00 1692792964.30
12.03 15.54 69.00 1692792964.40
12.36 15.75 68.00 1692792964.50
13.09 16.46 68.00 1692792964.60
13.91 17.57 67.00 1692792964.70
14.06 18.10 65.00 1692792964.80
13.90 18.07 65.00 1692792964.90
13.89 18.18 64.00 1692792965.00
14.13 18.21 63.00 1692792965.10
14.77 18.75 61.00 1692792965.20
15.78 19.54 62.00 1692792965.30
16.97 20.81 62.00 1692792965.40
17.58 21.88 62.00 1692792965.50
17.66 22.46 61.00 1692792965.60
17.02 22.15 60.00 1692792965.70
16.32 21.32 60.00 1692792965.80
16.63 21.45 59.00 1692792965.90
17.17 21.77 59.00 1692792966.00
17.69 22.23 58.00 1692792966.11
18.15 23.04 57.00 1692792966.21
18.67 23.82 56.00 1692792966.31
19.04 25.22 56.00 1692792966.41
19.09 25.25 55.00 1692792966.51
19.09 25.04 55.00 1692792966.61
19.17 24.97 55.00 1692792966.71
19.24 24.73 55.00 1692792966.81
19.43 24.46 55.00 1692792966.91
19.77 24.59 54.00 1692792967.01
19.73 24.52 53.00 1692792967.11
19.97 24.02 53.00 1692792967.21
21.01 24.78 53.00 1692792967.31
21.96 26.37 53.00 1692792967.41
22.27 27.34 52.00 1692792967.51
22.33 27.33 52.00 1692792967.61
22.48 27.21 52.00 1692792967.71
22.40 26.87 51.00 1692792967.81
22.03 26.21 51.00 1692792967.91
21.90 26.09 51.00 1692792968.01
21.83 26.10 51.00 1692792968.11
21.98 25.99 50.00 1692792968.21
22.71 26.59 49.00 1692792968.31
23.74 27.53 49.00 1692792968.41
24.60 28.63 48.00 1692792968.51
24.94 29.24 48.00 1692792968.61
24.99 29.35 48.00 1692792968.71
25.08 29.29 48.00 1692792968.81
25.14 29.23 48.00 1692792968.91
24.98 29.16 48.00 1692792969.01
24.59 28.92 48.00 1692792969.11
24.30 28.66 47.00 1692792969.21
24.46 28.68 46.00 1692792969.31
24.85 29.06 45.00 1692792969.41
25.29 29.59 45.00 1692792969.51
25.72 30.21 45.00 1692792969.61
26.09 30.63 45.00 1692792969.71
26.21 30.77 45.00 1692792969.81
26.20 30.66 44.00 1692792969.91
26.04 30.42 43.00 1692792970.01
26.09 30.71 43.00 1692792970.11
26.40 31.29 42.00 1692792970.21
26.77 31.84 41.00 1692792970.31
27.22 32.30 41.00 1692792970.41
27.71 32.63 40.00 1692792970.51
28.16 32.96 39.00 1692792970.61
28.38 33.39 39.00 1692792970.72
28.30 33.52 39.00 1692792970.82
28.12 32.89 38.00 1692792970.92
27.96 31.56 36.00 1692792971.02
27.91 30.16 34.00 1692792971.12
27.73 28.61 31.00 1692792971.22
26.90 27.66 31.00 1692792971.32
23.99 24.55 29.00 1692792971.42
18.04 18.22 28.00 1692792971.52
12.88 11.31 28.00 1692792971.62
8.56 6.78 28.00 1692792971.72
5.37 3.91 28.00 1692792971.82
3.43 2.15 28.00 1692792971.92
2.43 1.11 28.00 1692792972.02
2.13 0.47 28.00 1692792972.12
2.29 0.63 28.00 1692792972.22
2.55 1.10 28.00 1692792972.32
2.75 1.63 28.00 1692792972.42
2.81 1.91 28.00 1692792972.52
2.76 1.94 28.00 1692792972.62
2.62 2.00 28.00 1692792972.72
2.30 1.99 28.00 1692792972.82
2.18 1.66 28.00 1692792972.92
1.95 1.21 28.00 1692792973.02
1.59 0.78 28.00 1692792973.12
1.10 0.74 28.00 1692792973.22
0.74 0.71 28.00 1692792973.32
0.51 0.58 28.00 1692792973.42
0.38 0.42 28.00 1692792973.52
0.20 0.18 28.00 1692792973.62
0.10 0.13 28.00 1692792973.72
0.09 0.09 28.00 1692792973.82
0.13 0.04 28.00 1692792973.92
0.14 0.02 29.00 1692792974.02
0.18 0.26 43.00 1692792974.12
0.37 0.21 63.00 1692792974.22
0.45 0.03 87.00 1692792974.32
0.28 0.11 96.00 1692792974.42
0.20 0.11 96.00 1692792974.52
0.19 0.11 95.00 1692792974.62
0.13 0.11 94.00 1692792974.72
0.10 0.11 94.00 1692792974.82
0.08 0.12 94.00 1692792974.92
0.07 0.12 94.00 1692792975.03
0.04 0.12 94.00 1692792975.13
0.02 0.12 94.00 1692792975.23
0.03 0.12 94.00 1692792975.33
0.06 0.12 94.00 1692792975.43
0.06 0.12 94.00 1692792975.53
0.07 0.11 94.00 1692792975.63
0.08 0.12 94.00 1692792975.73
0.08 0.12 94.00 1692792975.83
0.08 0.12 94.00 1692792975.93
0.09 0.12 94.00 1692792976.03
0.11 0.13 94.00 1692792976.13
0.13 0.12 94.00 1692792976.23
0.28 0.13 94.00 1692792976.33
0.36 0.13 94.00 1692792976.43
0.16 0.13 94.00 1692792976.53
0.09 0.13 94.00 1692792976.63
0.08 0.13 94.00 1692792976.73
0.07 0.14 94.00 1692792976.83
0.06 0.19 94.00 1692792976.93
0.02 0.33 94.00 1692792977.03
0.04 0.48 94.00 1692792977.13
0.13 0.32 94.00 1692792977.23
0.20 0.18 94.00 1692792977.33
0.25 0.13 94.00 1692792977.43
0.25 0.09 94.00 1692792977.53
0.22 0.08 94.00 1692792977.63
0.18 0.08 94.00 1692792977.73
0.14 0.09 94.00 1692792977.83
0.09 0.13 94.00 1692792977.93
0.05 0.17 94.00 1692792978.03
0.01 0.13 94.00 1692792978.13
0.03 0.05 94.00 1692792978.23
0.06 0.05 94.00 1692792978.64
0.15 0.07 94.00 1692792978.74
0.18 0.07 94.00 1692792978.83
0.21 0.07 94.00 1692792978.92
0.24 0.08 94.00 1692792979.01
0.23 0.08 94.00 1692792979.11
0.19 0.07 94.00 1692792979.20
0.16 0.05 94.00 1692792979.29
0.13 0.05 93.00 1692792979.71
0.05 0.06 93.00 1692792979.80
0.06 0.06 93.00 1692792979.89
0.07 0.05 93.00 1692792979.98
0.09 0.04 93.00 1692792980.08
0.09 0.04 93.00 1692792980.17
0.08 0.03 93.00 1692792980.26
0.07 0.01 93.00 1692792980.35
0.06 0.01 93.00 1692792980.45
0.05 0.00 93.00 1692792980.54
0.05 0.01 93.00 1692792980.63
0.05 0.03 93.00 1692792980.72
0.06 0.04 93.00 1692792980.82
0.06 0.03 93.00 1692792980.91
0.08 0.03 93.00 1692792981.00
0.08 23.97 93.00 1692792981.09
0.07 0.04 93.00 1692792981.50
0.04 0.06 93.00 1692792981.60
0.03 0.07 93.00 1692792981.69
0.04 0.07 93.00 1692792981.78
0.03 0.08 93.00 1692792981.88
0.01 0.09 93.00 1692792981.97
0.02 0.08 93.00 1692792982.06
0.03 0.05 93.00 1692792982.15
0.04 0.01 93.00 1692792982.25
0.06 0.03 93.00 1692792982.34
0.05 0.04 93.00 1692792982.43
0.07 0.01 93.00 1692792982.52
0.12 0.02 93.00 1692792982.62
0.14 0.05 93.00 1692792982.71
0.10 0.06 93.00 1692792982.80
0.07 0.07 93.00 1692792982.89
0.07 0.07 93.00 1692792982.99
0.08 0.07 93.00 1692792983.08
0.07 0.07 93.00 1692792983.17
