0.12 0.59 92.00 1692966592.43
0.12 0.88 92.00 1692966592.51
0.12 0.80 92.00 1692966592.61
0.11 0.53 92.00 1692966592.71
0.11 0.42 92.00 1692966592.81
0.12 0.52 92.00 1692966592.91
0.12 0.65 92.00 1692966593.01
0.12 0.87 92.00 1692966593.11
0.12 1.05 92.00 1692966593.21
0.13 1.14 92.00 1692966593.31
0.15 1.17 92.00 1692966593.41
0.15 1.19 92.00 1692966593.51
0.12 1.10 92.00 1692966593.61
0.12 0.88 92.00 1692966593.71
0.12 0.80 92.00 1692966593.81
0.14 0.92 92.00 1692966593.91
0.23 1.48 92.00 1692966594.01
0.25 1.49 92.00 1692966594.11
0.17 4.13 92.00 1692966594.53
1.63 5.12 92.00 1692966594.62
7.36 3.58 92.00 1692966595.00
6.95 4.21 92.00 1692966595.10
6.12 5.13 92.00 1692966595.20
5.45 6.50 92.00 1692966595.30
4.68 7.74 92.00 1692966595.40
4.12 8.48 92.00 1692966595.50
4.09 9.14 92.00 1692966595.60
4.69 10.23 91.00 1692966595.70
5.28 11.56 91.00 1692966595.80
5.33 11.56 91.00 1692966595.90
5.13 10.82 91.00 1692966596.00
4.93 9.99 91.00 1692966596.10
4.87 10.25 91.00 1692966596.20
4.92 10.60 90.00 1692966596.31
5.20 11.43 89.00 1692966596.41
5.86 12.97 88.00 1692966596.51
6.84 14.74 88.00 1692966596.61
7.53 15.95 87.00 1692966596.71
7.74 16.30 86.00 1692966596.81
7.84 16.47 85.00 1692966596.91
8.09 16.98 85.00 1692966597.01
8.39 17.82 84.00 1692966597.11
8.54 18.26 81.00 1692966597.21
8.87 19.39 81.00 1692966597.31
9.59 20.61 81.00 1692966597.41
10.26 21.30 80.00 1692966597.51
10.54 21.46 79.00 1692966597.61
10.65 21.27 78.00 1692966597.71
10.94 20.93 77.00 1692966597.81
11.80 21.29 77.00 1692966597.91
12.69 22.03 75.00 1692966598.01
12.86 21.96 75.00 1692966598.11
13.06 21.72 74.00 1692966598.21
13.24 21.62 73.00 1692966598.31
13.60 21.28 72.00 1692966598.41
14.41 21.82 71.00 1692966598.51
15.66 22.83 70.00 1692966598.61
16.73 23.57 69.00 1692966598.71
17.34 24.18 67.00 1692966598.81
17.72 24.73 66.00 1692966598.91
17.77 24.67 65.00 1692966599.01
17.90 24.38 65.00 1692966599.11
18.17 23.96 65.00 1692966599.21
18.70 23.93 63.00 1692966599.31
19.12 23.88 62.00 1692966599.41
19.73 23.77 62.00 1692966599.51
20.49 24.41 62.00 1692966599.61
21.01 25.96 61.00 1692966599.71
21.19 26.13 60.00 1692966599.81
21.16 47.73 60.00 1692966599.91
21.21 25.97 57.00 1692966600.33
21.82 26.24 56.00 1692966600.42
21.99 26.77 55.00 1692966600.51
22.34 27.23 55.00 1692966600.60
22.68 27.61 54.00 1692966600.70
23.10 27.97 53.00 1692966600.79
23.44 28.30 53.00 1692966600.88
23.71 28.53 52.00 1692966600.97
23.91 28.85 53.00 1692966601.07
24.24 29.13 51.00 1692966601.16
24.56 29.33 51.00 1692966601.25
24.77 29.41 50.00 1692966601.34
25.07 29.68 50.00 1692966601.44
25.52 30.06 49.00 1692966601.53
25.89 30.58 49.00 1692966601.62
26.48 31.41 48.00 1692966601.72
27.13 32.03 48.00 1692966601.82
27.62 32.66 48.00 1692966601.92
27.67 32.99 48.00 1692966602.02
27.53 32.81 48.00 1692966602.12
27.52 32.67 47.00 1692966602.22
27.59 32.58 47.00 1692966602.32
27.76 32.64 47.00 1692966602.42
27.88 32.72 46.00 1692966602.52
28.06 32.72 45.00 1692966602.62
28.42 32.86 45.00 1692966602.72
28.82 33.16 45.00 1692966602.82
29.13 33.94 44.00 1692966602.92
29.36 34.37 43.00 1692966603.02
29.53 34.64 43.00 1692966603.12
29.66 34.82 43.00 1692966603.22
29.79 35.07 42.00 1692966603.32
29.73 35.08 42.00 1692966603.42
29.76 35.03 42.00 1692966603.52
29.96 35.11 41.00 1692966603.62
30.22 35.35 41.00 1692966603.72
30.27 35.48 41.00 1692966603.83
30.16 35.27 40.00 1692966603.93
30.34 35.06 39.00 1692966604.03
30.67 35.32 38.00 1692966604.13
30.69 35.32 37.00 1692966604.23
30.10 34.65 36.00 1692966604.33
28.99 33.20 35.00 1692966604.43
27.64 31.29 32.00 1692966604.53
25.54 28.83 29.00 1692966604.63
21.07 25.12 24.00 1692966604.73
15.12 20.24 21.00 1692966604.83
11.02 15.56 20.00 1692966604.93
8.26 11.34 19.00 1692966605.03
6.70 7.95 19.00 1692966605.13
6.16 6.11 19.00 1692966605.23
5.99 5.03 19.00 1692966605.33
5.92 4.91 19.00 1692966605.43
6.12 5.12 19.00 1692966605.53
7.15 6.15 19.00 1692966605.63
10.02 8.97 19.00 1692966605.73
15.01 13.80 19.00 1692966605.83
17.70 17.72 19.00 1692966605.93
16.32 18.65 19.00 1692966606.03
12.55 16.62 19.00 1692966606.13
8.89 12.71 19.00 1692966606.23
6.20 10.04 19.00 1692966606.33
4.05 7.77 19.00 1692966606.43
2.62 3.61 19.00 1692966606.53
1.38 2.15 19.00 1692966606.63
0.77 1.21 19.00 1692966606.73
0.58 0.92 19.00 1692966606.83
0.49 0.78 19.00 1692966606.93
0.41 0.51 19.00 1692966607.03
0.45 0.50 19.00 1692966607.13
0.55 0.77 19.00 1692966607.23
0.71 1.11 19.00 1692966607.33
1.03 1.52 29.00 1692966607.43
1.46 1.99 61.00 1692966607.53
2.04 2.56 82.00 1692966607.64
2.40 3.64 83.00 1692966607.74
2.51 3.67 96.00 1692966607.84
2.55 3.61 96.00 1692966607.94
2.69 3.72 96.00 1692966608.04
2.78 3.91 96.00 1692966608.14
2.77 4.04 96.00 1692966608.24
2.73 4.17 93.00 1692966608.34
2.67 4.26 90.00 1692966608.44
2.60 4.27 90.00 1692966608.54
2.40 4.32 91.00 1692966608.64
2.31 4.34 91.00 1692966608.74
2.41 4.14 91.00 1692966608.84
2.50 2.95 91.00 1692966608.94
3.05 2.19 91.00 1692966609.04
4.30 1.29 91.00 1692966609.14
5.08 1.04 91.00 1692966609.24
5.57 1.47 91.00 1692966609.34
6.54 2.34 91.00 1692966609.44
7.11 4.40 91.00 1692966609.54
6.01 6.24 91.00 1692966609.64
4.35 7.47 91.00 1692966609.74
2.99 7.41 91.00 1692966609.84
2.35 6.04 91.00 1692966609.94
3.23 5.40 91.00 1692966610.04
4.36 5.05 91.00 1692966610.14
5.89 4.45 91.00 1692966610.24
7.07 3.99 91.00 1692966610.34
6.73 3.25 91.00 1692966610.44
5.59 3.34 91.00 1692966610.54
4.80 3.53 91.00 1692966610.64
5.48 3.71 91.00 1692966610.74
5.63 3.60 90.00 1692966610.84
5.28 3.70 90.00 1692966610.94
5.51 4.51 90.00 1692966611.04
5.92 5.88 90.00 1692966611.14
6.21 7.76 90.00 1692966611.24
6.16 9.20 90.00 1692966611.34
5.97 9.13 90.00 1692966611.45
5.97 8.94 90.00 1692966611.55
6.05 8.77 90.00 1692966611.65
6.01 8.50 90.00 1692966611.75
5.94 8.40 90.00 1692966611.85
5.79 8.32 90.00 1692966611.95
5.62 8.06 90.00 1692966612.05
5.65 7.87 90.00 1692966612.15
5.69 7.78 90.00 1692966612.25
5.65 7.61 90.00 1692966612.35
5.63 7.45 90.00 1692966612.45
5.63 7.55 90.00 1692966612.55
5.63 7.63 90.00 1692966612.65
5.85 8.06 90.00 1692966612.75
6.63 9.30 89.00 1692966612.85
7.76 11.11 88.00 1692966612.95
8.49 12.54 87.00 1692966613.05
8.87 13.31 86.00 1692966613.15
9.37 14.14 85.00 1692966613.25
9.81 15.07 84.00 1692966613.35
10.13 15.52 83.00 1692966613.45
10.30 15.65 81.00 1692966613.55
10.48 15.59 81.00 1692966613.65
10.99 16.49 79.00 1692966613.75
11.97 17.63 78.00 1692966613.85
12.84 18.72 77.00 1692966613.95
13.02 18.99 77.00 1692966614.05
13.28 19.27 76.00 1692966614.15
13.66 19.72 75.00 1692966614.25
13.85 19.79 74.00 1692966614.35
14.21 19.94 72.00 1692966614.45
14.51 20.37 71.00 1692966614.55
14.80 20.89 70.00 1692966614.65
15.18 21.31 68.00 1692966614.75
16.01 21.45 68.00 1692966614.85
17.04 22.46 67.00 1692966614.95
17.73 22.77 65.00 1692966615.05
18.53 23.78 64.00 1692966615.15
19.08 24.75 64.00 1692966615.26
19.27 25.29 63.00 1692966615.36
19.73 25.91 63.00 1692966615.46
20.02 26.26 62.00 1692966615.56
19.77 25.88 62.00 1692966615.66
19.48 25.28 62.00 1692966615.76
19.43 25.37 62.00 1692966615.86
19.48 25.90 62.00 1692966615.96
19.99 26.08 62.00 1692966616.06
20.62 26.08 61.00 1692966616.16
20.80 25.46 60.00 1692966616.26
21.19 25.52 60.00 1692966616.36
22.08 26.37 59.00 1692966616.46
22.73 27.12 59.00 1692966616.56
23.18 27.64 59.00 1692966616.66
23.26 27.65 58.00 1692966616.76
23.43 27.58 57.00 1692966616.86
23.78 27.86 55.00 1692966616.96
23.94 27.93 54.00 1692966617.06
24.44 28.14 53.00 1692966617.16
25.10 28.60 53.00 1692966617.26
25.87 29.75 52.00 1692966617.36
26.43 30.27 51.00 1692966617.46
26.58 30.49 51.00 1692966617.56
26.88 31.00 50.00 1692966617.66
27.28 31.61 50.00 1692966617.76
27.60 32.02 49.00 1692966617.86
27.85 32.16 49.00 1692966617.96
28.12 32.17 49.00 1692966618.06
28.44 32.37 49.00 1692966618.16
28.87 32.53 49.00 1692966618.26
29.11 32.79 49.00 1692966618.36
29.14 33.06 49.00 1692966618.46
29.06 32.65 48.00 1692966618.56
28.98 32.25 47.00 1692966618.66
28.84 31.77 46.00 1692966618.76
28.76 31.52 45.00 1692966618.86
28.92 31.38 45.00 1692966618.97
31.53 34.37 42.00 1692966619.41
31.20 34.39 42.00 1692966619.51
30.66 33.72 41.00 1692966619.61
30.05 32.78 40.00 1692966619.71
29.65 31.72 38.00 1692966619.81
29.22 30.37 36.00 1692966619.91
