0.00 0.02 89.00 1692715631.65
0.00 0.02 89.00 1692715631.73
0.00 0.02 89.00 1692715631.83
0.00 0.01 89.00 1692715631.93
0.00 0.02 89.00 1692715632.03
0.00 0.02 89.00 1692715632.13
0.00 0.02 89.00 1692715632.23
0.01 0.02 89.00 1692715632.33
0.01 0.02 89.00 1692715632.43
0.00 0.02 89.00 1692715632.53
0.01 0.02 89.00 1692715632.63
0.00 0.02 89.00 1692715632.73
0.00 0.02 89.00 1692715632.83
0.00 0.02 89.00 1692715632.93
0.01 0.02 89.00 1692715633.03
0.01 0.02 89.00 1692715633.13
0.00 0.01 89.00 1692715633.23
0.00 0.00 89.00 1692715633.33
0.00 0.02 89.00 1692715633.43
0.01 0.03 89.00 1692715633.53
0.01 0.03 89.00 1692715633.63
0.01 0.03 89.00 1692715633.73
0.03 0.04 89.00 1692715633.83
0.22 0.15 89.00 1692715633.93
1.05 0.87 89.00 1692715634.03
2.01 2.03 88.00 1692715634.13
1.08 2.24 88.00 1692715634.23
0.50 0.32 88.00 1692715634.33
0.69 0.32 88.00 1692715634.43
0.60 0.22 88.00 1692715634.53
1.24 0.46 88.00 1692715634.64
2.58 1.41 88.00 1692715634.74
3.72 2.55 88.00 1692715634.84
4.19 3.24 87.00 1692715634.94
4.41 3.89 85.00 1692715635.04
5.13 4.48 83.00 1692715635.14
6.72 5.55 83.00 1692715635.24
7.64 6.94 81.00 1692715635.34
7.29 7.63 80.00 1692715635.44
7.65 7.57 80.00 1692715635.54
8.58 8.01 79.00 1692715635.64
8.90 8.46 79.00 1692715635.74
8.88 8.94 76.00 1692715635.84
9.33 9.52 75.00 1692715635.94
10.16 10.35 73.00 1692715636.04
10.78 11.18 73.00 1692715636.14
12.24 12.35 73.00 1692715636.24
12.92 13.48 72.00 1692715636.34
13.10 14.20 70.00 1692715636.44
13.33 14.93 68.00 1692715636.54
13.66 15.52 66.00 1692715636.64
14.40 18.18 66.00 1692715636.74
15.50 19.23 65.00 1692715636.84
15.56 19.48 64.00 1692715636.94
16.00 20.63 62.00 1692715637.04
16.33 21.52 62.00 1692715637.14
16.72 22.09 61.00 1692715637.24
16.13 21.70 60.00 1692715637.34
16.56 21.69 60.00 1692715637.44
17.45 22.44 60.00 1692715637.54
17.72 23.11 58.00 1692715637.64
17.09 22.84 56.00 1692715637.74
17.72 22.29 54.00 1692715637.84
18.84 25.66 53.00 1692715637.94
20.18 27.21 52.00 1692715638.04
21.03 27.76 51.00 1692715638.14
21.63 27.40 49.00 1692715638.25
22.40 27.35 47.00 1692715638.35
22.97 28.24 45.00 1692715638.45
23.17 28.88 45.00 1692715638.55
24.17 29.44 43.00 1692715638.65
24.09 29.74 42.00 1692715638.75
24.42 31.07 35.00 1692715639.16
26.69 31.57 32.00 1692715639.25
27.46 32.36 28.00 1692715639.34
28.77 33.12 24.00 1692715639.44
29.86 33.20 21.00 1692715639.53
29.06 32.60 19.00 1692715639.62
26.99 31.19 14.00 1692715639.71
24.62 26.11 8.00 1692715639.81
19.48 18.60 0.00 1692715639.90
12.97 15.04 0.00 1692715639.99
10.11 13.74 0.00 1692715640.08
7.40 10.73 0.00 1692715640.18
5.11 8.20 0.00 1692715640.27
5.06 7.42 0.00 1692715640.36
3.25 5.99 0.00 1692715640.45
1.82 4.42 0.00 1692715640.55
1.09 3.17 0.00 1692715640.65
0.44 2.15 0.00 1692715640.75
0.12 1.46 0.00 1692715640.85
0.04 1.10 0.00 1692715640.95
0.05 0.75 0.00 1692715641.05
0.06 0.38 0.00 1692715641.15
0.10 0.17 0.00 1692715641.25
0.16 0.11 0.00 1692715641.35
0.26 0.13 0.00 1692715641.45
0.44 0.34 0.00 1692715641.55
0.75 0.65 0.00 1692715641.65
1.11 0.99 5.00 1692715641.76
1.28 1.18 28.00 1692715641.86
1.50 1.40 47.00 1692715641.96
1.72 1.49 70.00 1692715642.06
1.81 1.25 89.00 1692715642.16
1.99 1.17 96.00 1692715642.26
2.27 0.96 96.00 1692715642.36
2.54 0.81 96.00 1692715642.46
2.84 0.70 96.00 1692715642.56
3.10 0.51 96.00 1692715642.66
3.06 0.42 96.00 1692715642.76
3.13 0.33 95.00 1692715642.86
2.97 0.14 95.00 1692715642.96
2.82 0.11 92.00 1692715643.06
2.86 0.09 92.00 1692715643.16
2.47 0.07 92.00 1692715643.26
2.19 0.10 92.00 1692715643.36
1.81 0.14 92.00 1692715643.46
1.63 0.14 92.00 1692715643.56
1.56 0.05 92.00 1692715643.97
1.33 0.15 92.00 1692715644.06
1.31 0.41 92.00 1692715644.16
1.32 0.49 92.00 1692715644.25
1.41 0.39 92.00 1692715644.34
1.19 0.17 92.00 1692715644.43
0.99 191.93 92.00 1692715644.53
0.86 0.02 93.00 1692715644.94
0.15 0.01 92.00 1692715645.03
0.32 0.02 92.00 1692715645.12
0.58 0.04 92.00 1692715645.22
0.30 0.04 92.00 1692715645.31
0.05 0.04 92.00 1692715645.40
0.02 0.04 92.00 1692715645.49
0.01 0.04 92.00 1692715645.59
0.02 0.03 92.00 1692715645.68
0.00 0.02 92.00 1692715645.77
0.01 0.02 92.00 1692715645.87
0.09 0.02 92.00 1692715645.97
0.13 0.01 92.00 1692715646.07
0.16 0.01 92.00 1692715646.17
0.31 0.03 92.00 1692715646.27
0.58 0.04 92.00 1692715646.37
0.60 0.08 92.00 1692715646.47
0.64 0.17 92.00 1692715646.57
0.65 0.11 92.00 1692715646.67
0.55 0.09 92.00 1692715646.77
0.48 0.08 92.00 1692715646.87
0.47 0.04 92.00 1692715646.97
0.47 0.04 92.00 1692715647.07
0.40 0.04 92.00 1692715647.17
0.31 0.04 92.00 1692715647.27
0.25 0.03 92.00 1692715647.37
0.26 0.03 92.00 1692715647.47
0.43 0.04 92.00 1692715647.57
0.67 0.04 92.00 1692715647.67
0.77 0.04 92.00 1692715647.77
0.89 0.04 92.00 1692715647.87
1.13 0.04 92.00 1692715647.97
1.52 0.05 92.00 1692715648.07
2.22 0.12 92.00 1692715648.17
2.89 1.25 92.00 1692715648.27
3.24 1.97 92.00 1692715648.37
3.53 2.61 92.00 1692715648.47
3.87 3.63 92.00 1692715648.57
4.22 4.60 92.00 1692715648.67
4.54 5.23 92.00 1692715648.77
5.02 5.80 92.00 1692715648.87
5.45 6.34 90.00 1692715648.97
5.96 6.94 89.00 1692715649.07
6.53 7.73 88.00 1692715649.18
7.21 8.55 87.00 1692715649.28
8.12 9.49 87.00 1692715649.38
8.41 10.39 86.00 1692715649.48
8.73 10.97 85.00 1692715649.58
9.67 12.20 85.00 1692715649.68
10.25 13.17 84.00 1692715649.78
10.48 13.64 84.00 1692715649.88
10.50 13.74 84.00 1692715649.98
9.66 13.25 84.00 1692715650.08
8.39 12.29 84.00 1692715650.18
7.47 11.29 85.00 1692715650.28
7.42 10.79 84.00 1692715650.38
7.77 11.32 82.00 1692715650.48
8.42 12.37 81.00 1692715650.58
8.89 14.65 80.00 1692715650.68
9.74 15.93 79.00 1692715650.78
10.38 17.05 78.00 1692715650.88
10.77 17.85 77.00 1692715650.98
11.59 18.64 77.00 1692715651.08
12.02 19.04 77.00 1692715651.18
12.28 18.67 77.00 1692715651.28
12.61 18.35 75.00 1692715651.38
13.21 17.98 75.00 1692715651.48
14.13 18.33 75.00 1692715651.58
14.19 18.60 74.00 1692715651.68
14.60 18.72 74.00 1692715651.78
15.27 18.86 73.00 1692715651.88
15.70 18.82 72.00 1692715651.98
16.18 18.98 71.00 1692715652.08
16.83 19.45 70.00 1692715652.18
17.50 20.10 69.00 1692715652.28
18.36 20.58 69.00 1692715652.38
18.99 20.80 69.00 1692715652.49
18.81 21.29 69.00 1692715652.58
17.93 21.36 67.00 1692715652.69
17.84 21.14 66.00 1692715652.79
18.33 21.58 65.00 1692715652.89
19.29 22.31 65.00 1692715652.99
20.02 23.74 63.00 1692715653.09
19.85 23.48 63.00 1692715653.19
19.73 23.42 62.00 1692715653.29
19.19 23.14 62.00 1692715653.39
19.29 23.35 61.00 1692715653.49
19.63 23.74 61.00 1692715653.59
19.89 24.16 61.00 1692715653.69
19.77 24.42 59.00 1692715653.79
23.34 25.80 53.00 1692715654.23
24.57 27.49 52.00 1692715654.33
24.24 27.46 51.00 1692715654.44
24.47 26.83 51.00 1692715654.53
25.20 27.26 50.00 1692715654.64
25.24 27.61 49.00 1692715654.74
25.14 27.06 48.00 1692715654.84
25.76 27.71 47.00 1692715654.94
26.08 28.00 45.00 1692715655.04
26.45 28.33 44.00 1692715655.14
27.21 29.18 43.00 1692715655.24
27.96 30.30 42.00 1692715655.34
28.47 30.72 41.00 1692715655.44
29.38 31.60 40.00 1692715655.54
29.99 32.12 39.00 1692715655.64
30.51 31.54 37.00 1692715655.74
31.06 30.93 35.00 1692715655.84
30.90 31.26 32.00 1692715655.94
25.63 31.40 28.00 1692715656.04
19.24 23.93 17.00 1692715656.14
16.84 22.81 8.00 1692715656.24
14.70 19.89 0.00 1692715656.34
11.81 16.34 0.00 1692715656.44
8.64 12.89 0.00 1692715656.54
6.35 9.83 0.00 1692715656.64
4.85 7.60 0.00 1692715656.74
4.26 6.17 0.00 1692715656.84
3.60 4.72 0.00 1692715656.94
3.07 3.86 0.00 1692715657.04
2.41 3.28 0.00 1692715657.14
1.87 2.51 0.00 1692715657.24
1.46 1.54 0.00 1692715657.34
0.81 1.11 0.00 1692715657.44
0.31 0.81 0.00 1692715657.54
0.06 0.77 0.00 1692715657.64
0.00 0.70 0.00 1692715657.74
0.01 0.61 0.00 1692715657.84
0.02 0.50 19.00 1692715657.94
0.04 0.64 27.00 1692715658.04
0.03 0.93 34.00 1692715658.14
0.02 0.90 41.00 1692715658.25
0.01 0.85 45.00 1692715658.35
0.01 0.92 51.00 1692715658.45
0.00 1.34 55.00 1692715658.55
0.05 1.87 63.00 1692715658.65
0.32 2.10 70.00 1692715658.75
0.73 2.11 77.00 1692715658.85
1.01 2.23 83.00 1692715658.95
1.36 2.29 89.00 1692715659.05
1.78 2.40 96.00 1692715659.15
2.83 1.53 96.00 1692715659.59
2.96 1.37 96.00 1692715659.69
3.00 1.25 96.00 1692715659.79
2.68 1.11 96.00 1692715659.89
2.29 0.92 96.00 1692715660.00
2.19 0.90 96.00 1692715660.10
1.99 0.93 95.00 1692715660.20
1.86 0.79 95.00 1692715660.30
1.82 0.28 95.00 1692715660.40
1.69 0.23 95.00 1692715660.50
1.62 0.35 95.00 1692715660.60
1.67 0.52 95.00 1692715660.70
1.63 0.65 95.00 1692715660.80
1.80 0.66 95.00 1692715660.90
2.07 0.61 95.00 1692715661.00
2.26 0.77 95.00 1692715661.10
2.58 0.81 95.00 1692715661.20
2.55 1.00 95.00 1692715661.30
2.13 1.16 95.00 1692715661.40
1.50 1.09 95.00 1692715661.50
0.82 0.28 95.00 1692715661.60
0.64 0.11 95.00 1692715661.70
0.39 0.06 95.00 1692715661.80
0.39 0.04 95.00 1692715661.90
0.41 0.06 95.00 1692715662.00
0.65 0.23 95.00 1692715662.10
0.49 0.44 95.00 1692715662.20
0.27 0.25 95.00 1692715662.30
0.14 0.08 95.00 1692715662.40
0.09 0.10 95.00 1692715662.50
0.01 0.10 95.00 1692715662.60
0.01 0.04 95.00 1692715662.70
0.01 0.01 95.00 1692715662.80
0.01 0.03 95.00 1692715662.90
0.01 0.02 95.00 1692715663.00
0.01 0.02 95.00 1692715663.10
0.01 0.02 95.00 1692715663.20
0.01 0.02 95.00 1692715663.30
0.01 0.02 95.00 1692715663.40
0.01 0.02 95.00 1692715663.50
0.01 0.02 95.00 1692715663.60
0.01 0.01 95.00 1692715663.71
0.01 0.02 95.00 1692715663.81
0.01 0.02 95.00 1692715663.91
0.01 0.02 95.00 1692715664.01
0.01 0.01 95.00 1692715664.11
0.01 0.01 95.00 1692715664.21
0.01 0.00 94.00 1692715664.31
0.00 0.03 94.00 1692715664.41
0.11 0.04 94.00 1692715664.51
0.99 0.16 94.00 1692715664.61
2.11 1.08 94.00 1692715664.71
2.11 1.47 94.00 1692715664.81
2.01 1.21 94.00 1692715664.91
1.43 1.16 94.00 1692715665.01
1.23 0.55 94.00 1692715665.11
1.27 0.45 94.00 1692715665.21
1.60 0.81 91.00 1692715665.31
2.35 1.52 88.00 1692715665.41
4.45 3.05 87.00 1692715665.51
6.66 5.13 87.00 1692715665.61
7.49 6.57 87.00 1692715665.71
6.95 6.37 87.00 1692715665.81
6.23 5.63 86.00 1692715665.91
6.07 5.29 85.00 1692715666.01
6.05 5.42 84.00 1692715666.11
6.52 5.88 83.00 1692715666.21
7.40 6.90 83.00 1692715666.31
7.57 7.16 81.00 1692715666.41
7.56 7.51 81.00 1692715666.51
7.89 8.17 80.00 1692715666.61
8.36 8.87 80.00 1692715666.71
9.08 9.69 80.00 1692715666.81
9.46 10.65 80.00 1692715666.91
9.94 11.57 79.00 1692715667.01
10.09 11.57 77.00 1692715667.11
10.60 11.45 76.00 1692715667.21
11.27 11.89 76.00 1692715667.32
11.43 12.73 74.00 1692715667.42
10.72 12.62 73.00 1692715667.52
11.42 12.65 71.00 1692715667.62
12.58 13.85 69.00 1692715667.72
13.27 15.35 68.00 1692715667.82
13.46 16.19 65.00 1692715667.92
13.65 16.40 64.00 1692715668.02
14.83 16.75 63.00 1692715668.12
15.93 17.44 62.00 1692715668.22
16.67 17.64 62.00 1692715668.32
17.45 17.29 61.00 1692715668.42
18.37 16.87 61.00 1692715668.52
19.91 17.70 59.00 1692715668.62
20.22 20.35 59.00 1692715668.72
19.67 21.01 58.00 1692715668.82
19.34 21.64 58.00 1692715668.92
18.65 21.75 57.00 1692715669.02
18.10 21.46 56.00 1692715669.12
17.90 21.01 54.00 1692715669.22
18.50 20.84 52.00 1692715669.32
19.80 21.74 51.00 1692715669.42
21.56 23.28 50.00 1692715669.52
23.07 24.93 49.00 1692715669.62
23.19 26.43 48.00 1692715669.72
23.72 26.93 46.00 1692715669.82
24.35 27.56 45.00 1692715669.92
24.69 28.26 45.00 1692715670.02
24.48 28.51 44.00 1692715670.12
23.48 27.68 43.00 1692715670.22
23.04 26.34 42.00 1692715670.32
23.53 26.17 40.00 1692715670.42
24.60 26.75 37.00 1692715670.52
26.28 28.36 36.00 1692715670.62
28.49 30.59 34.00 1692715670.72
30.23 32.24 31.00 1692715670.83
30.41 32.72 29.00 1692715670.92
29.86 32.65 28.00 1692715671.02
29.26 32.59 26.00 1692715671.13
28.47 32.11 22.00 1692715671.23
27.20 30.07 19.00 1692715671.33
24.75 26.89 13.00 1692715671.43
20.93 23.65 0.00 1692715671.53
16.70 21.17 0.00 1692715671.63
12.45 19.12 0.00 1692715671.73
8.38 23.95 0.00 1692715671.83
6.02 6.85 0.00 1692715672.24
3.84 4.72 0.00 1692715672.33
2.82 3.54 0.00 1692715672.42
1.80 2.69 0.00 1692715672.52
1.07 1.85 0.00 1692715672.61
0.53 1.20 0.00 1692715672.70
0.26 0.82 0.00 1692715672.79
0.26 0.65 0.00 1692715672.89
0.29 0.48 0.00 1692715672.98
0.13 0.58 0.00 1692715673.07
0.02 0.98 23.00 1692715673.16
0.09 1.17 47.00 1692715673.26
0.39 1.32 67.00 1692715673.35
0.56 1.67 81.00 1692715673.44
0.57 2.08 95.00 1692715673.53
0.85 2.20 95.00 1692715673.63
0.99 1.65 96.00 1692715673.73
0.93 1.09 89.00 1692715673.83
0.63 0.82 89.00 1692715673.93
0.27 0.51 89.00 1692715674.03
0.10 0.23 89.00 1692715674.13
0.02 0.12 89.00 1692715674.23
0.01 0.10 89.00 1692715674.33
0.03 0.05 89.00 1692715674.43
0.02 0.04 89.00 1692715674.53
0.02 0.03 89.00 1692715674.63
0.16 0.03 89.00 1692715674.74
0.40 0.04 89.00 1692715674.83
0.46 0.04 89.00 1692715674.94
0.26 0.03 89.00 1692715675.04
0.09 0.03 89.00 1692715675.14
0.00 0.03 95.00 1692715675.24
0.01 0.01 96.00 1692715675.34
0.03 0.03 96.00 1692715675.44
0.04 0.04 95.00 1692715675.54
0.07 0.04 95.00 1692715675.64
0.09 0.03 95.00 1692715675.74
0.08 0.03 96.00 1692715675.84
0.12 0.03 96.00 1692715675.94
0.20 0.00 96.00 1692715676.04
0.24 0.01 96.00 1692715676.14
0.29 0.01 96.00 1692715676.24
0.32 0.00 96.00 1692715676.34
0.34 0.01 96.00 1692715676.44
0.33 0.02 96.00 1692715676.54
