0.01 0.01 92.00 1692709792.66
0.01 0.33 92.00 1692709792.71
0.01 0.00 91.00 1692709793.11
0.01 0.00 91.00 1692709793.21
0.01 0.00 91.00 1692709793.30
0.01 0.00 91.00 1692709793.39
0.01 0.00 91.00 1692709793.48
0.01 0.00 91.00 1692709793.58
0.01 0.00 91.00 1692709793.67
0.01 0.00 91.00 1692709793.76
0.01 0.00 91.00 1692709793.85
0.01 0.00 91.00 1692709793.94
0.01 0.00 91.00 1692709794.04
0.01 0.00 91.00 1692709794.13
0.01 0.00 91.00 1692709794.22
0.01 0.00 91.00 1692709794.31
0.01 0.00 91.00 1692709794.40
0.01 0.00 91.00 1692709794.50
0.01 0.00 91.00 1692709794.60
0.01 0.00 91.00 1692709794.70
0.02 0.00 91.00 1692709794.80
0.02 0.00 91.00 1692709794.90
0.02 0.00 91.00 1692709795.00
0.02 0.00 91.00 1692709795.10
0.02 0.00 91.00 1692709795.20
0.02 0.00 91.00 1692709795.30
0.02 0.00 91.00 1692709795.40
0.02 0.00 91.00 1692709795.50
0.02 0.00 91.00 1692709795.60
0.02 0.00 91.00 1692709795.70
0.02 0.00 91.00 1692709795.80
0.02 0.00 91.00 1692709795.90
0.02 0.00 91.00 1692709796.00
0.02 0.00 91.00 1692709796.10
0.01 0.00 91.00 1692709796.20
0.02 0.00 91.00 1692709796.30
0.02 0.00 91.00 1692709796.40
0.02 0.00 91.00 1692709796.50
0.02 0.00 91.00 1692709796.60
0.02 0.00 91.00 1692709796.70
0.01 0.00 91.00 1692709796.80
0.02 0.00 91.00 1692709796.90
0.02 0.00 91.00 1692709797.00
0.02 0.00 91.00 1692709797.10
0.01 0.00 91.00 1692709797.20
0.02 0.00 91.00 1692709797.30
0.02 0.00 91.00 1692709797.40
0.01 0.00 91.00 1692709797.50
0.01 0.01 91.00 1692709797.60
0.02 0.00 91.00 1692709797.70
0.02 0.00 91.00 1692709797.80
0.03 0.01 91.00 1692709797.90
0.03 0.01 91.00 1692709798.00
0.02 0.01 91.00 1692709798.10
0.02 0.00 91.00 1692709798.20
0.02 0.00 91.00 1692709798.30
0.02 0.00 91.00 1692709798.40
0.02 0.00 91.00 1692709798.50
0.02 0.00 91.00 1692709798.60
0.02 0.01 91.00 1692709798.70
0.01 0.01 91.00 1692709798.80
0.02 0.00 91.00 1692709798.90
0.02 0.00 91.00 1692709799.00
0.02 0.00 91.00 1692709799.10
0.01 0.00 91.00 1692709799.20
0.02 0.00 91.00 1692709799.30
0.02 0.00 91.00 1692709799.40
0.03 0.00 91.00 1692709799.50
0.03 0.00 91.00 1692709799.60
0.03 0.00 91.00 1692709799.70
0.03 0.00 91.00 1692709799.80
0.02 0.00 91.00 1692709799.90
0.02 0.00 91.00 1692709800.00
0.02 0.00 91.00 1692709800.10
0.02 0.00 91.00 1692709800.20
0.03 0.01 91.00 1692709800.30
0.03 0.00 91.00 1692709800.40
0.03 0.00 91.00 1692709800.50
0.02 0.00 91.00 1692709800.60
0.02 0.00 91.00 1692709800.70
0.03 0.00 91.00 1692709800.80
0.03 0.00 91.00 1692709800.90
0.03 0.00 91.00 1692709801.00
0.02 0.00 91.00 1692709801.10
0.02 0.00 91.00 1692709801.20
0.02 0.33 91.00 1692709801.30
0.02 0.00 91.00 1692709801.71
0.02 0.00 91.00 1692709801.80
0.02 0.00 91.00 1692709801.89
0.02 0.00 91.00 1692709801.98
0.02 0.00 91.00 1692709802.08
0.03 0.00 91.00 1692709802.17
0.02 0.00 91.00 1692709802.26
0.02 0.00 91.00 1692709802.35
0.02 0.00 91.00 1692709802.44
0.02 0.00 91.00 1692709802.54
0.02 0.00 91.00 1692709802.63
0.02 0.00 91.00 1692709802.72
0.03 0.00 91.00 1692709802.81
0.04 0.00 91.00 1692709802.91
0.03 0.00 91.00 1692709803.00
0.03 0.00 91.00 1692709803.10
0.02 0.00 91.00 1692709803.20
0.03 0.00 91.00 1692709803.30
0.02 0.00 91.00 1692709803.40
0.02 0.00 91.00 1692709803.50
0.02 0.01 91.00 1692709803.60
0.02 0.00 91.00 1692709803.70
0.02 0.01 91.00 1692709803.80
0.03 0.01 91.00 1692709803.90
0.03 0.00 91.00 1692709804.00
0.03 0.00 91.00 1692709804.10
0.03 0.00 91.00 1692709804.20
0.03 0.00 91.00 1692709804.30
0.03 0.00 91.00 1692709804.40
0.03 0.01 91.00 1692709804.50
0.02 0.00 91.00 1692709804.60
0.02 0.00 91.00 1692709804.70
0.01 0.00 91.00 1692709804.80
0.02 0.00 91.00 1692709804.90
0.02 0.00 91.00 1692709805.00
0.02 0.00 91.00 1692709805.09
0.01 0.00 91.00 1692709805.19
0.02 0.00 91.00 1692709805.30
0.02 0.00 90.00 1692709805.39
0.02 0.00 90.00 1692709805.49
0.02 0.00 90.00 1692709805.59
0.02 0.00 90.00 1692709805.69
0.02 0.00 90.00 1692709805.79
0.02 0.00 90.00 1692709805.89
0.02 0.00 90.00 1692709805.99
0.03 0.00 90.00 1692709806.09
0.03 0.00 90.00 1692709806.19
0.04 0.00 90.00 1692709806.29
0.04 0.00 90.00 1692709806.39
0.04 0.00 89.00 1692709806.80
0.02 0.00 89.00 1692709806.90
0.02 0.01 89.00 1692709806.99
0.02 0.01 88.00 1692709807.08
0.02 0.00 88.00 1692709807.17
0.02 0.01 88.00 1692709807.27
0.02 0.01 88.00 1692709807.36
0.02 1.83 88.00 1692709807.45
0.02 0.01 87.00 1692709807.86
0.02 0.01 87.00 1692709807.95
0.02 0.01 87.00 1692709808.04
0.02 0.01 87.00 1692709808.14
0.02 0.01 86.00 1692709808.23
0.02 0.01 87.00 1692709808.32
0.02 0.01 86.00 1692709808.41
0.02 0.01 86.00 1692709808.51
0.02 0.00 86.00 1692709808.60
0.02 0.01 86.00 1692709808.69
0.02 0.01 86.00 1692709808.78
0.02 0.01 86.00 1692709808.87
0.01 0.01 86.00 1692709808.97
0.01 0.01 86.00 1692709809.06
0.02 0.01 86.00 1692709809.15
0.02 0.02 85.00 1692709809.24
0.07 0.53 85.00 1692709809.33
0.80 1.01 85.00 1692709809.43
0.62 0.18 85.00 1692709809.52
0.03 0.01 85.00 1692709809.61
0.03 0.01 85.00 1692709809.70
0.03 0.04 85.00 1692709809.80
0.04 0.01 85.00 1692709809.89
0.04 0.01 85.00 1692709809.99
0.04 0.02 85.00 1692709810.09
0.04 0.01 85.00 1692709810.19
0.04 0.02 85.00 1692709810.29
0.04 0.01 85.00 1692709810.39
0.04 0.01 85.00 1692709810.49
0.03 0.01 85.00 1692709810.59
0.02 0.00 85.00 1692709810.69
0.02 0.00 85.00 1692709810.79
0.02 0.00 85.00 1692709810.89
0.02 0.00 85.00 1692709810.99
0.02 0.00 84.00 1692709811.09
0.02 0.00 81.00 1692709811.19
0.02 0.00 81.00 1692709811.29
0.01 0.01 81.00 1692709811.39
0.00 0.04 80.00 1692709811.49
0.00 0.05 80.00 1692709811.59
0.01 0.08 79.00 1692709811.69
0.06 0.21 79.00 1692709811.79
0.18 0.37 78.00 1692709811.89
0.36 0.62 77.00 1692709811.99
0.51 1.02 77.00 1692709812.09
0.51 1.04 76.00 1692709812.19
0.46 0.92 74.00 1692709812.29
0.61 1.45 74.00 1692709812.39
1.16 2.38 74.00 1692709812.49
1.33 2.64 72.00 1692709812.59
1.80 3.07 72.00 1692709812.69
2.67 3.41 72.00 1692709812.79
1.57 2.96 72.00 1692709812.89
1.39 2.57 72.00 1692709812.99
1.60 2.54 71.00 1692709813.09
1.28 2.16 70.00 1692709813.19
1.55 2.54 70.00 1692709813.29
1.71 3.47 69.00 1692709813.39
2.03 4.13 69.00 1692709813.49
3.17 5.29 69.00 1692709813.59
3.23 4.92 69.00 1692709813.69
2.30 3.98 69.00 1692709813.79
1.97 3.51 69.00 1692709813.89
2.12 3.42 68.00 1692709813.99
2.47 3.67 67.00 1692709814.09
2.89 4.50 66.00 1692709814.19
3.01 4.39 65.00 1692709814.29
3.49 4.25 64.00 1692709814.39
4.22 4.80 64.00 1692709814.49
4.72 6.60 64.00 1692709814.59
4.96 6.96 64.00 1692709814.69
4.75 6.64 64.00 1692709814.79
4.60 6.28 64.00 1692709814.89
5.01 6.40 64.00 1692709814.99
4.92 6.16 63.00 1692709815.09
4.51 5.85 62.00 1692709815.19
5.37 6.31 62.00 1692709815.29
6.13 7.33 62.00 1692709815.39
6.19 7.48 62.00 1692709815.49
5.84 7.16 62.00 1692709815.59
5.59 6.95 62.00 1692709815.69
6.00 6.84 61.00 1692709815.79
6.15 7.21 61.00 1692709815.89
6.62 7.63 61.00 1692709815.99
7.83 8.49 60.00 1692709816.09
7.97 9.16 60.00 1692709816.19
7.24 9.33 60.00 1692709816.29
6.95 8.88 60.00 1692709816.39
6.84 8.40 60.00 1692709816.49
6.97 8.05 60.00 1692709816.59
6.90 8.32 60.00 1692709816.69
6.78 8.24 59.00 1692709816.79
6.94 8.17 59.00 1692709816.89
7.26 9.34 59.00 1692709816.99
7.48 9.32 59.00 1692709817.09
7.38 9.14 59.00 1692709817.19
7.50 9.13 59.00 1692709817.29
7.47 9.21 59.00 1692709817.39
7.48 9.34 59.00 1692709817.49
7.49 9.54 58.00 1692709817.59
7.59 9.57 57.00 1692709817.69
7.99 9.88 57.00 1692709817.79
8.33 10.55 57.00 1692709817.89
8.39 10.71 57.00 1692709817.99
8.41 10.59 56.00 1692709818.09
8.84 11.08 56.00 1692709818.19
9.04 11.44 56.00 1692709818.29
8.96 11.32 56.00 1692709818.39
9.20 11.10 55.00 1692709818.49
9.50 11.29 55.00 1692709818.58
9.47 11.57 55.00 1692709818.68
9.60 11.96 55.00 1692709818.78
9.52 12.17 54.00 1692709818.88
9.56 12.10 53.00 1692709818.98
9.93 12.21 53.00 1692709819.08
9.96 12.45 53.00 1692709819.18
10.13 12.99 53.00 1692709819.28
10.30 14.45 53.00 1692709819.38
9.86 13.92 53.00 1692709819.48
9.86 13.56 52.00 1692709819.58
9.99 13.83 52.00 1692709819.68
10.38 14.31 52.00 1692709819.78
11.44 14.95 52.00 1692709819.88
12.32 13.63 52.00 1692709820.29
11.16 12.79 52.00 1692709820.39
11.21 11.94 52.00 1692709820.48
10.55 11.68 52.00 1692709820.57
10.04 12.18 52.00 1692709820.66
9.93 12.73 52.00 1692709820.76
10.13 13.61 51.00 1692709820.85
10.03 14.46 51.00 1692709820.94
10.36 15.72 51.00 1692709821.03
12.02 16.85 51.00 1692709821.12
13.60 17.22 51.00 1692709821.22
13.50 16.20 51.00 1692709821.31
12.32 15.24 51.00 1692709821.40
11.79 14.55 51.00 1692709821.49
11.59 13.70 51.00 1692709821.58
11.46 13.26 51.00 1692709821.68
12.20 13.98 51.00 1692709821.78
13.23 15.40 51.00 1692709821.88
14.27 16.33 51.00 1692709821.98
14.86 16.37 51.00 1692709822.08
14.67 15.95 51.00 1692709822.18
14.45 15.66 50.00 1692709822.28
14.74 15.91 50.00 1692709822.38
15.26 15.89 49.00 1692709822.48
16.09 16.49 49.00 1692709822.58
16.97 17.21 48.00 1692709822.68
17.19 17.76 48.00 1692709822.78
17.20 17.33 47.00 1692709822.88
17.08 17.86 46.00 1692709822.98
17.04 17.88 45.00 1692709823.08
17.52 18.54 44.00 1692709823.18
18.78 19.98 44.00 1692709823.28
19.86 21.13 44.00 1692709823.38
19.66 21.75 44.00 1692709823.48
18.93 20.63 44.00 1692709823.58
19.23 19.85 43.00 1692709823.68
19.47 20.48 43.00 1692709823.78
19.33 20.65 42.00 1692709823.88
19.19 20.48 42.00 1692709823.98
19.57 20.91 42.00 1692709824.08
19.64 21.19 41.00 1692709824.18
19.79 21.28 40.00 1692709824.28
20.19 21.03 39.00 1692709824.38
21.03 22.12 38.00 1692709824.48
22.23 23.39 37.00 1692709824.58
23.41 24.97 37.00 1692709824.68
24.10 26.45 37.00 1692709824.78
24.03 27.26 37.00 1692709824.88
23.39 26.65 37.00 1692709824.98
23.16 25.92 37.00 1692709825.08
22.04 23.82 37.00 1692709825.18
21.25 23.34 37.00 1692709825.28
20.67 23.53 37.00 1692709825.38
20.68 23.72 36.00 1692709825.48
21.86 24.51 36.00 1692709825.58
23.10 25.69 36.00 1692709825.68
23.62 26.27 36.00 1692709825.78
23.00 25.94 36.00 1692709825.88
23.25 25.82 36.00 1692709825.98
22.71 25.59 36.00 1692709826.08
21.24 24.27 36.00 1692709826.18
20.57 23.12 35.00 1692709826.28
20.77 24.48 34.00 1692709826.38
21.69 25.78 32.00 1692709826.48
22.98 27.02 31.00 1692709826.58
23.33 28.25 29.00 1692709826.68
25.18 30.26 28.00 1692709826.78
26.49 31.46 27.00 1692709826.88
28.48 32.27 27.00 1692709826.98
29.46 32.71 27.00 1692709827.08
30.66 33.04 27.00 1692709827.18
30.95 33.24 27.00 1692709827.28
29.56 32.53 27.00 1692709827.38
27.76 29.76 27.00 1692709827.48
27.01 27.75 27.00 1692709827.58
26.13 27.63 25.00 1692709827.68
26.28 28.45 24.00 1692709827.78
27.25 29.74 22.00 1692709827.88
28.27 31.30 21.00 1692709827.98
29.47 32.38 20.00 1692709828.08
31.27 34.46 19.00 1692709828.18
32.43 36.09 17.00 1692709828.28
33.61 36.46 16.00 1692709828.38
34.57 36.26 16.00 1692709828.48
34.08 36.08 16.00 1692709828.58
34.28 35.28 16.00 1692709828.68
34.36 34.10 15.00 1692709828.78
33.99 31.96 15.00 1692709828.88
33.71 30.10 14.00 1692709828.98
32.83 29.37 12.00 1692709829.08
32.95 29.49 9.00 1692709829.18
34.16 30.45 5.00 1692709829.28
33.94 31.82 0.00 1692709829.38
34.52 20.04 0.00 1692709829.79
18.57 15.67 0.00 1692709829.88
12.49 11.68 0.00 1692709829.97
8.49 8.76 0.00 1692709830.06
5.31 6.72 0.00 1692709830.16
3.60 5.61 0.00 1692709830.25
3.20 4.73 0.00 1692709830.34
3.22 3.92 0.00 1692709830.43
3.01 3.32 0.00 1692709830.52
2.88 3.01 0.00 1692709830.62
2.51 2.69 0.00 1692709830.71
2.22 2.37 0.00 1692709830.80
2.17 2.04 0.00 1692709830.89
2.06 10.83 0.00 1692709830.98
1.90 1.61 11.00 1692709831.39
1.95 1.57 20.00 1692709831.49
1.85 1.32 25.00 1692709831.58
1.68 1.24 30.00 1692709831.67
1.61 1.46 35.00 1692709831.76
1.56 1.51 37.00 1692709831.86
1.64 1.48 42.00 1692709831.95
1.74 1.52 45.00 1692709832.04
1.61 1.72 50.00 1692709832.13
1.59 1.92 55.00 1692709832.22
1.53 2.09 60.00 1692709832.32
1.51 2.13 63.00 1692709832.41
1.68 2.18 68.00 1692709832.50
1.88 2.21 72.00 1692709832.59
2.01 2.19 74.00 1692709832.68
2.05 1.98 74.00 1692709832.78
1.87 1.60 74.00 1692709832.87
1.90 1.24 76.00 1692709832.97
1.88 1.06 78.00 1692709833.07
1.85 0.97 81.00 1692709833.17
1.92 0.88 86.00 1692709833.27
1.75 0.73 90.00 1692709833.37
1.44 0.53 95.00 1692709833.47
1.26 0.39 95.00 1692709833.57
0.97 0.26 95.00 1692709833.68
0.68 0.18 95.00 1692709833.77
0.59 0.13 94.00 1692709833.87
0.64 0.05 94.00 1692709833.97
0.72 0.01 94.00 1692709834.38
0.19 0.00 94.00 1692709834.48
0.10 0.00 94.00 1692709834.57
0.19 0.01 94.00 1692709834.66
0.22 0.01 94.00 1692709834.75
0.16 0.00 94.00 1692709834.84
0.02 0.00 94.00 1692709834.94
0.02 0.01 94.00 1692709835.03
0.02 0.00 94.00 1692709835.12
0.02 0.00 94.00 1692709835.21
0.02 0.01 94.00 1692709835.31
0.02 0.02 94.00 1692709835.40
0.03 0.02 94.00 1692709835.49
0.03 0.02 94.00 1692709835.58
0.04 0.02 94.00 1692709835.67
0.03 0.01 94.00 1692709835.77
0.02 0.01 94.00 1692709835.87
0.02 0.01 94.00 1692709835.97
0.03 0.01 94.00 1692709836.07
0.02 0.01 94.00 1692709836.17
0.02 0.01 94.00 1692709836.27
0.03 0.02 94.00 1692709836.37
0.04 0.02 94.00 1692709836.47
0.03 0.01 94.00 1692709836.57
0.03 0.01 94.00 1692709836.67
0.03 0.01 94.00 1692709836.77
0.04 0.01 94.00 1692709836.87
0.04 0.02 94.00 1692709836.97
0.04 0.02 94.00 1692709837.07
0.05 0.02 94.00 1692709837.17
0.05 0.01 94.00 1692709837.27
0.05 0.02 94.00 1692709837.37
0.05 0.02 94.00 1692709837.47
0.04 0.02 94.00 1692709837.57
0.03 0.01 94.00 1692709837.67
0.03 0.01 94.00 1692709837.77
0.03 0.01 94.00 1692709837.87
0.04 0.01 94.00 1692709837.97
0.03 0.02 94.00 1692709838.07
0.02 0.00 94.00 1692709838.17
0.02 0.01 94.00 1692709838.27
0.03 0.02 94.00 1692709838.37
0.03 0.01 94.00 1692709838.47
0.03 0.01 94.00 1692709838.57
0.02 0.01 94.00 1692709838.67
0.02 0.01 93.00 1692709838.77
0.02 0.01 93.00 1692709838.87
0.02 0.01 92.00 1692709838.97
0.02 0.00 92.00 1692709839.07
0.00 0.00 92.00 1692709839.17
0.02 0.00 91.00 1692709839.27
0.04 0.00 91.00 1692709839.37
0.11 0.01 91.00 1692709839.47
0.04 0.00 91.00 1692709839.57
0.00 0.01 91.00 1692709839.67
0.01 0.00 91.00 1692709839.77
0.01 0.00 91.00 1692709839.87
0.01 0.01 90.00 1692709839.97
0.01 0.01 90.00 1692709840.07
0.01 0.01 90.00 1692709840.17
0.01 0.02 90.00 1692709840.27
0.01 0.02 90.00 1692709840.37
0.01 0.02 90.00 1692709840.47
0.01 0.02 90.00 1692709840.57
0.02 0.02 90.00 1692709840.67
0.01 0.02 90.00 1692709840.77
0.02 0.02 90.00 1692709840.87
0.02 0.02 90.00 1692709840.97
0.02 0.03 90.00 1692709841.07
0.02 0.02 90.00 1692709841.17
0.02 0.02 90.00 1692709841.27
0.02 0.02 90.00 1692709841.37
0.02 0.02 90.00 1692709841.47
0.02 0.02 90.00 1692709841.57
0.02 0.02 90.00 1692709841.67
0.02 0.02 90.00 1692709841.77
0.02 0.02 90.00 1692709841.87
0.02 0.01 90.00 1692709841.97
0.02 0.02 90.00 1692709842.07
0.02 0.03 90.00 1692709842.17
0.03 0.03 90.00 1692709842.27
0.02 0.03 90.00 1692709842.37
0.02 0.02 90.00 1692709842.47
0.02 0.02 91.00 1692709842.57
0.03 0.02 92.00 1692709842.67
0.04 0.03 91.00 1692709842.77
0.03 0.02 91.00 1692709842.87
0.03 0.02 91.00 1692709842.97
0.03 0.02 91.00 1692709843.07
0.02 0.02 91.00 1692709843.17
0.03 0.02 92.00 1692709843.27
0.03 0.02 92.00 1692709843.37
0.03 0.02 92.00 1692709843.46
0.02 0.01 92.00 1692709843.56
0.03 0.01 92.00 1692709843.66
0.03 0.02 92.00 1692709843.76
0.03 0.01 92.00 1692709843.86
0.03 0.02 92.00 1692709843.96
0.02 0.01 92.00 1692709844.06
0.03 0.02 92.00 1692709844.16
0.03 0.01 92.00 1692709844.26
0.03 0.01 92.00 1692709844.36
0.03 0.02 92.00 1692709844.46
0.03 0.01 92.00 1692709844.56
0.03 0.01 92.00 1692709844.97
0.03 0.01 92.00 1692709845.07
0.03 0.01 92.00 1692709845.16
0.03 0.01 92.00 1692709845.25
0.02 0.01 92.00 1692709845.34
0.02 0.01 92.00 1692709845.44
0.02 0.01 92.00 1692709845.53
0.02 0.01 91.00 1692709845.62
0.02 0.01 91.00 1692709845.71
0.02 0.01 91.00 1692709845.80
0.02 0.01 91.00 1692709845.90
0.02 0.01 91.00 1692709845.99
0.02 0.01 91.00 1692709846.08
0.02 0.01 91.00 1692709846.17
0.02 0.01 91.00 1692709846.27
0.02 0.01 91.00 1692709846.36
0.02 0.01 90.00 1692709846.46
0.02 0.01 90.00 1692709846.56
0.02 0.01 90.00 1692709846.66
0.01 0.01 90.00 1692709846.76
0.01 0.01 90.00 1692709846.86
0.01 0.01 90.00 1692709846.96
0.01 0.01 90.00 1692709847.06
0.02 0.02 90.00 1692709847.16
0.02 0.01 90.00 1692709847.26
0.02 0.01 90.00 1692709847.36
0.01 0.02 90.00 1692709847.46
0.02 0.02 90.00 1692709847.56
0.02 0.01 90.00 1692709847.66
0.02 0.01 90.00 1692709847.76
0.02 0.01 90.00 1692709847.86
0.02 0.01 90.00 1692709847.96
0.02 0.02 90.00 1692709848.06
0.02 0.02 90.00 1692709848.16
0.02 0.02 90.00 1692709848.26
0.02 0.01 90.00 1692709848.36
0.02 0.01 90.00 1692709848.46
0.02 0.02 90.00 1692709848.56
0.02 0.01 90.00 1692709848.66
0.02 0.02 90.00 1692709848.76
0.02 0.01 90.00 1692709848.86
0.02 0.01 90.00 1692709848.96
0.02 0.02 90.00 1692709849.06
0.02 0.01 90.00 1692709849.16
0.02 0.01 90.00 1692709849.26
0.02 0.01 90.00 1692709849.36
0.02 0.01 90.00 1692709849.46
0.02 0.01 90.00 1692709849.56
0.02 0.01 90.00 1692709849.66
0.02 0.02 90.00 1692709849.76
0.02 0.02 90.00 1692709849.86
0.02 0.02 90.00 1692709849.96
0.02 0.02 90.00 1692709850.06
0.02 0.02 90.00 1692709850.16
0.02 0.01 90.00 1692709850.26
0.02 0.01 90.00 1692709850.36
0.02 0.01 90.00 1692709850.46
0.02 0.01 90.00 1692709850.56
0.02 0.02 90.00 1692709850.66
0.02 0.01 90.00 1692709850.76
0.02 0.01 90.00 1692709850.86
0.02 0.01 90.00 1692709850.96
0.02 0.02 90.00 1692709851.06
0.02 0.02 90.00 1692709851.16
0.02 0.01 90.00 1692709851.26
0.02 0.01 90.00 1692709851.36
0.02 0.01 90.00 1692709851.46
0.02 0.02 90.00 1692709851.56
0.02 0.02 90.00 1692709851.66
0.02 0.02 90.00 1692709851.76
0.02 0.02 90.00 1692709851.86
0.02 0.01 90.00 1692709851.96
0.02 0.02 90.00 1692709852.06
0.02 0.01 90.00 1692709852.16
0.02 0.02 90.00 1692709852.26
0.02 0.02 90.00 1692709852.36
0.02 0.01 90.00 1692709852.46
0.02 0.01 90.00 1692709852.56
0.03 0.01 90.00 1692709852.66
0.02 0.01 90.00 1692709852.76
0.02 0.01 90.00 1692709852.86
0.02 0.01 90.00 1692709852.96
0.02 0.01 90.00 1692709853.06
0.02 0.01 90.00 1692709853.16
0.02 0.02 90.00 1692709853.26
0.02 0.02 90.00 1692709853.36
0.02 0.02 90.00 1692709853.46
0.02 0.02 90.00 1692709853.56
0.02 0.02 91.00 1692709853.66
0.03 0.02 91.00 1692709853.76
0.02 0.01 91.00 1692709853.86
0.02 0.01 91.00 1692709853.96
0.02 0.01 91.00 1692709854.06
0.02 94.82 91.00 1692709854.16
0.02 0.02 91.00 1692709854.57
0.02 0.02 91.00 1692709854.66
0.02 0.02 91.00 1692709854.75
0.03 0.02 91.00 1692709854.84
0.03 0.01 91.00 1692709854.93
0.03 0.01 91.00 1692709855.03
47.88 0.01 91.00 1692709855.12
0.04 0.03 92.00 1692709855.50
0.04 0.02 92.00 1692709855.60
0.04 0.02 92.00 1692709855.70
0.04 0.03 92.00 1692709855.80
0.03 0.03 91.00 1692709855.90
0.03 0.03 91.00 1692709856.00
0.03 0.03 91.00 1692709856.10
0.04 0.02 91.00 1692709856.20
0.04 0.02 90.00 1692709856.30
0.03 0.02 90.00 1692709856.40
0.03 0.02 90.00 1692709856.50
0.03 0.03 90.00 1692709856.60
0.04 0.02 90.00 1692709856.70
0.04 0.02 90.00 1692709856.80
0.03 0.01 91.00 1692709856.90
0.03 0.01 92.00 1692709857.00
0.03 0.02 92.00 1692709857.10
0.03 0.02 92.00 1692709857.20
0.04 0.01 92.00 1692709857.30
0.04 0.02 92.00 1692709857.40
0.03 0.02 92.00 1692709857.50
0.03 0.01 92.00 1692709857.60
0.03 0.01 92.00 1692709857.70
0.03 0.01 92.00 1692709857.80
0.02 0.02 91.00 1692709857.90
0.02 0.02 91.00 1692709858.00
0.02 0.01 91.00 1692709858.10
0.02 0.02 91.00 1692709858.20
0.03 0.02 91.00 1692709858.30
0.03 0.02 91.00 1692709858.40
0.02 0.01 91.00 1692709858.50
0.02 0.02 91.00 1692709858.60
0.02 0.02 91.00 1692709858.70
0.02 0.01 91.00 1692709858.80
0.03 0.02 91.00 1692709858.90
0.02 0.02 91.00 1692709859.00
0.02 0.02 91.00 1692709859.10
0.02 0.01 92.00 1692709859.20
0.03 0.02 92.00 1692709859.30
0.03 0.02 91.00 1692709859.40
0.03 0.01 91.00 1692709859.50
0.03 0.02 90.00 1692709859.60
0.03 0.02 90.00 1692709859.70
0.03 0.02 90.00 1692709859.80
0.04 0.03 91.00 1692709859.90
0.03 0.02 91.00 1692709860.00
0.04 0.03 91.00 1692709860.10
0.04 0.03 91.00 1692709860.20
0.04 0.02 91.00 1692709860.30
0.03 0.02 91.00 1692709860.40
0.04 0.02 92.00 1692709860.50
0.04 0.02 92.00 1692709860.60
0.04 0.02 92.00 1692709860.70
0.04 0.01 92.00 1692709860.80
0.03 0.02 92.00 1692709860.90
0.03 0.02 92.00 1692709861.00
0.03 0.02 92.00 1692709861.10
0.03 0.02 91.00 1692709861.20
0.03 0.02 92.00 1692709861.30
0.03 0.02 91.00 1692709861.40
0.03 0.01 91.00 1692709861.50
0.03 0.01 91.00 1692709861.60
0.03 0.01 90.00 1692709861.69
0.03 0.01 90.00 1692709861.80
0.03 0.01 90.00 1692709861.89
0.03 0.02 90.00 1692709861.99
0.03 0.02 89.00 1692709862.09
0.03 0.01 90.00 1692709862.19
0.03 0.01 89.00 1692709862.29
0.02 0.01 89.00 1692709862.39
0.02 0.01 89.00 1692709862.49
0.02 0.01 89.00 1692709862.59
0.02 0.02 89.00 1692709862.69
0.02 0.02 89.00 1692709862.79
0.02 0.02 89.00 1692709862.89
0.01 0.01 89.00 1692709862.99
0.02 0.01 89.00 1692709863.09
0.02 0.02 89.00 1692709863.19
0.02 0.02 89.00 1692709863.29
0.02 0.01 89.00 1692709863.39
0.02 0.02 89.00 1692709863.49
0.02 0.01 89.00 1692709863.59
0.02 0.02 89.00 1692709863.69
0.03 0.02 89.00 1692709863.79
0.03 0.02 89.00 1692709863.89
0.02 0.02 89.00 1692709863.99
0.02 0.01 89.00 1692709864.09
0.02 0.01 89.00 1692709864.19
0.03 0.02 89.00 1692709864.29
0.02 0.02 90.00 1692709864.39
0.03 0.02 90.00 1692709864.49
0.03 0.02 90.00 1692709864.59
0.02 0.02 91.00 1692709864.69
0.02 0.02 91.00 1692709864.79
0.03 0.03 91.00 1692709864.89
0.03 0.02 91.00 1692709864.99
0.04 0.02 91.00 1692709865.09
0.04 0.03 91.00 1692709865.19
0.04 0.03 91.00 1692709865.29
0.05 0.02 91.00 1692709865.39
0.05 0.03 91.00 1692709865.49
0.05 0.04 91.00 1692709865.59
0.05 0.04 91.00 1692709865.69
0.05 0.06 91.00 1692709865.79
0.06 0.06 91.00 1692709865.89
0.06 0.07 91.00 1692709865.99
0.05 0.06 91.00 1692709866.09
0.05 0.05 91.00 1692709866.19
0.05 0.05 91.00 1692709866.29
0.04 0.05 91.00 1692709866.39
0.04 0.05 91.00 1692709866.49
0.04 0.05 91.00 1692709866.59
0.04 0.04 91.00 1692709866.69
0.04 0.03 91.00 1692709866.79
0.04 0.03 91.00 1692709866.89
0.03 0.03 91.00 1692709866.99
0.03 0.03 91.00 1692709867.09
0.03 0.03 91.00 1692709867.19
0.03 0.02 91.00 1692709867.29
0.03 0.02 91.00 1692709867.39
0.03 0.02 91.00 1692709867.49
0.03 0.02 91.00 1692709867.59
0.04 0.02 91.00 1692709867.69
0.04 0.01 91.00 1692709867.79
0.04 0.01 91.00 1692709867.89
0.03 0.01 91.00 1692709867.99
0.03 0.02 91.00 1692709868.09
0.03 0.02 91.00 1692709868.19
0.03 0.02 91.00 1692709868.29
0.03 0.02 90.00 1692709868.39
0.03 0.02 90.00 1692709868.49
0.02 0.01 90.00 1692709868.59
0.02 0.01 89.00 1692709868.69
0.02 0.01 89.00 1692709868.79
0.02 0.00 90.00 1692709868.89
0.03 0.01 89.00 1692709868.99
0.03 0.01 89.00 1692709869.09
0.03 0.01 89.00 1692709869.19
0.02 0.01 89.00 1692709869.29
0.03 0.01 89.00 1692709869.39
0.03 0.01 90.00 1692709869.49
0.04 0.01 90.00 1692709869.59
0.04 0.01 90.00 1692709869.69
0.04 0.02 90.00 1692709869.79
0.03 0.02 90.00 1692709869.89
0.04 0.02 90.00 1692709869.99
0.03 0.02 90.00 1692709870.09
0.04 0.02 90.00 1692709870.19
0.04 0.02 90.00 1692709870.29
0.03 0.01 90.00 1692709870.39
0.03 0.01 90.00 1692709870.49
0.04 0.01 90.00 1692709870.59
0.03 0.01 90.00 1692709870.69
0.03 0.02 90.00 1692709870.79
0.03 0.02 90.00 1692709870.89
0.03 0.02 90.00 1692709870.99
0.04 0.02 90.00 1692709871.09
0.04 0.02 90.00 1692709871.19
0.03 0.02 90.00 1692709871.29
0.03 0.02 90.00 1692709871.39
0.04 0.02 90.00 1692709871.49
0.04 0.02 90.00 1692709871.59
0.03 0.01 90.00 1692709871.69
0.03 0.02 90.00 1692709871.79
0.03 0.02 90.00 1692709871.89
0.03 0.02 90.00 1692709871.99
0.04 0.02 90.00 1692709872.09
0.04 0.02 90.00 1692709872.19
0.04 0.02 90.00 1692709872.29
0.04 0.02 90.00 1692709872.39
0.04 0.01 90.00 1692709872.49
0.03 0.01 90.00 1692709872.59
0.04 0.01 90.00 1692709872.69
0.03 0.02 90.00 1692709872.79
0.03 0.01 90.00 1692709872.89
0.03 0.02 90.00 1692709872.99
0.03 0.02 91.00 1692709873.08
0.03 0.02 91.00 1692709873.18
0.03 0.02 91.00 1692709873.28
0.03 0.02 91.00 1692709873.38
0.03 0.01 91.00 1692709873.48
0.03 1.83 91.00 1692709873.58
0.03 0.02 91.00 1692709873.99
0.03 0.02 91.00 1692709874.09
0.03 0.01 91.00 1692709874.18
0.02 0.02 91.00 1692709874.27
0.02 0.01 91.00 1692709874.36
0.02 0.02 91.00 1692709874.46
0.03 0.02 91.00 1692709874.55
0.03 0.02 91.00 1692709874.64
0.03 0.02 91.00 1692709874.73
0.03 0.02 91.00 1692709874.82
0.03 0.02 91.00 1692709874.92
0.04 0.02 91.00 1692709875.01
0.03 0.02 91.00 1692709875.10
0.03 0.02 91.00 1692709875.19
0.03 0.03 91.00 1692709875.29
0.03 0.03 91.00 1692709875.38
0.03 0.02 91.00 1692709875.48
0.03 0.02 91.00 1692709875.58
0.03 0.03 91.00 1692709875.68
0.03 0.02 91.00 1692709875.78
0.04 0.02 91.00 1692709875.88
0.03 0.02 91.00 1692709875.98
0.03 0.03 90.00 1692709876.08
0.02 0.03 90.00 1692709876.18
0.03 0.03 90.00 1692709876.28
0.03 0.02 90.00 1692709876.38
0.03 0.02 90.00 1692709876.48
0.04 0.03 90.00 1692709876.58
0.03 0.02 90.00 1692709876.68
0.04 0.03 90.00 1692709876.78
0.04 0.03 90.00 1692709876.88
0.03 0.02 90.00 1692709876.98
0.04 0.02 90.00 1692709877.08
0.03 0.02 90.00 1692709877.18
0.02 0.02 90.00 1692709877.28
0.02 0.02 90.00 1692709877.38
0.03 0.01 90.00 1692709877.48
0.04 0.01 90.00 1692709877.58
0.04 0.02 90.00 1692709877.68
0.03 0.02 90.00 1692709877.78
0.03 0.02 90.00 1692709877.88
0.04 0.01 91.00 1692709877.98
0.03 0.01 91.00 1692709878.08
0.04 0.02 91.00 1692709878.18
0.04 0.02 91.00 1692709878.28
0.04 0.01 91.00 1692709878.38
0.03 0.01 91.00 1692709878.48
0.03 0.01 90.00 1692709878.58
0.03 0.02 89.00 1692709878.68
0.03 0.02 90.00 1692709878.78
0.04 0.03 89.00 1692709878.88
0.03 0.03 89.00 1692709878.98
0.03 0.03 89.00 1692709879.08
0.03 0.03 89.00 1692709879.18
0.03 0.03 89.00 1692709879.28
0.04 0.03 89.00 1692709879.38
0.04 0.02 89.00 1692709879.48
0.03 0.02 89.00 1692709879.58
0.03 0.02 90.00 1692709879.68
0.04 0.03 90.00 1692709879.78
0.04 0.03 90.00 1692709879.88
0.04 0.02 90.00 1692709879.98
0.03 0.03 91.00 1692709880.08
0.03 0.03 91.00 1692709880.18
0.04 0.03 91.00 1692709880.28
0.03 0.03 91.00 1692709880.38
0.04 0.03 91.00 1692709880.48
0.04 0.03 91.00 1692709880.58
0.04 0.03 91.00 1692709880.68
0.03 0.03 91.00 1692709880.78
0.03 0.03 91.00 1692709880.88
0.04 0.03 91.00 1692709880.98
0.04 0.02 91.00 1692709881.08
0.03 0.02 91.00 1692709881.18
0.03 0.02 91.00 1692709881.28
0.03 0.03 91.00 1692709881.38
0.03 0.03 91.00 1692709881.48
0.03 0.02 91.00 1692709881.58
0.03 0.01 91.00 1692709881.68
0.03 0.02 91.00 1692709881.78
0.03 0.02 91.00 1692709881.88
0.03 0.02 91.00 1692709881.98
0.03 0.02 91.00 1692709882.08
0.03 0.02 91.00 1692709882.18
0.03 0.01 90.00 1692709882.28
0.03 0.01 90.00 1692709882.38
0.03 0.02 90.00 1692709882.48
0.03 0.02 90.00 1692709882.58
0.02 0.02 89.00 1692709882.68
0.02 0.01 89.00 1692709882.78
0.03 0.02 89.00 1692709882.88
0.03 0.02 89.00 1692709882.98
0.03 0.02 90.00 1692709883.08
0.03 0.02 90.00 1692709883.18
0.03 0.02 90.00 1692709883.28
0.03 0.02 90.00 1692709883.38
0.03 0.02 90.00 1692709883.48
0.03 0.02 90.00 1692709883.58
0.03 0.02 90.00 1692709883.68
0.04 0.03 90.00 1692709883.78
0.03 0.02 90.00 1692709883.88
0.03 0.02 90.00 1692709883.98
0.03 0.02 90.00 1692709884.08
0.03 0.01 90.00 1692709884.18
0.03 0.02 90.00 1692709884.27
0.03 0.02 90.00 1692709884.37
0.03 0.02 90.00 1692709884.47
0.03 190.81 90.00 1692709884.57
0.03 0.03 90.00 1692709884.98
0.04 0.02 89.00 1692709885.08
0.03 0.03 89.00 1692709885.17
0.04 0.02 89.00 1692709885.26
0.03 0.03 89.00 1692709885.35
0.03 0.02 89.00 1692709885.45
0.03 0.02 89.00 1692709885.54
0.03 0.02 90.00 1692709885.63
0.03 0.02 90.00 1692709885.72
0.03 0.02 90.00 1692709885.81
0.03 0.03 90.00 1692709885.91
0.03 0.02 90.00 1692709886.00
0.03 0.02 90.00 1692709886.09
0.03 0.03 90.00 1692709886.18
0.03 0.03 90.00 1692709886.27
0.03 0.03 90.00 1692709886.37
0.03 0.03 90.00 1692709886.47
0.03 0.03 90.00 1692709886.57
0.03 0.03 90.00 1692709886.67
0.03 0.01 89.00 1692709886.77
0.03 0.02 90.00 1692709886.87
0.03 0.03 89.00 1692709886.97
0.03 0.02 89.00 1692709887.07
0.03 0.03 89.00 1692709887.17
0.03 0.02 89.00 1692709887.27
0.03 0.02 90.00 1692709887.37
0.03 0.02 90.00 1692709887.47
0.03 0.03 90.00 1692709887.57
0.03 0.03 90.00 1692709887.67
0.03 0.03 90.00 1692709887.77
0.03 0.04 90.00 1692709887.87
0.03 0.04 90.00 1692709887.97
0.03 0.03 90.00 1692709888.07
0.03 0.02 90.00 1692709888.17
0.03 0.02 90.00 1692709888.27
0.03 0.02 90.00 1692709888.37
0.03 0.03 91.00 1692709888.47
0.03 0.02 91.00 1692709888.57
0.03 0.02 91.00 1692709888.67
0.03 0.02 90.00 1692709888.77
0.03 0.02 90.00 1692709888.87
0.02 0.02 90.00 1692709888.97
0.02 0.02 91.00 1692709889.07
0.03 0.02 91.00 1692709889.17
0.03 0.03 91.00 1692709889.27
0.03 0.02 91.00 1692709889.37
0.02 0.03 91.00 1692709889.47
0.02 0.03 91.00 1692709889.57
0.01 0.02 91.00 1692709889.67
0.01 0.03 91.00 1692709889.77
0.01 0.03 91.00 1692709889.87
0.01 0.01 89.00 1692709889.97
0.01 0.01 89.00 1692709890.07
0.01 0.02 89.00 1692709890.17
0.02 0.01 89.00 1692709890.27
0.03 0.02 89.00 1692709890.37
0.04 0.01 89.00 1692709890.47
0.04 0.02 89.00 1692709890.57
0.04 0.02 89.00 1692709890.67
0.04 0.02 89.00 1692709890.77
0.04 0.02 89.00 1692709890.87
0.05 0.02 89.00 1692709890.97
0.05 0.02 89.00 1692709891.07
0.05 0.02 89.00 1692709891.17
0.05 0.02 89.00 1692709891.27
0.05 0.02 89.00 1692709891.37
0.05 0.02 89.00 1692709891.47
0.05 0.02 89.00 1692709891.57
0.04 0.01 89.00 1692709891.67
0.03 0.01 89.00 1692709891.77
0.03 0.02 90.00 1692709891.87
0.04 0.02 90.00 1692709891.97
0.03 0.02 90.00 1692709892.07
0.03 0.02 90.00 1692709892.17
0.03 0.02 90.00 1692709892.27
0.03 0.02 90.00 1692709892.37
0.03 0.02 89.00 1692709892.47
0.03 0.02 90.00 1692709892.57
0.03 0.02 90.00 1692709892.67
0.03 0.02 90.00 1692709892.77
0.03 0.02 90.00 1692709892.87
0.03 0.02 90.00 1692709892.97
0.03 0.02 90.00 1692709893.07
0.03 0.02 90.00 1692709893.17
0.02 0.02 90.00 1692709893.27
0.03 0.02 90.00 1692709893.37
0.03 0.02 90.00 1692709893.47
0.03 0.03 90.00 1692709893.57
0.03 0.02 90.00 1692709893.67
0.03 0.03 90.00 1692709893.77
0.03 0.03 90.00 1692709893.87
0.03 0.03 90.00 1692709893.97
0.03 0.03 89.00 1692709894.07
0.03 0.03 89.00 1692709894.17
0.03 0.03 89.00 1692709894.27
0.02 0.02 89.00 1692709894.37
0.02 0.01 89.00 1692709894.47
0.02 0.01 89.00 1692709894.57
0.03 0.02 89.00 1692709894.67
0.02 0.01 89.00 1692709894.77
0.02 0.01 89.00 1692709894.87
0.02 0.02 89.00 1692709894.97
0.03 0.02 89.00 1692709895.07
0.02 0.02 88.00 1692709895.17
0.03 0.02 88.00 1692709895.27
0.03 0.02 88.00 1692709895.37
0.02 0.02 88.00 1692709895.47
0.03 0.02 88.00 1692709895.57
0.03 0.02 88.00 1692709895.66
0.03 0.02 88.00 1692709895.76
0.03 0.02 88.00 1692709895.86
0.02 0.01 87.00 1692709895.96
0.02 0.01 87.00 1692709896.06
0.02 0.01 87.00 1692709896.16
0.01 0.05 87.00 1692709896.26
0.01 0.02 85.00 1692709896.67
0.02 0.04 84.00 1692709896.77
0.02 0.02 84.00 1692709896.86
0.01 0.01 82.00 1692709896.95
0.01 0.00 81.00 1692709897.04
0.01 0.00 81.00 1692709897.14
0.00 0.00 81.00 1692709897.23
0.00 0.00 81.00 1692709897.32
0.00 0.01 81.00 1692709897.41
0.01 0.08 81.00 1692709897.50
0.06 0.11 81.00 1692709897.60
0.09 0.06 81.00 1692709897.69
0.07 0.26 80.00 1692709897.78
0.38 1.02 80.00 1692709897.87
0.95 1.41 80.00 1692709897.96
0.68 0.67 80.00 1692709898.06
0.22 0.29 80.00 1692709898.16
0.09 0.17 80.00 1692709898.26
0.12 0.10 80.00 1692709898.36
0.12 0.05 80.00 1692709898.46
0.03 0.01 81.00 1692709898.56
0.01 0.00 81.00 1692709898.66
0.00 0.01 81.00 1692709898.76
0.00 0.03 81.00 1692709898.86
0.00 0.03 82.00 1692709898.96
0.02 0.04 82.00 1692709899.06
0.03 0.05 82.00 1692709899.16
0.03 0.04 82.00 1692709899.26
0.04 0.03 82.00 1692709899.36
0.02 0.03 82.00 1692709899.46
0.04 0.04 82.00 1692709899.56
0.03 0.04 82.00 1692709899.66
0.04 0.03 82.00 1692709899.76
0.03 0.03 83.00 1692709899.86
0.04 0.04 83.00 1692709899.96
0.04 0.04 83.00 1692709900.06
0.03 0.03 83.00 1692709900.16
0.04 0.04 83.00 1692709900.26
0.03 0.03 83.00 1692709900.36
0.04 0.02 83.00 1692709900.46
0.03 0.02 83.00 1692709900.56
0.03 0.02 83.00 1692709900.66
0.02 0.02 83.00 1692709900.76
0.04 0.02 83.00 1692709900.86
0.02 0.03 83.00 1692709900.96
0.03 0.02 83.00 1692709901.06
0.03 0.03 83.00 1692709901.16
0.03 0.02 83.00 1692709901.26
0.03 0.02 82.00 1692709901.36
0.03 0.02 83.00 1692709901.46
0.02 0.02 83.00 1692709901.56
0.02 0.02 82.00 1692709901.66
0.01 0.02 83.00 1692709901.76
0.02 0.02 83.00 1692709901.86
0.03 0.03 83.00 1692709901.96
0.03 0.03 83.00 1692709902.06
0.03 0.03 83.00 1692709902.16
0.03 0.03 83.00 1692709902.26
0.03 0.02 83.00 1692709902.36
0.03 0.02 83.00 1692709902.46
0.03 0.02 83.00 1692709902.56
0.03 0.02 83.00 1692709902.66
0.03 0.02 83.00 1692709902.76
0.03 0.02 83.00 1692709902.86
0.03 0.01 82.00 1692709902.96
0.03 0.02 82.00 1692709903.06
0.02 0.02 81.00 1692709903.16
0.01 0.01 81.00 1692709903.26
0.00 0.01 81.00 1692709903.36
0.00 0.02 81.00 1692709903.46
0.00 0.03 81.00 1692709903.56
0.02 0.02 81.00 1692709903.66
0.10 0.00 81.00 1692709903.76
0.10 0.00 81.00 1692709903.86
0.06 0.00 81.00 1692709903.96
0.11 0.00 81.00 1692709904.06
0.10 0.01 81.00 1692709904.16
0.08 0.00 81.00 1692709904.26
0.03 0.00 81.00 1692709904.36
0.03 0.00 81.00 1692709904.46
0.14 0.00 81.00 1692709904.56
0.18 0.00 81.00 1692709904.66
0.23 0.00 80.00 1692709904.76
0.61 0.15 80.00 1692709904.86
1.00 1.00 80.00 1692709904.96
0.71 1.20 80.00 1692709905.06
0.56 0.80 80.00 1692709905.16
0.50 0.60 80.00 1692709905.26
0.80 0.52 80.00 1692709905.36
0.80 0.44 80.00 1692709905.46
0.68 0.30 80.00 1692709905.56
0.94 0.49 80.00 1692709905.66
1.16 1.05 80.00 1692709905.76
1.12 1.17 80.00 1692709905.86
1.11 0.77 80.00 1692709905.96
1.25 0.70 80.00 1692709906.06
1.42 1.16 79.00 1692709906.16
1.52 1.88 79.00 1692709906.26
1.55 1.51 79.00 1692709906.36
1.45 1.30 80.00 1692709906.46
1.26 1.01 79.00 1692709906.55
1.21 0.89 79.00 1692709906.65
1.46 1.18 78.00 1692709906.75
1.64 1.62 78.00 1692709906.85
1.43 1.62 78.00 1692709906.95
1.47 1.48 78.00 1692709907.05
1.49 1.38 78.00 1692709907.15
1.71 1.37 77.00 1692709907.25
2.12 1.77 77.00 1692709907.35
2.25 3.51 74.00 1692709907.76
3.87 3.50 74.00 1692709907.86
5.75 3.67 74.00 1692709907.95
4.98 4.89 73.00 1692709908.33
5.58 5.99 72.00 1692709908.43
5.61 6.05 71.00 1692709908.53
5.26 5.61 71.00 1692709908.63
5.22 5.40 71.00 1692709908.73
5.25 5.64 69.00 1692709908.83
5.49 5.92 69.00 1692709908.93
6.14 6.64 69.00 1692709909.03
6.68 7.96 69.00 1692709909.13
6.98 8.57 69.00 1692709909.23
7.21 8.32 68.00 1692709909.33
7.63 8.92 66.00 1692709909.43
8.01 9.68 65.00 1692709909.53
8.28 9.77 64.00 1692709909.63
8.93 10.10 64.00 1692709909.73
9.48 10.62 63.00 1692709909.83
10.11 11.02 63.00 1692709909.93
10.71 11.48 62.00 1692709910.03
10.96 12.01 62.00 1692709910.13
10.53 11.89 62.00 1692709910.23
10.14 11.27 62.00 1692709910.33
10.55 11.17 61.00 1692709910.43
11.62 11.90 61.00 1692709910.53
12.38 13.60 60.00 1692709910.63
12.37 13.94 59.00 1692709910.73
12.30 14.24 57.00 1692709910.83
12.47 14.91 56.00 1692709910.93
13.66 16.59 56.00 1692709911.03
15.18 18.24 56.00 1692709911.13
16.14 19.25 56.00 1692709911.23
16.62 18.96 56.00 1692709911.33
17.22 18.94 56.00 1692709911.43
18.00 18.38 56.00 1692709911.53
18.68 17.78 56.00 1692709911.63
18.34 17.84 56.00 1692709911.73
18.03 17.52 56.00 1692709911.83
17.75 17.81 54.00 1692709911.93
17.57 18.70 53.00 1692709912.03
18.58 20.76 52.00 1692709912.13
20.17 23.44 51.00 1692709912.23
21.72 26.21 51.00 1692709912.33
21.08 26.40 50.00 1692709912.43
20.61 24.33 49.00 1692709912.53
21.24 24.35 49.00 1692709912.63
21.66 24.83 48.00 1692709912.73
22.18 25.21 47.00 1692709912.83
21.77 24.98 46.00 1692709912.93
21.08 24.77 45.00 1692709913.03
20.77 25.42 44.00 1692709913.13
20.56 25.97 42.00 1692709913.23
21.34 27.75 41.00 1692709913.33
22.05 29.88 39.00 1692709913.43
22.61 30.02 36.00 1692709913.53
24.26 29.37 35.00 1692709913.62
26.29 29.96 34.00 1692709913.72
28.33 30.66 33.00 1692709913.82
29.66 32.05 31.00 1692709913.93
29.79 32.30 31.00 1692709914.02
29.29 30.89 31.00 1692709914.12
30.31 34.82 29.00 1692709914.22
30.54 31.31 28.00 1692709914.63
29.39 31.46 27.00 1692709914.73
28.05 32.27 25.00 1692709914.82
30.94 34.22 19.00 1692709915.20
33.09 35.57 18.00 1692709915.30
34.82 36.57 14.00 1692709915.40
35.98 37.17 11.00 1692709915.50
34.46 36.88 10.00 1692709915.60
29.16 35.23 6.00 1692709915.70
24.71 33.61 3.00 1692709915.80
22.09 33.38 0.00 1692709915.90
17.43 31.47 0.00 1692709916.00
10.85 27.97 0.00 1692709916.10
5.82 22.74 0.00 1692709916.20
3.30 10.76 0.00 1692709916.30
1.99 7.68 0.00 1692709916.40
1.52 5.79 0.00 1692709916.50
0.94 4.29 0.00 1692709916.60
0.44 2.63 0.00 1692709916.70
0.24 1.26 0.00 1692709916.80
0.08 0.62 0.00 1692709916.90
0.01 0.40 0.00 1692709917.00
0.01 0.41 0.00 1692709917.10
0.18 0.57 0.00 1692709917.20
0.65 0.98 0.00 1692709917.30
0.99 1.20 0.00 1692709917.40
1.00 0.68 0.00 1692709917.50
0.81 0.41 0.00 1692709917.60
0.47 0.24 0.00 1692709917.70
0.27 0.10 0.00 1692709917.80
0.29 0.04 0.00 1692709917.90
0.38 0.01 0.00 1692709918.00
0.33 0.01 0.00 1692709918.10
0.15 0.01 0.00 1692709918.20
0.04 0.02 0.00 1692709918.30
0.01 0.04 0.00 1692709918.40
0.00 0.04 0.00 1692709918.50
0.00 0.04 15.00 1692709918.60
0.01 0.04 47.00 1692709918.70
0.01 0.04 71.00 1692709918.80
0.01 0.03 96.00 1692709918.90
0.00 0.02 96.00 1692709919.00
0.03 0.01 95.00 1692709919.10
0.02 0.02 96.00 1692709919.20
0.01 0.02 95.00 1692709919.30
0.00 0.02 95.00 1692709919.40
0.00 0.02 95.00 1692709919.50
0.00 0.01 96.00 1692709919.60
0.01 0.01 96.00 1692709919.70
0.01 0.01 95.00 1692709919.80
0.03 0.00 96.00 1692709919.90
0.06 0.01 96.00 1692709920.00
0.05 0.00 96.00 1692709920.10
0.02 0.00 96.00 1692709920.20
0.01 0.01 96.00 1692709920.30
0.00 0.04 96.00 1692709920.40
0.00 0.06 96.00 1692709920.49
0.00 0.05 96.00 1692709920.59
0.01 0.03 95.00 1692709920.69
0.01 1.17 95.00 1692709920.79
0.02 0.03 95.00 1692709921.20
0.01 0.02 95.00 1692709921.30
0.00 0.01 95.00 1692709921.39
0.00 0.02 95.00 1692709921.48
0.01 0.02 95.00 1692709921.57
0.02 0.02 95.00 1692709921.67
0.02 0.03 95.00 1692709921.76
0.02 0.02 95.00 1692709921.85
0.01 0.02 95.00 1692709921.94
0.01 0.03 95.00 1692709922.03
0.01 0.02 95.00 1692709922.13
0.00 0.03 95.00 1692709922.22
0.01 0.03 95.00 1692709922.31
0.01 0.02 95.00 1692709922.40
0.02 0.02 95.00 1692709922.49
0.02 0.01 95.00 1692709922.59
0.03 0.01 95.00 1692709922.69
0.04 0.02 95.00 1692709922.79
0.05 0.01 95.00 1692709922.89
0.05 0.01 95.00 1692709922.99
0.05 0.01 95.00 1692709923.09
0.04 0.01 95.00 1692709923.19
0.03 0.00 95.00 1692709923.29
0.01 0.02 95.00 1692709923.39
0.01 0.04 95.00 1692709923.49
0.01 0.04 95.00 1692709923.59
0.00 0.03 95.00 1692709923.69
0.02 0.06 95.00 1692709923.79
0.02 0.06 95.00 1692709923.89
0.02 0.05 95.00 1692709923.99
0.02 0.04 95.00 1692709924.09
0.01 0.04 95.00 1692709924.19
0.00 0.03 95.00 1692709924.29
0.00 0.01 95.00 1692709924.39
0.00 0.00 95.00 1692709924.49
0.02 0.01 95.00 1692709924.59
0.03 0.01 95.00 1692709924.69
0.02 0.01 95.00 1692709924.79
0.01 0.01 95.00 1692709924.89
0.03 0.03 95.00 1692709924.99
0.02 0.04 95.00 1692709925.09
0.01 0.04 95.00 1692709925.19
0.00 0.04 95.00 1692709925.29
0.00 0.04 95.00 1692709925.39
0.01 0.02 95.00 1692709925.49
0.01 0.01 95.00 1692709925.59
0.00 0.01 95.00 1692709925.69
0.02 0.00 95.00 1692709925.79
0.04 0.02 95.00 1692709925.89
0.03 0.03 95.00 1692709925.99
0.03 0.03 95.00 1692709926.09
0.03 0.04 95.00 1692709926.19
0.02 0.04 95.00 1692709926.29
0.00 0.03 95.00 1692709926.39
0.01 0.04 95.00 1692709926.49
0.01 0.04 95.00 1692709926.59
0.01 0.04 95.00 1692709926.69
0.01 0.02 95.00 1692709926.79
0.01 0.01 95.00 1692709926.89
0.03 0.02 95.00 1692709926.99
0.04 0.03 95.00 1692709927.09
0.04 0.05 95.00 1692709927.19
0.03 0.03 95.00 1692709927.29
0.02 0.04 95.00 1692709927.39
0.02 0.03 95.00 1692709927.49
0.01 0.02 95.00 1692709927.59
0.02 0.02 95.00 1692709927.69
0.03 0.03 95.00 1692709927.79
0.04 0.03 95.00 1692709927.89
0.03 0.02 95.00 1692709927.99
0.03 0.02 96.00 1692709928.09
0.03 0.02 96.00 1692709928.19
0.01 0.01 96.00 1692709928.29
0.00 0.01 96.00 1692709928.39
0.01 0.03 96.00 1692709928.49
0.01 0.04 96.00 1692709928.59
0.00 0.03 96.00 1692709928.69
0.01 0.03 94.00 1692709928.79
0.01 0.03 94.00 1692709928.89
0.02 0.02 94.00 1692709928.99
0.03 0.03 94.00 1692709929.09
0.03 0.02 94.00 1692709929.19
0.02 0.02 94.00 1692709929.29
0.00 0.02 94.00 1692709929.39
0.00 0.01 94.00 1692709929.49
0.00 0.02 94.00 1692709929.59
0.00 0.02 94.00 1692709929.69
0.00 0.02 94.00 1692709929.79
0.01 0.02 94.00 1692709929.89
0.00 0.01 94.00 1692709929.99
0.03 0.00 94.00 1692709930.09
0.08 0.01 94.00 1692709930.19
0.07 0.05 92.00 1692709930.29
0.26 0.21 92.00 1692709930.39
0.91 1.02 92.00 1692709930.49
0.51 1.43 92.00 1692709930.59
0.08 0.94 92.00 1692709930.69
0.21 0.71 92.00 1692709930.79
0.29 0.52 90.00 1692709930.89
0.46 0.52 89.00 1692709930.99
0.73 0.84 89.00 1692709931.08
1.16 1.44 88.00 1692709931.18
1.33 1.59 87.00 1692709931.28
1.59 1.84 87.00 1692709931.38
2.07 2.40 85.00 1692709931.48
2.69 4.83 84.00 1692709931.58
3.84 4.62 82.00 1692709931.99
5.01 4.24 81.00 1692709932.09
4.71 3.99 81.00 1692709932.18
4.46 3.84 80.00 1692709932.27
4.17 3.83 80.00 1692709932.36
4.11 4.25 79.00 1692709932.46
4.67 5.60 79.00 1692709932.55
5.64 6.93 80.00 1692709932.64
7.26 7.45 79.00 1692709932.73
8.19 8.00 77.00 1692709933.13
8.23 8.15 76.00 1692709933.23
8.11 8.12 74.00 1692709933.33
8.18 8.26 74.00 1692709933.43
8.64 8.76 72.00 1692709933.53
9.65 9.74 70.00 1692709933.63
10.52 10.81 68.00 1692709933.73
11.70 11.84 68.00 1692709933.83
12.73 13.87 66.00 1692709933.93
14.00 17.88 65.00 1692709934.03
15.74 19.27 65.00 1692709934.13
17.22 19.84 65.00 1692709934.23
16.64 18.21 64.00 1692709934.33
15.74 16.42 62.00 1692709934.43
16.91 15.86 62.00 1692709934.53
18.43 16.69 61.00 1692709934.63
19.59 17.31 60.00 1692709934.73
20.86 17.30 60.00 1692709934.83
21.54 17.27 58.00 1692709934.93
21.77 17.35 56.00 1692709935.03
22.60 17.43 53.00 1692709935.13
23.35 19.42 51.00 1692709935.23
23.81 20.33 50.00 1692709935.33
24.50 21.94 48.00 1692709935.43
24.41 22.14 46.00 1692709935.53
25.14 23.10 44.00 1692709935.63
25.74 24.98 43.00 1692709935.73
26.45 26.40 41.00 1692709935.83
26.67 27.47 40.00 1692709935.93
26.31 27.95 38.00 1692709936.03
27.50 27.97 37.00 1692709936.13
28.30 29.50 35.00 1692709936.23
27.07 30.09 33.00 1692709936.33
27.94 30.93 32.00 1692709936.43
29.72 32.62 30.00 1692709936.53
30.88 33.54 28.00 1692709936.62
31.99 34.53 26.00 1692709936.72
32.08 35.44 23.00 1692709936.82
30.74 35.24 21.00 1692709936.92
31.05 34.88 19.00 1692709937.02
32.01 35.28 17.00 1692709937.12
33.08 35.92 15.00 1692709937.22
33.95 36.78 13.00 1692709937.32
34.66 36.59 11.00 1692709937.42
34.14 32.52 9.00 1692709937.52
33.39 30.54 6.00 1692709937.62
30.00 26.63 4.00 1692709937.72
22.62 20.31 3.00 1692709937.82
15.28 13.49 2.00 1692709937.92
10.61 7.72 2.00 1692709938.02
7.20 3.90 2.00 1692709938.12
4.50 1.67 2.00 1692709938.22
2.27 0.59 2.00 1692709938.32
1.16 0.37 3.00 1692709938.42
0.67 0.15 3.00 1692709938.52
0.25 0.03 3.00 1692709938.62
0.06 0.02 3.00 1692709938.72
0.01 0.01 3.00 1692709938.82
0.04 0.01 3.00 1692709938.92
0.40 0.00 3.00 1692709939.02
0.88 0.03 3.00 1692709939.12
1.05 0.13 19.00 1692709939.22
1.28 0.16 39.00 1692709939.32
1.50 0.14 59.00 1692709939.42
1.21 0.04 79.00 1692709939.52
0.66 0.01 89.00 1692709939.62
0.30 0.00 96.00 1692709939.72
0.09 0.01 95.00 1692709939.82
0.02 0.04 96.00 1692709939.92
0.00 0.04 96.00 1692709940.02
0.01 0.04 95.00 1692709940.12
0.01 0.04 96.00 1692709940.22
0.02 0.03 95.00 1692709940.32
0.02 0.03 95.00 1692709940.42
0.03 0.02 96.00 1692709940.52
0.03 0.02 96.00 1692709940.62
0.02 0.02 96.00 1692709940.72
0.02 0.02 96.00 1692709940.82
0.03 0.03 96.00 1692709940.92
0.03 0.03 96.00 1692709941.02
0.03 0.01 96.00 1692709941.12
0.03 0.02 96.00 1692709941.22
0.03 0.04 96.00 1692709941.32
0.03 0.04 96.00 1692709941.42
0.03 0.05 96.00 1692709941.52
0.03 0.05 96.00 1692709941.62
0.03 0.04 96.00 1692709941.72
0.03 0.04 96.00 1692709941.82
0.03 0.03 96.00 1692709941.92
0.03 0.02 96.00 1692709942.02
0.02 0.02 96.00 1692709942.12
0.02 0.02 96.00 1692709942.22
0.03 0.05 96.00 1692709942.32
0.03 0.04 96.00 1692709942.42
0.03 0.03 96.00 1692709942.52
0.03 0.02 96.00 1692709942.62
0.04 0.03 96.00 1692709942.72
0.04 0.02 96.00 1692709942.82
0.04 0.01 96.00 1692709942.92
0.04 0.03 96.00 1692709943.02
0.03 0.05 96.00 1692709943.12
0.03 0.03 96.00 1692709943.22
0.04 0.01 96.00 1692709943.32
0.05 0.01 96.00 1692709943.42
0.06 0.01 96.00 1692709943.52
0.09 0.02 96.00 1692709943.62
0.09 0.03 96.00 1692709943.72
0.10 0.03 96.00 1692709943.82
0.15 0.03 96.00 1692709943.92
0.15 0.03 96.00 1692709944.02
0.18 0.04 96.00 1692709944.12
0.26 0.04 96.00 1692709944.22
0.29 0.03 96.00 1692709944.32
0.28 0.04 96.00 1692709944.42
0.25 0.08 96.00 1692709944.52
0.21 0.10 96.00 1692709944.62
0.19 0.12 96.00 1692709944.72
