0.00 0.00 92.00 1692797335.45
0.00 0.00 92.00 1692797335.51
0.00 0.01 92.00 1692797335.61
0.00 0.01 92.00 1692797335.71
0.00 0.00 92.00 1692797335.81
0.00 0.00 92.00 1692797335.91
0.00 0.00 92.00 1692797336.01
0.00 0.00 92.00 1692797336.11
0.01 0.00 92.00 1692797336.21
0.01 0.00 92.00 1692797336.31
0.02 0.01 92.00 1692797336.41
0.02 0.01 92.00 1692797336.51
0.01 0.02 92.00 1692797336.61
0.01 0.03 92.00 1692797336.71
0.00 0.00 92.00 1692797336.81
0.00 0.00 92.00 1692797336.92
0.00 0.01 92.00 1692797337.02
0.02 0.07 92.00 1692797337.12
0.10 0.19 92.00 1692797337.22
0.24 0.90 92.00 1692797337.32
0.52 1.54 92.00 1692797337.42
1.26 2.11 92.00 1692797337.52
1.76 2.24 92.00 1692797337.62
1.80 2.25 92.00 1692797337.72
1.83 2.49 92.00 1692797338.13
2.09 2.71 92.00 1692797338.23
2.34 2.95 92.00 1692797338.32
2.58 3.12 92.00 1692797338.41
2.68 3.20 92.00 1692797338.50
2.56 3.22 92.00 1692797338.60
2.37 3.28 92.00 1692797338.69
2.47 3.49 92.00 1692797338.78
2.77 3.75 92.00 1692797338.88
2.88 3.77 92.00 1692797338.97
2.61 3.68 92.00 1692797339.06
2.45 3.69 92.00 1692797339.15
2.48 3.72 92.00 1692797339.25
2.49 3.70 92.00 1692797339.34
2.42 3.61 92.00 1692797339.43
2.38 3.58 92.00 1692797339.53
2.42 3.81 92.00 1692797339.63
2.48 5.34 88.00 1692797340.04
3.86 6.11 86.00 1692797340.14
4.45 7.06 84.00 1692797340.23
5.26 8.69 82.00 1692797340.32
6.93 10.37 81.00 1692797340.41
8.76 11.38 80.00 1692797340.51
9.57 12.12 79.00 1692797340.60
10.20 12.56 77.00 1692797340.69
10.92 13.35 77.00 1692797340.79
11.94 13.88 75.00 1692797340.88
12.74 14.48 74.00 1692797340.97
13.70 15.23 73.00 1692797341.06
14.74 15.87 72.00 1692797341.16
15.85 16.43 71.00 1692797341.25
17.16 17.21 70.00 1692797341.34
18.56 17.83 70.00 1692797341.44
19.25 18.25 68.00 1692797341.85
19.29 18.57 67.00 1692797341.95
19.82 19.07 66.00 1692797342.04
20.68 19.72 65.00 1692797342.13
21.47 20.47 64.00 1692797342.22
22.26 21.40 62.00 1692797342.32
23.27 22.45 62.00 1692797342.41
24.35 23.51 62.00 1692797342.50
25.04 24.43 61.00 1692797342.60
25.52 25.44 60.00 1692797342.69
26.09 26.46 59.00 1692797342.78
26.70 27.47 58.00 1692797342.87
27.32 28.33 57.00 1692797342.97
27.90 29.17 55.00 1692797343.06
28.55 29.92 53.00 1692797343.15
28.95 30.45 52.00 1692797343.25
29.25 30.85 50.00 1692797343.35
29.43 31.08 48.00 1692797343.45
29.60 31.58 44.00 1692797343.55
30.00 32.24 41.00 1692797343.65
30.32 32.97 35.00 1692797343.75
29.94 33.26 30.00 1692797343.85
28.75 32.62 24.00 1692797343.95
26.10 30.48 16.00 1692797344.05
21.94 27.00 11.00 1692797344.15
16.33 22.25 11.00 1692797344.25
11.94 16.46 11.00 1692797344.36
9.50 10.88 11.00 1692797344.46
7.98 10.01 11.00 1692797344.56
7.21 9.83 11.00 1692797344.66
7.25 10.26 11.00 1692797344.76
7.55 10.89 11.00 1692797344.86
7.66 11.33 11.00 1692797344.96
7.55 11.54 11.00 1692797345.06
7.15 11.16 11.00 1692797345.16
6.57 10.14 11.00 1692797345.26
5.90 7.51 11.00 1692797345.67
4.26 8.04 11.00 1692797345.77
4.17 8.49 11.00 1692797345.86
4.41 8.70 11.00 1692797345.95
4.77 8.75 11.00 1692797346.04
5.39 8.74 11.00 1692797346.14
6.30 8.85 11.00 1692797346.23
7.52 9.22 11.00 1692797346.32
8.44 9.87 11.00 1692797346.42
8.66 11.09 11.00 1692797346.51
9.11 13.50 11.00 1692797346.60
10.67 16.90 11.00 1692797346.69
13.00 19.46 11.00 1692797346.79
11.83 16.93 11.00 1692797346.88
6.83 4.81 11.00 1692797347.29
3.93 4.15 11.00 1692797347.39
3.08 4.17 11.00 1692797347.48
2.77 4.48 14.00 1692797347.57
2.83 4.78 29.00 1692797347.66
2.90 5.12 47.00 1692797347.76
2.58 5.45 69.00 1692797347.85
2.12 5.88 89.00 1692797347.94
12.49 6.40 95.00 1692797348.04
2.29 6.55 95.00 1692797348.42
1.78 5.61 96.00 1692797348.53
1.53 4.14 94.00 1692797348.63
2.39 3.06 94.00 1692797348.73
4.11 2.98 94.00 1692797348.83
5.27 2.82 94.00 1692797348.93
5.44 1.94 94.00 1692797349.03
4.81 0.97 94.00 1692797349.13
4.71 0.35 94.00 1692797349.54
5.50 1.27 94.00 1692797349.64
5.28 1.78 94.00 1692797349.73
4.25 1.92 93.00 1692797349.82
3.75 2.58 92.00 1692797349.92
3.93 3.65 93.00 1692797350.01
4.73 5.35 93.00 1692797350.10
5.66 6.11 93.00 1692797350.20
5.46 5.73 93.00 1692797350.29
5.11 5.02 93.00 1692797350.38
4.99 4.38 93.00 1692797350.48
5.11 3.78 93.00 1692797350.57
5.35 3.45 92.00 1692797350.66
5.60 3.34 92.00 1692797350.76
6.09 3.97 92.00 1692797350.85
6.62 4.95 92.00 1692797350.95
6.49 5.48 92.00 1692797351.05
6.03 5.51 92.00 1692797351.15
5.44 5.41 92.00 1692797351.25
4.87 5.25 92.00 1692797351.35
4.61 5.16 92.00 1692797351.45
4.58 5.13 92.00 1692797351.55
4.54 4.96 92.00 1692797351.65
4.47 4.66 92.00 1692797351.75
4.45 4.32 92.00 1692797351.85
4.57 4.05 92.00 1692797351.95
4.83 4.03 92.00 1692797352.05
4.97 4.28 92.00 1692797352.16
4.92 4.39 91.00 1692797352.26
5.04 4.70 89.00 1692797352.36
5.64 5.43 88.00 1692797352.46
7.33 6.87 87.00 1692797352.56
8.92 8.32 86.00 1692797352.66
9.13 8.82 84.00 1692797352.76
9.21 8.91 82.00 1692797352.86
10.10 9.49 81.00 1692797352.96
11.33 10.66 80.00 1692797353.06
12.27 11.75 79.00 1692797353.16
13.21 12.61 78.00 1692797353.26
13.95 14.09 77.00 1692797353.37
14.54 14.46 76.00 1692797353.47
14.90 14.60 76.00 1692797353.57
15.17 14.87 75.00 1692797353.67
15.68 15.29 74.00 1692797353.77
16.42 15.72 73.00 1692797353.87
17.39 16.32 73.00 1692797353.97
18.14 16.90 72.00 1692797354.07
18.52 17.25 71.00 1692797354.17
18.87 17.50 70.00 1692797354.27
19.60 17.79 69.00 1692797354.37
20.60 18.33 69.00 1692797354.47
21.55 19.32 68.00 1692797354.58
22.34 19.65 66.00 1692797354.68
22.92 19.96 66.00 1692797354.78
23.60 20.45 64.00 1692797354.88
24.27 20.86 64.00 1692797354.98
24.67 21.18 62.00 1692797355.08
25.15 21.55 62.00 1692797355.18
25.83 22.02 60.00 1692797355.28
26.42 22.67 59.00 1692797355.38
26.78 23.44 56.00 1692797355.48
27.22 24.23 53.00 1692797355.58
27.78 25.11 51.00 1692797355.68
28.31 26.75 48.00 1692797355.78
28.61 27.44 43.00 1692797355.89
28.56 27.47 36.00 1692797355.99
27.32 26.63 29.00 1692797356.09
24.54 25.54 19.00 1692797356.19
20.41 22.72 10.00 1692797356.29
15.04 18.34 9.00 1692797356.39
10.74 13.18 8.00 1692797356.49
8.56 9.59 8.00 1692797356.59
7.59 8.62 8.00 1692797356.69
7.03 7.84 8.00 1692797356.79
6.63 7.48 8.00 1692797356.89
6.54 7.66 9.00 1692797356.99
6.38 7.48 9.00 1692797357.09
6.12 7.04 9.00 1692797357.20
5.63 6.35 9.00 1692797357.30
4.92 5.40 9.00 1692797357.40
4.30 4.64 9.00 1692797357.50
3.77 4.58 9.00 1692797357.60
3.42 5.03 9.00 1692797357.70
3.55 5.68 9.00 1692797357.80
3.94 6.46 9.00 1692797357.90
4.64 7.11 9.00 1692797358.00
5.56 7.28 9.00 1692797358.10
6.59 7.15 9.00 1692797358.20
7.48 7.38 9.00 1692797358.30
8.01 7.66 9.00 1692797358.40
8.02 8.04 9.00 1692797358.51
7.99 8.89 9.00 1692797358.61
8.45 10.45 9.00 1692797358.71
8.46 13.19 9.00 1692797358.81
6.74 14.56 9.00 1692797358.91
3.92 11.76 9.00 1692797359.01
2.08 8.45 9.00 1692797359.11
1.19 24.06 9.00 1692797359.21
0.91 2.96 9.00 1692797359.62
0.96 2.77 9.00 1692797359.72
1.11 2.51 9.00 1692797359.81
1.03 1.84 9.00 1692797359.90
0.75 0.81 9.00 1692797360.00
0.39 0.13 9.00 1692797360.09
0.15 0.01 9.00 1692797360.18
0.27 0.01 9.00 1692797360.28
0.54 0.11 9.00 1692797360.37
0.55 0.24 9.00 1692797360.46
