1.64 0.67 95.00 1692878889.53
1.65 0.76 95.00 1692878889.60
1.65 0.80 95.00 1692878889.70
1.63 0.80 95.00 1692878889.80
1.62 0.84 95.00 1692878889.90
1.64 0.87 95.00 1692878890.00
1.66 0.88 95.00 1692878890.10
1.68 0.91 95.00 1692878890.20
1.70 0.98 95.00 1692878890.30
1.70 1.01 95.00 1692878890.40
1.67 1.02 95.00 1692878890.51
1.64 0.97 95.00 1692878890.61
1.60 0.88 95.00 1692878890.71
1.57 0.71 95.00 1692878890.81
1.55 0.67 95.00 1692878890.91
1.56 0.61 95.00 1692878891.01
1.58 0.58 95.00 1692878891.11
1.59 0.57 95.00 1692878891.21
1.55 0.50 95.00 1692878891.31
1.51 0.32 95.00 1692878891.41
1.49 0.20 95.00 1692878891.51
1.49 0.17 95.00 1692878891.61
1.54 0.12 95.00 1692878891.71
1.57 0.07 95.00 1692878891.81
1.62 0.05 95.00 1692878891.91
1.64 0.26 95.00 1692878892.01
1.61 0.21 95.00 1692878892.11
1.33 0.18 95.00 1692878892.21
0.50 1.25 95.00 1692878892.31
0.37 1.95 95.00 1692878892.41
0.74 2.11 95.00 1692878892.51
0.84 2.26 95.00 1692878892.61
0.88 2.36 95.00 1692878892.71
0.90 2.52 95.00 1692878892.81
0.97 2.83 95.00 1692878892.91
1.07 3.12 95.00 1692878893.01
1.17 3.24 95.00 1692878893.11
1.19 3.42 95.00 1692878893.21
1.09 3.39 95.00 1692878893.31
0.93 3.26 95.00 1692878893.41
0.78 2.98 95.00 1692878893.51
0.68 2.75 95.00 1692878893.61
0.56 2.53 95.00 1692878893.71
0.56 2.41 95.00 1692878893.81
0.66 2.43 95.00 1692878893.91
0.77 2.46 95.00 1692878894.02
0.94 2.50 95.00 1692878894.11
1.18 2.64 95.00 1692878894.21
1.37 2.83 95.00 1692878894.32
1.44 3.01 95.00 1692878894.42
1.43 3.01 95.00 1692878894.52
1.39 2.98 95.00 1692878894.62
1.29 2.91 95.00 1692878894.72
1.19 2.82 95.00 1692878894.82
1.09 2.68 95.00 1692878894.92
1.12 2.63 95.00 1692878895.02
1.22 2.72 95.00 1692878895.12
1.33 2.83 94.00 1692878895.22
1.52 2.99 94.00 1692878895.32
1.85 3.26 94.00 1692878895.42
2.22 3.64 94.00 1692878895.52
2.59 4.38 92.00 1692878895.62
3.15 5.02 91.00 1692878895.72
4.34 6.05 89.00 1692878895.82
6.04 7.55 88.00 1692878895.92
6.93 8.87 87.00 1692878896.02
7.29 9.61 86.00 1692878896.12
7.69 10.42 85.00 1692878896.22
7.88 10.79 84.00 1692878896.32
8.19 11.05 82.00 1692878896.42
8.57 11.44 81.00 1692878896.52
9.19 11.91 81.00 1692878896.62
10.03 12.37 80.00 1692878896.72
11.08 13.71 80.00 1692878896.82
11.90 14.20 79.00 1692878896.92
12.32 14.26 79.00 1692878897.02
12.49 14.07 77.00 1692878897.12
12.57 13.82 77.00 1692878897.22
13.15 16.52 73.00 1692878897.64
15.51 17.19 72.00 1692878897.73
16.41 17.67 72.00 1692878897.82
17.29 17.97 70.00 1692878897.91
17.96 18.34 69.00 1692878898.01
18.57 18.96 68.00 1692878898.10
19.38 19.81 67.00 1692878898.19
20.30 20.53 66.00 1692878898.28
20.94 21.27 65.00 1692878898.38
21.44 22.16 65.00 1692878898.47
21.94 23.06 64.00 1692878898.56
22.38 23.82 63.00 1692878898.65
22.77 24.62 62.00 1692878898.75
23.08 25.24 61.00 1692878898.84
23.33 25.79 60.00 1692878898.93
23.79 26.59 58.00 1692878899.03
24.48 27.53 55.00 1692878899.13
25.35 28.53 53.00 1692878899.23
26.39 29.73 51.00 1692878899.33
27.45 31.17 48.00 1692878899.43
28.36 32.44 45.00 1692878899.53
29.24 33.45 43.00 1692878899.63
29.83 34.30 40.00 1692878899.73
29.78 34.84 35.00 1692878899.83
28.94 34.77 30.00 1692878899.93
27.49 34.12 25.00 1692878900.03
25.14 32.26 17.00 1692878900.13
21.21 24.77 11.00 1692878900.23
16.16 19.76 8.00 1692878900.33
11.19 15.63 8.00 1692878900.43
8.05 13.34 8.00 1692878900.53
6.53 11.87 8.00 1692878900.63
5.45 10.79 8.00 1692878900.73
4.72 9.98 8.00 1692878900.83
4.48 9.50 8.00 1692878900.93
4.35 9.40 8.00 1692878901.03
4.01 9.36 8.00 1692878901.13
3.46 9.29 8.00 1692878901.23
2.98 9.17 8.00 1692878901.33
2.48 7.94 8.00 1692878901.43
1.91 7.60 8.00 1692878901.53
1.44 7.52 8.00 1692878901.64
1.29 7.67 8.00 1692878901.74
1.27 7.97 8.00 1692878901.84
1.42 8.34 8.00 1692878901.94
1.63 8.36 8.00 1692878902.04
1.98 7.95 8.00 1692878902.14
2.50 7.64 8.00 1692878902.24
3.03 7.69 8.00 1692878902.34
3.66 7.91 8.00 1692878902.44
4.13 8.13 8.00 1692878902.54
4.37 8.23 8.00 1692878902.64
4.56 8.30 8.00 1692878902.74
4.63 8.53 8.00 1692878902.84
4.37 9.21 8.00 1692878902.94
3.99 10.68 8.00 1692878903.04
3.98 12.29 8.00 1692878903.14
4.43 12.92 8.00 1692878903.24
4.91 12.99 8.00 1692878903.34
5.55 12.62 8.00 1692878903.44
6.16 11.89 8.00 1692878903.54
6.57 10.93 8.00 1692878903.64
6.75 9.46 8.00 1692878903.74
6.35 6.55 8.00 1692878903.84
4.38 4.64 8.00 1692878903.94
2.74 3.39 8.00 1692878904.04
2.52 2.99 8.00 1692878904.14
2.92 3.09 8.00 1692878904.24
2.82 3.26 8.00 1692878904.34
1.76 3.00 8.00 1692878904.44
0.57 2.57 8.00 1692878904.54
0.11 2.35 8.00 1692878904.64
0.26 2.53 8.00 1692878904.74
0.06 2.80 8.00 1692878904.84
0.39 2.67 9.00 1692878904.94
0.86 1.26 21.00 1692878905.04
1.00 0.88 49.00 1692878905.14
0.71 1.24 67.00 1692878905.24
0.53 1.39 72.00 1692878905.34
0.52 1.50 83.00 1692878905.44
0.72 1.57 96.00 1692878905.55
0.81 1.64 97.00 1692878905.65
0.79 1.66 97.00 1692878905.75
0.91 1.72 96.00 1692878905.85
1.13 1.59 95.00 1692878905.95
1.30 1.29 95.00 1692878906.05
1.37 0.90 95.00 1692878906.15
1.49 0.46 95.00 1692878906.25
1.67 0.14 95.00 1692878906.35
1.71 0.04 95.00 1692878906.45
1.71 0.06 95.00 1692878906.55
1.71 0.38 95.00 1692878906.65
1.71 0.61 95.00 1692878906.75
1.71 0.56 95.00 1692878906.85
1.71 0.45 95.00 1692878906.95
1.71 0.35 95.00 1692878907.05
1.71 0.35 95.00 1692878907.15
1.71 0.56 95.00 1692878907.25
1.71 0.75 95.00 1692878907.35
1.71 0.95 95.00 1692878907.45
1.71 1.03 95.00 1692878907.55
1.71 1.04 95.00 1692878907.65
1.71 0.94 95.00 1692878907.75
1.71 0.55 95.00 1692878907.85
1.71 0.29 95.00 1692878907.95
1.71 0.41 95.00 1692878908.05
1.71 0.59 95.00 1692878908.15
1.71 0.65 95.00 1692878908.25
1.60 0.32 95.00 1692878908.35
1.38 0.21 95.00 1692878908.45
1.48 0.36 95.00 1692878908.55
1.50 0.14 95.00 1692878908.65
1.44 0.55 95.00 1692878908.75
1.25 0.83 95.00 1692878908.85
0.88 0.87 95.00 1692878908.95
0.61 0.87 95.00 1692878909.05
0.67 0.93 95.00 1692878909.15
0.85 1.03 95.00 1692878909.26
1.05 1.07 95.00 1692878909.36
1.04 1.07 95.00 1692878909.46
0.82 0.99 95.00 1692878909.56
0.37 0.96 95.00 1692878909.66
0.45 1.02 95.00 1692878909.76
1.51 0.08 95.00 1692878909.86
1.66 0.69 95.00 1692878909.96
0.81 1.12 95.00 1692878910.06
0.08 1.18 95.00 1692878910.16
0.25 1.09 95.00 1692878910.26
0.30 1.39 95.00 1692878910.36
0.08 1.87 95.00 1692878910.46
0.76 2.34 95.00 1692878910.56
1.53 3.09 95.00 1692878910.66
1.96 3.59 95.00 1692878910.76
2.24 3.52 95.00 1692878910.86
2.40 3.22 95.00 1692878910.96
2.47 2.66 95.00 1692878911.06
2.58 2.54 95.00 1692878911.16
2.52 2.82 95.00 1692878911.26
2.21 3.08 95.00 1692878911.36
2.41 2.59 95.00 1692878911.46
3.08 1.33 95.00 1692878911.56
3.49 0.19 95.00 1692878911.66
3.29 0.76 95.00 1692878911.76
2.85 0.27 95.00 1692878911.86
2.16 0.58 95.00 1692878911.96
1.64 1.48 96.00 1692878912.06
1.66 2.34 96.00 1692878912.16
2.03 4.20 95.00 1692878912.26
2.42 5.07 95.00 1692878912.36
2.50 5.42 95.00 1692878912.46
2.43 5.34 95.00 1692878912.56
2.20 4.81 95.00 1692878912.66
2.03 4.16 95.00 1692878912.77
1.92 2.88 95.00 1692878913.18
1.85 3.43 95.00 1692878913.27
2.31 3.87 95.00 1692878913.36
2.84 4.03 95.00 1692878913.46
2.99 4.17 95.00 1692878913.55
3.03 4.54 94.00 1692878913.64
3.32 5.23 94.00 1692878913.73
3.90 5.80 94.00 1692878913.83
4.33 6.15 92.00 1692878913.92
4.61 6.34 92.00 1692878914.01
4.78 6.70 91.00 1692878914.10
5.26 7.50 90.00 1692878914.20
6.07 8.58 89.00 1692878914.29
6.82 9.48 89.00 1692878914.38
7.03 1.36 88.00 1692878914.47
7.06 10.44 85.00 1692878914.89
7.55 11.03 84.00 1692878914.98
8.40 11.85 83.00 1692878915.07
9.57 12.94 81.00 1692878915.16
10.95 13.98 81.00 1692878915.26
22.73 14.87 80.00 1692878915.35
16.23 17.17 78.00 1692878915.73
16.54 17.23 77.00 1692878915.83
16.71 17.15 77.00 1692878915.93
16.77 16.95 76.00 1692878916.03
17.24 17.06 75.00 1692878916.13
18.00 17.41 75.00 1692878916.23
18.80 17.81 74.00 1692878916.33
19.42 18.26 73.00 1692878916.43
20.07 18.60 73.00 1692878916.53
20.55 19.04 72.00 1692878916.63
20.61 19.35 71.00 1692878916.73
20.53 19.60 70.00 1692878916.83
20.87 20.08 68.00 1692878916.93
21.42 20.80 65.00 1692878917.03
22.09 21.66 64.00 1692878917.13
22.80 22.66 62.00 1692878917.23
23.64 23.76 61.00 1692878917.34
24.44 24.97 60.00 1692878917.44
25.12 26.14 58.00 1692878917.54
