0.01 0.01 95.00 1692710512.69
0.01 0.01 95.00 1692710512.73
0.01 0.00 95.00 1692710512.82
0.01 0.00 95.00 1692710512.92
0.01 0.01 95.00 1692710513.02
0.01 0.01 95.00 1692710513.12
0.01 0.00 95.00 1692710513.22
0.01 0.00 95.00 1692710513.32
0.01 0.00 95.00 1692710513.42
0.01 0.00 95.00 1692710513.52
0.02 0.00 95.00 1692710513.62
0.02 0.00 95.00 1692710513.72
0.02 0.01 95.00 1692710513.82
0.02 0.01 95.00 1692710513.92
0.01 0.01 95.00 1692710514.02
0.01 0.00 95.00 1692710514.12
0.01 0.01 95.00 1692710514.22
0.01 0.01 95.00 1692710514.32
0.01 0.01 95.00 1692710514.42
0.01 0.01 95.00 1692710514.52
0.01 0.01 95.00 1692710514.62
0.01 0.00 95.00 1692710514.72
0.01 0.00 95.00 1692710514.82
0.01 0.00 95.00 1692710514.92
0.01 0.00 95.00 1692710515.02
0.01 0.00 95.00 1692710515.12
0.01 0.00 95.00 1692710515.22
0.01 0.00 95.00 1692710515.32
0.01 0.00 95.00 1692710515.42
0.01 0.00 95.00 1692710515.52
0.01 0.00 95.00 1692710515.62
0.02 0.00 95.00 1692710515.72
0.01 0.00 95.00 1692710515.82
0.01 0.00 95.00 1692710515.92
0.01 0.00 95.00 1692710516.02
0.01 0.01 95.00 1692710516.12
0.01 0.00 95.00 1692710516.22
0.01 0.00 95.00 1692710516.32
0.01 0.00 95.00 1692710516.42
0.01 0.00 95.00 1692710516.52
0.01 0.00 95.00 1692710516.62
0.00 0.00 94.00 1692710516.72
0.00 0.00 94.00 1692710516.82
0.01 0.00 94.00 1692710516.92
0.03 0.01 94.00 1692710517.02
0.08 0.01 94.00 1692710517.12
0.18 0.01 94.00 1692710517.22
0.21 0.02 94.00 1692710517.32
0.17 0.02 94.00 1692710517.42
0.10 0.02 94.00 1692710517.52
0.05 0.02 94.00 1692710517.62
0.15 0.02 94.00 1692710517.72
0.30 0.02 94.00 1692710517.82
0.37 0.02 94.00 1692710517.92
0.50 0.02 94.00 1692710518.02
0.66 0.02 94.00 1692710518.12
0.97 0.02 94.00 1692710518.22
1.23 0.03 94.00 1692710518.32
1.40 0.03 94.00 1692710518.42
1.65 0.05 94.00 1692710518.52
2.31 0.07 94.00 1692710518.62
3.12 0.12 94.00 1692710518.71
3.56 0.20 92.00 1692710518.81
3.81 0.25 92.00 1692710518.91
4.01 0.35 90.00 1692710519.01
4.08 0.51 90.00 1692710519.11
4.14 0.73 90.00 1692710519.21
4.26 1.00 90.00 1692710519.31
4.19 1.04 90.00 1692710519.41
3.96 1.17 90.00 1692710519.51
3.89 1.39 90.00 1692710519.61
3.97 3.43 76.00 1692710520.02
4.44 5.22 71.00 1692710520.12
0.22 7.71 65.00 1692710520.21
17.82 17.14 42.00 1692710520.59
20.78 19.12 35.00 1692710520.69
22.90 20.50 29.00 1692710520.79
23.13 19.82 21.00 1692710520.89
21.89 17.85 15.00 1692710520.99
16.88 14.06 13.00 1692710521.09
10.77 8.26 12.00 1692710521.19
6.64 4.81 11.00 1692710521.29
4.57 3.36 10.00 1692710521.39
3.54 2.73 9.00 1692710521.49
2.94 2.26 9.00 1692710521.59
2.65 1.65 9.00 1692710521.69
2.52 1.49 9.00 1692710521.79
2.34 1.30 8.00 1692710521.89
2.11 1.21 8.00 1692710521.99
1.84 1.13 7.00 1692710522.09
1.65 0.99 7.00 1692710522.19
1.57 0.94 7.00 1692710522.29
1.52 0.94 7.00 1692710522.39
1.46 0.85 7.00 1692710522.49
1.29 0.75 7.00 1692710522.59
1.07 0.60 7.00 1692710522.69
0.99 0.40 7.00 1692710522.79
0.68 0.09 7.00 1692710522.89
0.25 0.04 7.00 1692710522.99
0.05 0.03 7.00 1692710523.09
0.02 0.02 7.00 1692710523.19
0.00 0.01 7.00 1692710523.29
0.02 0.01 7.00 1692710523.39
0.02 0.01 10.00 1692710523.49
0.02 0.01 14.00 1692710523.59
0.02 0.01 17.00 1692710523.69
0.02 0.01 22.00 1692710523.79
0.02 0.01 28.00 1692710523.89
0.02 0.00 34.00 1692710523.99
0.02 0.00 39.00 1692710524.09
0.01 0.00 44.00 1692710524.19
0.01 0.00 47.00 1692710524.29
0.01 0.00 44.00 1692710524.39
0.01 0.00 40.00 1692710524.49
0.01 0.00 40.00 1692710524.59
0.01 0.00 40.00 1692710524.69
0.01 0.00 40.00 1692710524.79
0.02 0.01 41.00 1692710524.89
0.04 0.00 41.00 1692710524.99
0.09 0.00 41.00 1692710525.09
0.11 0.03 41.00 1692710525.19
0.08 0.04 40.00 1692710525.29
0.04 0.03 40.00 1692710525.39
0.03 0.03 40.00 1692710525.49
0.02 0.10 40.00 1692710525.59
0.02 0.32 40.00 1692710525.69
0.02 0.36 40.00 1692710525.78
0.02 0.29 41.00 1692710525.89
0.02 0.18 41.00 1692710525.98
0.02 190.94 42.00 1692710526.08
0.03 0.03 67.00 1692710526.49
0.03 0.04 77.00 1692710526.59
0.02 0.02 87.00 1692710526.68
0.01 0.00 95.00 1692710526.77
0.02 0.02 95.00 1692710526.86
0.02 0.01 95.00 1692710526.95
0.01 0.01 95.00 1692710527.05
0.01 0.00 95.00 1692710527.14
0.01 0.01 95.00 1692710527.23
0.01 0.01 95.00 1692710527.32
0.01 0.01 95.00 1692710527.42
0.00 0.01 95.00 1692710527.51
0.00 0.01 95.00 1692710527.60
0.00 0.01 95.00 1692710527.69
0.00 0.02 96.00 1692710527.78
0.01 0.01 88.00 1692710527.88
0.00 0.01 81.00 1692710527.98
0.01 0.02 81.00 1692710528.08
0.00 0.02 81.00 1692710528.18
0.01 0.01 81.00 1692710528.28
0.01 0.00 81.00 1692710528.38
0.01 0.01 81.00 1692710528.48
0.01 0.01 81.00 1692710528.58
0.02 0.00 81.00 1692710528.68
0.02 0.01 81.00 1692710528.78
0.02 0.00 81.00 1692710528.88
0.02 0.02 81.00 1692710528.98
0.02 0.00 81.00 1692710529.08
0.02 0.00 81.00 1692710529.18
0.02 0.00 81.00 1692710529.28
0.02 0.01 81.00 1692710529.38
0.02 0.01 81.00 1692710529.48
0.02 0.01 81.00 1692710529.58
0.02 0.01 81.00 1692710529.68
0.02 0.01 81.00 1692710529.78
0.02 0.00 81.00 1692710529.88
0.02 0.00 81.00 1692710529.98
0.02 0.01 81.00 1692710530.08
0.03 0.00 81.00 1692710530.18
0.03 0.00 81.00 1692710530.28
0.03 0.00 81.00 1692710530.38
0.02 0.00 81.00 1692710530.48
0.02 0.01 81.00 1692710530.58
0.02 0.01 81.00 1692710530.68
0.02 0.01 81.00 1692710530.78
0.02 0.01 81.00 1692710530.88
0.03 0.00 81.00 1692710530.98
0.03 0.00 81.00 1692710531.08
0.02 0.00 81.00 1692710531.18
0.02 0.00 81.00 1692710531.28
0.02 0.01 81.00 1692710531.38
0.02 0.01 81.00 1692710531.48
0.02 0.01 81.00 1692710531.58
0.02 0.00 81.00 1692710531.68
0.02 0.01 81.00 1692710531.78
0.02 0.01 81.00 1692710531.88
0.03 0.00 81.00 1692710531.98
0.03 0.00 81.00 1692710532.08
0.02 0.00 81.00 1692710532.18
0.02 0.00 81.00 1692710532.28
0.02 0.00 81.00 1692710532.38
0.03 0.00 81.00 1692710532.48
0.03 0.00 81.00 1692710532.58
0.02 0.01 81.00 1692710532.68
0.02 0.01 81.00 1692710532.78
0.02 0.00 81.00 1692710532.88
0.02 0.00 81.00 1692710532.98
0.02 0.00 81.00 1692710533.08
0.02 0.00 81.00 1692710533.18
0.02 0.01 81.00 1692710533.28
0.01 0.00 81.00 1692710533.38
0.01 0.00 81.00 1692710533.48
0.01 0.00 81.00 1692710533.58
0.01 0.00 81.00 1692710533.68
0.01 0.00 81.00 1692710533.78
0.02 0.01 81.00 1692710533.88
0.02 0.01 81.00 1692710533.98
0.02 0.00 81.00 1692710534.08
0.02 0.01 81.00 1692710534.18
0.02 0.00 81.00 1692710534.28
0.02 0.01 81.00 1692710534.38
0.02 0.01 81.00 1692710534.48
0.02 0.00 81.00 1692710534.58
0.02 0.01 81.00 1692710534.68
0.02 0.01 81.00 1692710534.78
0.02 0.00 81.00 1692710534.88
0.02 0.00 81.00 1692710534.98
0.01 0.01 81.00 1692710535.08
0.01 0.01 81.00 1692710535.18
0.01 0.01 81.00 1692710535.28
0.01 0.01 81.00 1692710535.38
0.01 0.01 81.00 1692710535.48
0.00 0.01 81.00 1692710535.57
0.03 0.01 81.00 1692710535.67
0.20 0.01 81.00 1692710535.77
0.38 0.02 81.00 1692710535.87
0.54 0.03 81.00 1692710535.97
0.76 10.96 81.00 1692710536.07
1.04 0.17 81.00 1692710536.48
0.76 0.10 81.00 1692710536.58
0.66 0.19 81.00 1692710536.67
0.46 0.32 81.00 1692710536.76
0.46 0.58 81.00 1692710536.85
0.87 0.94 81.00 1692710536.95
1.48 0.92 81.00 1692710537.04
1.23 0.66 81.00 1692710537.13
0.66 0.45 81.00 1692710537.22
0.37 0.33 81.00 1692710537.31
0.38 0.33 80.00 1692710537.41
0.39 0.36 89.00 1692710537.50
0.29 0.40 94.00 1692710537.59
0.30 0.52 96.00 1692710537.68
0.45 0.69 96.00 1692710537.77
0.46 0.67 96.00 1692710537.87
0.32 0.50 94.00 1692710537.97
0.26 0.41 94.00 1692710538.07
0.35 0.42 94.00 1692710538.17
0.43 0.44 94.00 1692710538.27
0.50 0.51 94.00 1692710538.37
0.47 0.54 94.00 1692710538.47
0.48 0.61 94.00 1692710538.57
0.50 0.66 94.00 1692710538.67
0.65 0.81 94.00 1692710538.77
0.99 1.08 94.00 1692710538.87
1.41 1.47 93.00 1692710538.97
1.50 1.69 93.00 1692710539.07
1.48 1.63 93.00 1692710539.17
1.65 1.68 93.00 1692710539.27
1.99 2.00 93.00 1692710539.37
2.59 2.49 93.00 1692710539.47
3.13 2.92 93.00 1692710539.57
3.16 3.14 93.00 1692710539.67
3.15 3.29 93.00 1692710539.77
3.59 3.52 92.00 1692710539.87
4.30 3.86 92.00 1692710539.97
4.56 4.30 93.00 1692710540.07
4.14 4.05 92.00 1692710540.17
3.49 3.54 93.00 1692710540.27
3.34 3.35 92.00 1692710540.37
3.69 3.68 91.00 1692710540.47
4.19 4.35 90.00 1692710540.57
4.86 5.04 89.00 1692710540.67
5.29 5.64 89.00 1692710540.77
5.20 6.11 88.00 1692710540.87
5.19 6.34 87.00 1692710540.97
5.96 6.91 87.00 1692710541.07
7.11 7.88 87.00 1692710541.17
6.89 8.31 86.00 1692710541.27
5.96 7.11 85.00 1692710541.37
5.98 6.77 85.00 1692710541.47
6.55 7.11 85.00 1692710541.57
6.71 7.43 84.00 1692710541.67
7.07 7.89 84.00 1692710541.77
7.74 8.64 84.00 1692710541.87
8.18 9.31 82.00 1692710541.97
8.39 9.62 81.00 1692710542.07
8.38 9.77 80.00 1692710542.17
8.86 9.89 80.00 1692710542.27
9.66 10.06 80.00 1692710542.37
10.21 10.42 80.00 1692710542.47
10.08 10.40 79.00 1692710542.57
9.91 10.07 79.00 1692710542.67
10.08 9.94 78.00 1692710542.77
10.76 10.29 78.00 1692710542.87
11.80 10.90 78.00 1692710542.97
12.69 11.41 78.00 1692710543.07
12.85 11.50 77.00 1692710543.17
12.48 11.12 77.00 1692710543.27
12.13 10.63 76.00 1692710543.37
12.26 10.26 75.00 1692710543.47
12.88 10.63 74.00 1692710543.57
13.85 11.40 74.00 1692710543.67
14.67 12.51 74.00 1692710543.77
15.21 12.75 73.00 1692710543.87
15.41 12.76 72.00 1692710543.97
15.47 12.88 72.00 1692710544.07
15.69 13.17 71.00 1692710544.17
15.94 13.50 70.00 1692710544.27
16.11 13.82 69.00 1692710544.37
16.55 14.12 68.00 1692710544.47
17.43 14.89 67.00 1692710544.57
18.21 15.65 66.00 1692710544.67
18.64 16.43 66.00 1692710544.77
18.36 16.78 65.00 1692710544.87
17.48 16.62 65.00 1692710544.97
16.58 16.47 63.00 1692710545.06
16.36 16.58 62.00 1692710545.16
16.37 16.90 60.00 1692710545.26
17.17 190.94 58.00 1692710545.36
18.72 23.51 42.00 1692710545.77
22.94 24.48 38.00 1692710545.87
23.99 24.99 34.00 1692710545.96
24.57 24.00 28.00 1692710546.05
24.09 21.32 22.00 1692710546.14
21.93 17.81 14.00 1692710546.23
18.09 13.94 11.00 1692710546.33
13.29 9.93 9.00 1692710546.42
9.33 7.58 8.00 1692710546.51
7.41 6.69 7.00 1692710546.60
6.12 5.96 5.00 1692710546.70
5.17 5.44 4.00 1692710546.79
4.66 5.18 4.00 1692710546.88
4.27 4.94 3.00 1692710546.97
3.97 4.75 3.00 1692710547.06
3.62 4.46 2.00 1692710547.16
3.40 4.22 2.00 1692710547.26
3.19 4.07 1.00 1692710547.36
3.01 3.92 0.00 1692710547.46
2.98 3.86 0.00 1692710547.56
2.93 3.88 0.00 1692710547.66
2.80 3.93 0.00 1692710547.76
2.74 3.94 0.00 1692710547.86
2.72 3.88 0.00 1692710547.96
2.37 3.70 0.00 1692710548.06
2.16 3.57 0.00 1692710548.16
1.91 3.20 0.00 1692710548.26
1.50 2.92 0.00 1692710548.36
1.20 2.66 0.00 1692710548.46
0.86 2.41 0.00 1692710548.56
0.43 2.18 0.00 1692710548.66
0.27 1.87 0.00 1692710548.76
0.20 1.60 0.00 1692710548.86
0.09 1.46 0.00 1692710548.96
0.04 1.38 0.00 1692710549.06
0.03 1.36 2.00 1692710549.16
0.02 1.24 9.00 1692710549.26
0.02 1.10 18.00 1692710549.36
0.02 0.93 26.00 1692710549.46
0.05 0.85 33.00 1692710549.56
0.22 0.85 39.00 1692710549.66
0.30 0.84 45.00 1692710549.76
0.31 0.91 51.00 1692710549.86
0.45 1.03 56.00 1692710549.96
0.26 1.17 60.00 1692710550.06
0.28 1.32 65.00 1692710550.16
0.39 1.56 71.00 1692710550.26
0.21 1.74 77.00 1692710550.36
0.08 1.67 83.00 1692710550.46
0.08 1.87 87.00 1692710550.56
0.06 1.29 94.00 1692710550.66
0.04 0.78 95.00 1692710550.76
0.03 0.25 95.00 1692710550.86
0.01 0.06 95.00 1692710550.96
0.00 0.04 95.00 1692710551.06
0.00 0.03 95.00 1692710551.16
0.01 0.01 95.00 1692710551.26
0.01 0.03 95.00 1692710551.36
0.01 0.06 95.00 1692710551.46
0.00 0.06 95.00 1692710551.56
0.01 0.03 95.00 1692710551.66
0.02 0.00 95.00 1692710551.76
0.02 0.02 95.00 1692710551.86
0.00 0.02 95.00 1692710551.96
0.00 0.02 95.00 1692710552.06
0.02 0.03 95.00 1692710552.16
0.02 0.02 95.00 1692710552.26
0.01 0.02 95.00 1692710552.36
0.01 0.00 95.00 1692710552.46
0.01 0.03 95.00 1692710552.56
0.01 0.02 95.00 1692710552.66
0.01 0.01 95.00 1692710552.76
0.02 0.02 95.00 1692710552.86
0.02 0.03 95.00 1692710552.96
0.02 0.04 94.00 1692710553.06
0.01 0.01 94.00 1692710553.16
0.01 0.01 94.00 1692710553.26
0.01 0.01 94.00 1692710553.36
0.01 0.00 94.00 1692710553.46
0.00 0.00 94.00 1692710553.56
0.02 0.00 94.00 1692710553.66
0.02 0.00 94.00 1692710553.76
0.01 0.01 94.00 1692710553.86
0.00 0.01 94.00 1692710553.96
0.00 0.00 94.00 1692710554.06
0.01 0.00 94.00 1692710554.16
0.01 0.00 94.00 1692710554.26
0.00 0.01 95.00 1692710554.35
0.00 0.01 95.00 1692710554.45
0.00 0.00 95.00 1692710554.55
0.00 0.00 95.00 1692710554.65
0.00 0.00 95.00 1692710554.75
0.01 0.00 95.00 1692710554.85
0.02 0.00 95.00 1692710554.95
0.01 0.01 95.00 1692710555.05
0.00 0.03 95.00 1692710555.15
0.01 0.05 94.00 1692710555.25
0.01 0.04 95.00 1692710555.66
0.00 0.03 95.00 1692710555.76
0.01 0.01 95.00 1692710555.85
0.01 0.01 95.00 1692710555.94
0.00 0.01 94.00 1692710556.03
0.00 0.00 94.00 1692710556.12
0.01 0.00 94.00 1692710556.22
0.01 0.01 94.00 1692710556.31
0.01 0.00 94.00 1692710556.40
0.01 0.00 94.00 1692710556.49
0.01 0.00 94.00 1692710556.59
0.02 0.00 94.00 1692710556.68
0.01 0.00 94.00 1692710556.77
0.00 0.01 94.00 1692710556.86
0.00 0.01 94.00 1692710556.95
0.00 0.01 94.00 1692710557.05
0.01 0.01 94.00 1692710557.15
0.00 0.00 94.00 1692710557.25
0.01 0.00 94.00 1692710557.35
0.01 0.00 93.00 1692710557.45
0.01 0.00 94.00 1692710557.55
0.00 0.01 94.00 1692710557.65
0.00 0.01 94.00 1692710557.75
0.01 0.02 94.00 1692710557.85
0.01 0.02 94.00 1692710557.95
0.01 0.00 94.00 1692710558.05
0.01 0.00 94.00 1692710558.15
0.01 0.00 94.00 1692710558.25
0.00 0.01 93.00 1692710558.35
0.01 0.01 93.00 1692710558.45
0.02 0.01 93.00 1692710558.55
0.02 0.00 93.00 1692710558.65
0.02 0.00 93.00 1692710558.75
0.02 0.00 93.00 1692710558.85
0.02 0.00 93.00 1692710558.95
0.02 0.00 93.00 1692710559.05
0.03 0.00 93.00 1692710559.15
0.04 0.00 93.00 1692710559.25
0.17 0.01 93.00 1692710559.35
0.49 0.02 93.00 1692710559.45
0.82 0.02 93.00 1692710559.55
1.03 0.04 93.00 1692710559.65
1.26 0.11 93.00 1692710559.75
1.62 0.31 93.00 1692710559.85
1.64 0.65 93.00 1692710559.95
1.15 0.79 93.00 1692710560.05
0.56 0.64 92.00 1692710560.15
0.30 0.39 91.00 1692710560.25
0.23 0.20 91.00 1692710560.35
0.25 0.15 91.00 1692710560.45
0.57 0.51 91.00 1692710560.55
1.27 0.81 90.00 1692710560.65
2.07 0.95 90.00 1692710560.75
2.22 1.09 89.00 1692710560.85
2.27 1.26 90.00 1692710560.95
2.41 1.44 89.00 1692710561.05
2.14 1.51 89.00 1692710561.15
1.97 1.56 89.00 1692710561.25
2.18 1.60 88.00 1692710561.36
2.51 1.80 88.00 1692710561.45
2.66 2.83 88.00 1692710561.86
3.10 3.15 88.00 1692710561.95
3.49 3.34 88.00 1692710562.04
3.75 3.62 88.00 1692710562.13
4.15 4.31 88.00 1692710562.23
4.81 5.09 88.00 1692710562.32
5.42 5.33 87.00 1692710562.41
5.46 5.35 86.00 1692710562.50
5.46 5.57 84.00 1692710562.60
0.22 5.85 84.00 1692710562.69
7.64 7.17 80.00 1692710563.09
7.83 7.37 79.00 1692710563.19
8.31 7.72 79.00 1692710563.29
9.29 8.29 79.00 1692710563.39
9.59 8.65 77.00 1692710563.49
9.40 8.64 77.00 1692710563.59
9.67 8.66 77.00 1692710563.69
10.68 9.06 77.00 1692710563.79
12.04 10.50 77.00 1692710563.89
12.52 10.58 76.00 1692710563.99
11.66 9.94 75.00 1692710564.09
10.85 9.47 74.00 1692710564.19
10.86 9.58 74.00 1692710564.29
11.88 10.10 74.00 1692710564.39
12.93 10.69 73.00 1692710564.49
13.72 11.36 72.00 1692710564.59
14.22 11.87 72.00 1692710564.69
14.51 12.04 71.00 1692710564.79
14.67 12.20 71.00 1692710564.89
14.95 12.27 71.00 1692710564.99
15.35 12.65 70.00 1692710565.09
15.86 13.01 69.00 1692710565.19
16.80 13.82 68.00 1692710565.29
17.70 14.68 68.00 1692710565.39
18.32 15.52 67.00 1692710565.49
18.36 15.94 67.00 1692710565.59
18.01 15.94 66.00 1692710565.69
17.17 15.23 66.00 1692710565.79
16.92 14.86 65.00 1692710565.89
16.93 15.07 65.00 1692710565.99
17.49 15.32 64.00 1692710566.09
18.21 15.83 63.00 1692710566.19
18.99 17.16 62.00 1692710566.29
19.87 17.88 62.00 1692710566.39
20.60 18.64 62.00 1692710566.49
21.02 19.05 62.00 1692710566.59
21.01 19.12 62.00 1692710566.69
20.51 18.81 62.00 1692710566.79
20.24 18.41 62.00 1692710566.89
20.29 18.19 61.00 1692710566.99
20.55 18.38 59.00 1692710567.09
21.13 18.85 58.00 1692710567.19
21.87 19.61 56.00 1692710567.29
22.21 20.58 55.00 1692710567.39
22.63 21.47 53.00 1692710567.49
23.16 22.10 52.00 1692710567.59
23.54 22.69 51.00 1692710567.69
23.99 23.32 49.00 1692710567.78
24.64 24.07 46.00 1692710567.88
25.15 24.54 43.00 1692710567.98
24.57 24.50 38.00 1692710568.08
22.94 23.56 32.00 1692710568.18
20.37 22.03 23.00 1692710568.28
15.81 19.65 17.00 1692710568.38
10.18 16.06 14.00 1692710568.48
6.92 10.68 12.00 1692710568.58
5.73 4.95 11.00 1692710568.68
5.15 4.45 11.00 1692710568.78
4.60 4.13 10.00 1692710568.88
4.24 4.01 10.00 1692710568.98
3.97 3.96 10.00 1692710569.08
3.76 3.86 10.00 1692710569.18
3.61 3.90 10.00 1692710569.28
3.45 4.07 10.00 1692710569.38
3.22 4.19 10.00 1692710569.48
3.07 4.17 10.00 1692710569.58
2.72 3.99 10.00 1692710569.68
2.25 3.54 10.00 1692710569.78
1.91 3.30 10.00 1692710569.88
1.76 3.18 10.00 1692710569.98
1.48 3.07 10.00 1692710570.08
1.06 2.87 10.00 1692710570.18
0.80 2.72 10.00 1692710570.28
0.55 2.47 10.00 1692710570.38
0.36 2.38 10.00 1692710570.48
0.23 2.23 11.00 1692710570.58
0.24 1.86 14.00 1692710570.68
0.26 1.53 23.00 1692710570.78
0.36 1.41 33.00 1692710570.88
0.49 0.94 44.00 1692710570.98
0.63 0.92 53.00 1692710571.08
0.79 0.85 60.00 1692710571.18
0.96 0.81 63.00 1692710571.28
0.86 0.74 67.00 1692710571.38
0.71 0.70 73.00 1692710571.48
0.46 0.87 79.00 1692710571.58
0.35 0.98 87.00 1692710571.68
0.32 1.18 95.00 1692710571.78
0.34 1.17 96.00 1692710571.88
0.06 0.20 95.00 1692710572.32
0.03 0.06 95.00 1692710572.42
0.03 0.02 95.00 1692710572.52
0.02 0.02 95.00 1692710572.62
0.01 0.01 95.00 1692710572.72
0.01 0.02 94.00 1692710572.82
0.01 0.01 94.00 1692710572.92
0.01 0.01 94.00 1692710573.02
0.00 0.01 94.00 1692710573.12
0.01 0.01 94.00 1692710573.22
0.01 0.00 94.00 1692710573.32
0.01 0.00 94.00 1692710573.42
0.01 0.00 94.00 1692710573.52
0.00 0.00 94.00 1692710573.62
0.01 0.02 94.00 1692710573.72
0.01 0.03 94.00 1692710573.82
0.02 0.03 94.00 1692710573.92
0.03 0.00 94.00 1692710574.02
0.03 0.01 94.00 1692710574.12
0.02 0.01 94.00 1692710574.22
0.03 0.00 94.00 1692710574.32
0.03 0.00 94.00 1692710574.42
0.04 0.01 94.00 1692710574.52
0.04 0.00 94.00 1692710574.62
0.03 0.01 94.00 1692710574.72
0.02 0.03 94.00 1692710574.82
0.01 0.05 94.00 1692710574.92
0.01 0.07 94.00 1692710575.02
0.01 0.07 94.00 1692710575.12
0.01 0.03 94.00 1692710575.22
0.03 0.00 94.00 1692710575.32
0.03 0.01 94.00 1692710575.42
0.02 0.01 94.00 1692710575.52
0.00 0.01 94.00 1692710575.62
0.00 0.02 94.00 1692710575.72
0.00 0.06 94.00 1692710575.82
0.01 0.10 94.00 1692710575.92
0.01 0.16 94.00 1692710576.02
0.01 0.26 94.00 1692710576.12
0.01 0.25 94.00 1692710576.22
0.01 0.19 94.00 1692710576.32
