0.00 0.02 87.00 1692716099.11
0.01 0.02 87.00 1692716099.14
0.01 0.02 87.00 1692716099.22
0.01 0.02 87.00 1692716099.32
0.01 0.02 87.00 1692716099.42
0.00 0.03 87.00 1692716099.52
0.00 0.02 87.00 1692716099.62
0.03 0.02 87.00 1692716099.72
0.01 0.01 87.00 1692716100.16
0.01 0.00 87.00 1692716100.26
0.01 0.01 87.00 1692716100.36
0.00 0.02 87.00 1692716100.46
0.00 0.03 87.00 1692716100.57
0.00 0.03 87.00 1692716100.67
0.00 0.02 87.00 1692716100.77
0.00 0.02 87.00 1692716100.87
0.00 0.02 87.00 1692716100.97
0.00 0.02 87.00 1692716101.07
0.00 0.02 87.00 1692716101.17
0.01 0.02 87.00 1692716101.27
0.01 0.02 87.00 1692716101.37
0.01 0.02 87.00 1692716101.47
0.01 0.03 87.00 1692716101.57
0.00 0.03 87.00 1692716101.67
0.00 0.03 87.00 1692716101.77
0.01 0.03 87.00 1692716101.87
0.00 0.03 87.00 1692716101.97
0.00 0.03 87.00 1692716102.07
0.00 0.04 87.00 1692716102.17
0.00 0.04 87.00 1692716102.27
0.01 0.02 87.00 1692716102.37
0.01 0.02 87.00 1692716102.47
0.01 0.03 87.00 1692716102.57
0.00 0.01 87.00 1692716102.67
0.00 0.01 87.00 1692716102.77
0.01 0.03 87.00 1692716102.87
0.01 0.02 87.00 1692716102.97
0.00 0.01 87.00 1692716103.07
0.01 0.02 87.00 1692716103.17
0.01 0.02 87.00 1692716103.27
0.01 0.02 87.00 1692716103.37
0.00 0.03 87.00 1692716103.47
0.00 0.04 86.00 1692716103.57
0.01 0.04 86.00 1692716103.67
0.01 0.04 86.00 1692716103.77
0.06 0.05 86.00 1692716103.87
0.19 0.14 86.00 1692716103.97
0.36 0.46 86.00 1692716104.07
0.53 0.83 86.00 1692716104.17
0.66 1.02 86.00 1692716104.28
1.08 1.27 86.00 1692716104.38
1.74 1.74 86.00 1692716104.48
2.65 2.45 86.00 1692716104.58
3.13 3.43 86.00 1692716104.68
3.09 4.03 85.00 1692716104.78
3.36 4.23 85.00 1692716104.88
3.66 4.38 84.00 1692716104.98
3.68 23.99 83.00 1692716105.08
4.05 6.67 80.00 1692716105.49
5.88 6.96 79.00 1692716105.58
6.44 7.24 77.00 1692716105.67
6.76 7.64 77.00 1692716105.77
7.01 8.20 75.00 1692716105.86
7.73 8.80 74.00 1692716105.95
8.65 9.40 74.00 1692716106.04
9.42 10.03 73.00 1692716106.14
10.10 10.06 72.00 1692716106.23
10.17 9.96 72.00 1692716106.32
10.06 10.14 70.00 1692716106.41
10.37 10.51 70.00 1692716106.51
11.25 11.14 69.00 1692716106.60
12.45 12.05 68.00 1692716106.69
13.63 12.98 68.00 1692716106.78
15.02 14.07 68.00 1692716106.88
16.19 14.89 68.00 1692716106.98
17.05 15.47 66.00 1692716107.08
17.32 15.65 66.00 1692716107.18
17.10 15.53 65.00 1692716107.28
16.47 15.03 65.00 1692716107.38
16.25 14.82 64.00 1692716107.48
16.61 14.99 62.00 1692716107.58
17.46 15.60 62.00 1692716107.68
18.25 16.39 62.00 1692716107.78
18.77 17.28 60.00 1692716107.88
19.31 17.78 59.00 1692716107.98
20.15 19.19 56.00 1692716108.08
20.93 19.94 52.00 1692716108.19
21.66 20.72 49.00 1692716108.29
21.94 21.30 43.00 1692716108.39
21.69 21.35 37.00 1692716108.49
20.14 20.69 32.00 1692716108.59
16.59 18.77 25.00 1692716108.69
12.56 16.09 20.00 1692716108.79
8.63 12.60 17.00 1692716108.89
6.01 8.80 16.00 1692716108.99
5.09 6.35 16.00 1692716109.09
4.63 5.51 16.00 1692716109.19
4.22 4.89 14.00 1692716109.29
3.92 4.88 14.00 1692716109.39
3.76 4.92 14.00 1692716109.49
3.64 4.96 13.00 1692716109.59
3.49 5.12 13.00 1692716109.69
3.24 5.12 13.00 1692716109.79
2.86 4.98 13.00 1692716109.89
2.39 4.72 13.00 1692716109.99
1.90 4.35 13.00 1692716110.09
1.38 4.08 13.00 1692716110.19
0.92 3.63 13.00 1692716110.29
0.57 3.14 13.00 1692716110.39
0.29 2.28 14.00 1692716110.49
0.26 2.13 19.00 1692716110.59
0.21 2.26 27.00 1692716110.69
0.11 2.57 29.00 1692716110.79
0.26 2.77 31.00 1692716110.89
0.44 2.74 33.00 1692716110.99
0.69 2.61 33.00 1692716111.09
0.91 2.47 33.00 1692716111.19
1.17 2.30 35.00 1692716111.29
1.41 2.11 38.00 1692716111.39
1.60 1.95 45.00 1692716111.49
1.62 1.94 53.00 1692716111.59
1.52 2.03 62.00 1692716111.69
1.24 2.19 71.00 1692716111.79
0.97 2.23 81.00 1692716111.89
0.76 2.08 91.00 1692716112.00
0.48 1.88 95.00 1692716112.10
0.18 1.74 96.00 1692716112.20
0.12 1.82 96.00 1692716112.30
0.12 2.16 96.00 1692716112.40
0.05 1.98 96.00 1692716112.50
0.01 1.19 96.00 1692716112.60
0.00 0.47 96.00 1692716112.70
0.03 191.96 96.00 1692716112.80
0.05 0.05 96.00 1692716112.90
0.05 0.05 96.00 1692716113.00
0.04 0.04 96.00 1692716113.10
0.02 0.05 96.00 1692716113.20
0.00 0.08 96.00 1692716113.30
0.02 0.34 95.00 1692716113.40
0.03 0.47 95.00 1692716113.50
0.05 0.54 95.00 1692716113.60
0.10 0.44 90.00 1692716113.70
0.48 0.55 89.00 1692716113.80
0.90 0.62 89.00 1692716113.90
0.57 0.14 89.00 1692716114.00
0.10 0.05 89.00 1692716114.10
0.02 0.02 89.00 1692716114.20
0.02 0.01 89.00 1692716114.30
0.18 0.04 89.00 1692716114.40
0.50 0.10 89.00 1692716114.50
0.21 0.13 89.00 1692716114.60
0.18 0.07 89.00 1692716114.70
0.19 0.05 89.00 1692716114.80
0.55 0.13 89.00 1692716114.90
0.95 0.55 89.00 1692716115.00
1.23 1.01 89.00 1692716115.10
0.93 0.89 89.00 1692716115.20
0.41 0.43 89.00 1692716115.30
0.07 0.14 89.00 1692716115.40
0.01 0.06 89.00 1692716115.50
0.04 0.05 89.00 1692716115.60
0.04 0.05 89.00 1692716115.70
0.05 0.05 89.00 1692716115.81
0.03 0.05 89.00 1692716115.91
0.01 0.05 89.00 1692716116.01
0.00 0.14 89.00 1692716116.11
0.01 0.41 88.00 1692716116.21
0.19 0.50 88.00 1692716116.31
0.85 1.29 88.00 1692716116.41
1.19 1.87 88.00 1692716116.51
1.50 3.06 85.00 1692716116.92
1.89 3.65 84.00 1692716117.01
3.46 5.15 80.00 1692716117.39
3.47 5.11 79.00 1692716117.49
4.32 5.64 78.00 1692716117.59
5.88 6.60 78.00 1692716117.69
6.34 7.15 77.00 1692716117.80
6.14 7.31 76.00 1692716117.90
5.96 7.22 74.00 1692716118.00
6.03 7.04 74.00 1692716118.10
6.98 7.26 73.00 1692716118.20
8.25 8.21 73.00 1692716118.30
8.99 9.26 72.00 1692716118.40
9.12 10.76 69.00 1692716118.81
9.01 11.52 69.00 1692716118.90
9.89 11.89 68.00 1692716118.99
10.60 12.10 68.00 1692716119.09
10.93 12.11 67.00 1692716119.18
11.11 12.08 67.00 1692716119.27
11.42 12.38 66.00 1692716119.36
11.99 12.91 65.00 1692716119.46
12.65 13.63 65.00 1692716119.55
13.45 14.10 65.00 1692716119.64
13.90 14.16 64.00 1692716119.73
13.89 14.13 64.00 1692716119.83
13.86 14.21 63.00 1692716119.92
14.11 14.46 63.00 1692716120.01
14.65 14.65 63.00 1692716120.10
15.13 14.92 62.00 1692716120.20
15.71 15.45 62.00 1692716120.30
16.12 15.87 62.00 1692716120.40
16.58 16.35 62.00 1692716120.50
17.15 16.85 61.00 1692716120.60
17.72 17.44 61.00 1692716120.70
18.39 18.18 60.00 1692716120.80
19.09 18.92 60.00 1692716120.90
19.74 19.45 59.00 1692716121.00
20.27 20.10 57.00 1692716121.10
20.65 20.73 55.00 1692716121.20
21.26 21.23 52.00 1692716121.30
21.76 22.55 50.00 1692716121.40
22.48 23.37 47.00 1692716121.50
22.96 23.81 42.00 1692716121.60
22.10 23.68 38.00 1692716121.71
19.48 22.45 32.00 1692716121.81
15.03 19.74 22.00 1692716121.91
10.68 15.92 16.00 1692716122.01
6.74 11.21 11.00 1692716122.11
4.04 6.85 9.00 1692716122.21
3.10 4.52 6.00 1692716122.31
2.89 3.86 5.00 1692716122.41
2.69 3.71 5.00 1692716122.51
2.60 3.89 5.00 1692716122.61
2.63 3.78 5.00 1692716122.71
2.67 3.65 5.00 1692716122.81
2.65 3.52 5.00 1692716122.91
2.50 3.51 5.00 1692716123.01
2.34 3.59 5.00 1692716123.11
2.14 3.65 5.00 1692716123.21
1.80 3.46 5.00 1692716123.31
1.42 3.00 5.00 1692716123.41
1.00 2.44 5.00 1692716123.51
0.82 2.12 5.00 1692716123.61
0.67 1.74 4.00 1692716123.71
0.66 1.75 5.00 1692716123.81
0.59 1.99 4.00 1692716123.91
0.41 2.44 5.00 1692716124.01
0.50 2.63 11.00 1692716124.11
0.91 2.76 21.00 1692716124.21
1.36 2.63 31.00 1692716124.31
1.87 2.38 45.00 1692716124.41
2.16 2.31 61.00 1692716124.51
2.04 2.28 68.00 1692716124.61
1.73 2.33 77.00 1692716124.71
1.46 2.42 85.00 1692716124.81
1.12 2.56 93.00 1692716124.91
0.91 2.03 95.00 1692716125.01
0.78 1.52 96.00 1692716125.11
0.74 1.09 95.00 1692716125.21
0.75 0.77 95.00 1692716125.31
0.56 0.47 95.00 1692716125.41
0.43 0.38 96.00 1692716125.51
0.37 0.25 94.00 1692716125.62
0.20 0.08 94.00 1692716125.72
0.04 0.05 94.00 1692716125.82
0.01 0.03 94.00 1692716125.92
0.04 0.02 94.00 1692716126.02
0.04 0.02 94.00 1692716126.12
0.04 0.00 94.00 1692716126.53
0.05 0.01 94.00 1692716126.62
0.04 0.01 94.00 1692716126.71
0.04 0.01 94.00 1692716126.81
0.03 0.02 93.00 1692716126.90
0.03 0.04 92.00 1692716126.99
0.00 0.08 92.00 1692716127.08
0.00 0.25 92.00 1692716127.18
0.03 0.62 92.00 1692716127.27
0.45 1.21 92.00 1692716127.36
1.01 1.45 92.00 1692716127.45
1.22 1.36 92.00 1692716127.55
1.09 1.21 91.00 1692716127.64
0.73 1.00 91.00 1692716127.73
0.42 0.86 90.00 1692716127.82
0.22 0.67 90.00 1692716127.92
0.03 0.39 90.00 1692716128.02
0.01 0.37 90.00 1692716128.12
0.02 0.49 90.00 1692716128.22
0.14 0.61 90.00 1692716128.32
0.48 0.94 89.00 1692716128.42
0.86 1.27 88.00 1692716128.52
1.25 1.51 88.00 1692716128.62
1.48 1.73 88.00 1692716128.72
1.48 1.87 88.00 1692716128.82
1.32 1.87 89.00 1692716128.92
1.22 1.82 88.00 1692716129.02
1.17 1.80 88.00 1692716129.12
1.31 1.86 88.00 1692716129.22
1.36 1.88 88.00 1692716129.32
1.39 1.90 88.00 1692716129.42
1.41 1.87 88.00 1692716129.53
1.51 1.93 87.00 1692716129.63
1.76 2.13 86.00 1692716129.73
2.05 2.33 85.00 1692716129.83
2.24 2.51 84.00 1692716129.93
2.50 2.68 84.00 1692716130.03
3.11 3.01 81.00 1692716130.13
3.83 3.73 81.00 1692716130.23
4.42 5.20 81.00 1692716130.33
5.00 5.82 80.00 1692716130.43
5.16 5.97 79.00 1692716130.53
5.20 6.04 78.00 1692716130.63
5.70 6.69 78.00 1692716130.73
6.54 7.49 77.00 1692716130.83
6.98 7.92 77.00 1692716130.93
7.37 8.19 75.00 1692716131.03
7.73 8.86 74.00 1692716131.13
8.02 9.38 73.00 1692716131.23
8.39 9.53 73.00 1692716131.33
9.15 10.03 72.00 1692716131.43
9.85 11.48 72.00 1692716131.53
10.39 11.81 71.00 1692716131.63
10.77 12.02 70.00 1692716131.73
10.86 12.08 69.00 1692716131.83
11.03 12.17 69.00 1692716131.93
11.59 12.56 68.00 1692716132.03
12.54 13.19 68.00 1692716132.13
13.57 13.96 66.00 1692716132.23
14.43 14.54 66.00 1692716132.33
15.16 15.06 65.00 1692716132.43
15.54 15.47 65.00 1692716132.53
15.80 15.78 65.00 1692716132.63
16.17 16.39 65.00 1692716132.73
16.49 16.64 64.00 1692716132.83
16.55 16.74 62.00 1692716132.93
16.49 16.88 62.00 1692716133.03
16.79 17.12 61.00 1692716133.13
17.80 17.71 60.00 1692716133.23
19.02 18.52 59.00 1692716133.33
19.93 19.22 56.00 1692716133.44
20.68 19.73 55.00 1692716133.54
21.32 20.45 52.00 1692716133.64
21.34 21.14 50.00 1692716133.74
21.07 21.41 45.00 1692716133.84
20.32 19.88 41.00 1692716133.94
17.94 17.33 36.00 1692716134.04
13.68 13.83 29.00 1692716134.14
9.08 11.28 21.00 1692716134.24
5.67 7.97 17.00 1692716134.34
3.56 5.19 16.00 1692716134.44
2.89 3.84 15.00 1692716134.54
2.80 3.32 15.00 1692716134.64
2.71 3.03 14.00 1692716134.74
2.58 2.89 14.00 1692716134.84
2.51 2.79 14.00 1692716134.94
2.46 2.75 14.00 1692716135.04
2.30 2.74 14.00 1692716135.14
2.11 2.86 14.00 1692716135.24
2.00 3.12 14.00 1692716135.34
1.85 3.47 14.00 1692716135.44
1.55 3.47 13.00 1692716135.54
1.02 3.11 13.00 1692716135.64
0.67 2.76 13.00 1692716135.74
0.60 2.48 13.00 1692716135.84
0.57 2.21 15.00 1692716135.94
0.57 1.76 22.00 1692716136.04
0.71 1.45 29.00 1692716136.14
0.81 1.39 34.00 1692716136.24
0.74 1.75 40.00 1692716136.34
0.74 2.02 45.00 1692716136.44
0.79 2.31 51.00 1692716136.54
0.85 2.64 54.00 1692716136.64
0.82 2.83 61.00 1692716136.74
0.80 2.90 68.00 1692716136.84
0.87 2.85 79.00 1692716136.94
0.84 2.51 92.00 1692716137.04
0.78 2.15 96.00 1692716137.14
0.69 1.77 96.00 1692716137.24
0.71 1.46 96.00 1692716137.34
0.80 1.20 96.00 1692716137.45
0.63 0.73 96.00 1692716137.55
0.24 0.57 96.00 1692716137.65
0.03 0.15 96.00 1692716137.75
0.00 0.03 96.00 1692716137.85
0.00 0.01 96.00 1692716137.95
0.01 0.01 95.00 1692716138.05
0.01 0.00 95.00 1692716138.15
0.04 0.01 95.00 1692716138.25
0.03 0.02 95.00 1692716138.35
0.03 0.02 95.00 1692716138.45
0.03 0.02 95.00 1692716138.55
0.03 0.03 95.00 1692716138.65
0.03 0.04 95.00 1692716138.75
0.03 0.03 95.00 1692716138.85
0.03 0.02 95.00 1692716138.95
0.03 0.03 95.00 1692716139.05
0.03 0.03 95.00 1692716139.15
0.04 0.02 95.00 1692716139.25
0.04 0.03 95.00 1692716139.35
0.03 0.04 95.00 1692716139.45
0.02 0.04 95.00 1692716139.55
