0.18 0.01 87.00 1692715736.86
0.16 11.96 87.00 1692715736.94
0.14 0.01 89.00 1692715737.35
0.19 0.01 88.00 1692715737.44
0.24 0.01 88.00 1692715737.53
0.25 0.01 88.00 1692715737.63
0.25 0.02 88.00 1692715737.72
0.24 0.01 88.00 1692715737.81
0.24 0.01 88.00 1692715737.90
0.23 0.01 88.00 1692715738.00
0.22 0.00 88.00 1692715738.09
0.21 0.00 88.00 1692715738.18
0.22 0.01 88.00 1692715738.27
0.19 0.02 88.00 1692715738.37
0.14 0.02 88.00 1692715738.46
0.10 0.03 88.00 1692715738.55
0.05 0.03 88.00 1692715738.64
0.01 0.02 88.00 1692715738.74
0.11 0.01 88.00 1692715738.83
0.14 0.00 88.00 1692715738.92
0.05 0.01 88.00 1692715739.02
0.10 0.02 88.00 1692715739.12
0.18 0.02 88.00 1692715739.22
0.19 0.01 88.00 1692715739.32
0.23 0.02 88.00 1692715739.42
0.25 0.02 88.00 1692715739.52
0.25 0.01 88.00 1692715739.62
0.25 0.00 88.00 1692715739.72
0.25 0.02 88.00 1692715739.82
0.25 0.01 88.00 1692715739.93
0.24 0.00 88.00 1692715740.02
0.17 0.02 87.00 1692715740.12
0.02 0.03 87.00 1692715740.23
0.32 0.03 87.00 1692715740.33
0.62 0.07 87.00 1692715740.43
1.03 0.31 87.00 1692715740.53
1.55 0.61 87.00 1692715740.63
1.67 0.60 87.00 1692715740.73
1.46 0.45 87.00 1692715740.83
1.05 0.71 87.00 1692715741.24
1.94 0.66 85.00 1692715741.33
4.17 2.27 81.00 1692715741.71
4.06 2.38 81.00 1692715741.82
4.10 2.61 81.00 1692715741.91
4.39 2.84 81.00 1692715742.02
4.89 3.11 80.00 1692715742.12
5.16 3.35 80.00 1692715742.22
4.89 3.43 80.00 1692715742.32
4.48 3.17 80.00 1692715742.42
4.27 2.81 79.00 1692715742.52
4.37 2.73 78.00 1692715742.62
4.90 2.91 76.00 1692715742.72
5.38 3.76 75.00 1692715742.82
5.90 4.18 73.00 1692715742.92
6.90 4.90 72.00 1692715743.02
8.38 5.92 72.00 1692715743.12
9.33 6.47 71.00 1692715743.22
9.66 6.48 70.00 1692715743.32
9.78 6.39 70.00 1692715743.42
9.81 6.31 69.00 1692715743.52
9.99 6.42 66.00 1692715743.62
10.69 6.87 65.00 1692715743.72
12.28 7.86 64.00 1692715743.82
13.48 9.38 64.00 1692715743.92
14.46 11.41 64.00 1692715744.02
14.40 11.39 64.00 1692715744.12
13.84 11.02 63.00 1692715744.22
13.52 10.62 64.00 1692715744.32
13.07 10.29 63.00 1692715744.42
12.96 10.29 62.00 1692715744.52
13.95 10.95 62.00 1692715744.62
14.73 11.95 62.00 1692715744.72
14.59 12.35 62.00 1692715744.82
14.64 12.18 61.00 1692715744.92
14.85 12.34 60.00 1692715745.02
14.97 12.53 59.00 1692715745.12
15.44 13.17 59.00 1692715745.22
16.29 13.68 59.00 1692715745.32
16.41 13.87 59.00 1692715745.42
15.86 13.36 59.00 1692715745.52
15.61 12.67 59.00 1692715745.63
15.66 12.29 58.00 1692715745.73
16.23 12.89 56.00 1692715745.83
16.35 13.48 56.00 1692715745.93
16.79 13.64 54.00 1692715746.03
17.41 14.79 54.00 1692715746.13
17.98 15.28 53.00 1692715746.23
18.48 16.08 53.00 1692715746.33
18.02 23.95 52.00 1692715746.43
18.55 17.16 51.00 1692715746.84
19.04 17.53 51.00 1692715746.93
19.45 17.09 50.00 1692715747.02
19.84 17.18 50.00 1692715747.12
20.04 18.39 50.00 1692715747.21
20.84 18.88 49.00 1692715747.30
20.83 19.07 49.00 1692715747.39
20.96 19.61 49.00 1692715747.49
21.40 19.41 48.00 1692715747.58
21.28 19.51 48.00 1692715747.67
21.82 20.14 48.00 1692715747.76
22.47 20.27 47.00 1692715747.86
21.96 19.50 47.00 1692715747.95
22.02 20.27 47.00 1692715748.04
23.03 21.39 47.00 1692715748.13
23.47 21.53 46.00 1692715748.23
23.03 20.74 46.00 1692715748.33
23.00 20.57 45.00 1692715748.43
23.52 20.99 45.00 1692715748.53
23.21 20.38 45.00 1692715748.63
23.56 20.61 45.00 1692715748.73
25.07 22.39 44.00 1692715748.83
25.72 23.84 44.00 1692715748.93
25.51 23.72 44.00 1692715749.03
25.99 23.56 44.00 1692715749.13
26.48 24.06 44.00 1692715749.23
26.80 24.33 44.00 1692715749.33
26.56 23.87 44.00 1692715749.44
26.32 23.04 44.00 1692715749.54
26.39 22.82 44.00 1692715749.64
25.94 22.53 44.00 1692715749.74
25.79 22.69 43.00 1692715749.84
26.37 23.60 43.00 1692715749.94
26.22 23.67 43.00 1692715750.04
26.53 23.92 42.00 1692715750.14
27.57 24.80 42.00 1692715750.24
28.20 26.14 42.00 1692715750.34
27.49 26.20 42.00 1692715750.44
27.31 25.35 42.00 1692715750.54
27.22 25.85 42.00 1692715750.64
25.71 24.50 42.00 1692715750.74
23.68 22.45 42.00 1692715750.84
23.03 21.91 42.00 1692715750.94
23.58 22.16 42.00 1692715751.04
25.17 23.66 42.00 1692715751.14
26.29 25.28 42.00 1692715751.24
26.41 25.56 42.00 1692715751.34
26.20 25.20 41.00 1692715751.44
26.14 24.86 41.00 1692715751.54
26.53 25.08 40.00 1692715751.64
26.81 25.40 40.00 1692715751.74
27.66 26.32 38.00 1692715751.84
28.86 27.23 37.00 1692715751.94
29.69 27.99 36.00 1692715752.04
30.01 28.30 37.00 1692715752.14
30.25 28.70 36.00 1692715752.24
29.77 28.59 36.00 1692715752.34
28.54 27.74 36.00 1692715752.44
28.79 27.10 36.00 1692715752.54
29.70 27.81 36.00 1692715752.64
30.27 28.33 36.00 1692715752.74
29.87 28.42 36.00 1692715752.84
29.55 27.81 36.00 1692715752.94
29.75 28.09 35.00 1692715753.04
29.85 28.02 35.00 1692715753.15
30.11 28.24 34.00 1692715753.25
30.68 28.84 34.00 1692715753.35
31.33 29.23 33.00 1692715753.45
32.16 29.76 33.00 1692715753.55
32.68 30.24 33.00 1692715753.65
32.54 30.28 32.00 1692715753.75
31.81 29.68 32.00 1692715753.85
31.69 29.06 31.00 1692715753.95
32.09 29.47 31.00 1692715754.05
32.82 88.42 30.00 1692715754.15
33.62 31.81 29.00 1692715754.33
34.47 32.59 29.00 1692715754.43
34.99 32.63 29.00 1692715754.52
34.93 32.26 29.00 1692715754.61
34.82 31.88 29.00 1692715754.70
34.72 31.43 28.00 1692715754.80
34.41 30.73 28.00 1692715754.89
33.97 30.76 28.00 1692715754.98
34.40 31.27 27.00 1692715755.07
34.80 31.70 27.00 1692715755.17
35.38 32.33 26.00 1692715755.26
36.55 33.06 26.00 1692715755.35
37.18 33.41 26.00 1692715755.45
36.87 33.37 25.00 1692715755.55
36.55 32.89 25.00 1692715755.65
36.43 32.50 25.00 1692715755.75
36.29 32.38 24.00 1692715755.85
36.09 32.29 22.00 1692715755.95
35.53 32.59 21.00 1692715756.05
34.06 32.97 19.00 1692715756.15
27.94 31.99 15.00 1692715756.25
21.89 26.09 9.00 1692715756.35
25.03 24.75 5.00 1692715756.45
24.55 22.56 4.00 1692715756.55
18.55 15.89 4.00 1692715756.65
15.15 13.06 4.00 1692715756.76
12.75 11.69 4.00 1692715756.86
11.46 10.88 4.00 1692715756.96
11.03 10.21 4.00 1692715757.06
11.26 9.82 4.00 1692715757.16
11.74 9.84 4.00 1692715757.26
11.58 9.77 4.00 1692715757.36
10.89 9.43 4.00 1692715757.46
9.70 8.76 4.00 1692715757.56
8.21 7.84 4.00 1692715757.66
7.17 6.22 4.00 1692715757.76
6.58 5.75 4.00 1692715757.86
6.12 5.46 4.00 1692715757.96
5.43 4.91 5.00 1692715758.06
4.69 4.42 5.00 1692715758.16
3.96 4.07 5.00 1692715758.26
3.33 3.82 5.00 1692715758.36
3.14 3.37 5.00 1692715758.46
3.05 3.19 5.00 1692715758.56
2.90 3.25 5.00 1692715758.66
2.75 3.25 5.00 1692715758.76
2.34 3.39 5.00 1692715758.86
2.03 3.41 5.00 1692715758.96
1.72 3.63 5.00 1692715759.06
1.81 3.96 5.00 1692715759.16
1.94 4.19 5.00 1692715759.26
1.94 3.97 5.00 1692715759.36
1.91 3.25 5.00 1692715759.46
1.85 2.43 5.00 1692715759.56
1.66 1.79 5.00 1692715759.66
1.47 1.17 5.00 1692715759.76
1.35 0.95 5.00 1692715759.86
1.20 0.86 5.00 1692715759.96
1.03 0.95 5.00 1692715760.06
0.72 1.03 5.00 1692715760.16
0.53 0.99 5.00 1692715760.26
0.45 1.03 5.00 1692715760.36
0.37 1.01 5.00 1692715760.46
0.39 1.12 5.00 1692715760.57
0.51 1.21 5.00 1692715760.67
0.74 1.59 5.00 1692715760.77
1.09 2.20 5.00 1692715760.87
1.16 2.46 5.00 1692715760.97
1.13 2.34 5.00 1692715761.07
1.06 2.13 5.00 1692715761.17
0.90 5.96 5.00 1692715761.27
0.65 0.11 5.00 1692715761.68
0.21 0.10 5.00 1692715761.77
0.12 0.04 5.00 1692715762.15
0.20 0.06 5.00 1692715762.25
0.11 0.18 5.00 1692715762.35
0.10 0.32 5.00 1692715762.46
0.25 0.39 5.00 1692715762.56
0.15 0.37 5.00 1692715762.66
0.06 0.17 5.00 1692715762.76
0.22 0.05 5.00 1692715762.86
0.25 0.03 5.00 1692715762.96
0.17 0.01 5.00 1692715763.06
0.50 0.02 5.00 1692715763.16
0.91 0.88 11.00 1692715763.26
0.45 0.48 30.00 1692715763.36
0.05 0.10 51.00 1692715763.46
0.21 0.03 66.00 1692715763.56
0.25 0.01 86.00 1692715763.66
0.25 0.02 90.00 1692715763.76
0.25 0.02 89.00 1692715763.86
0.26 0.00 89.00 1692715763.96
0.26 0.00 88.00 1692715764.06
0.25 0.01 89.00 1692715764.16
0.26 0.01 89.00 1692715764.26
0.26 0.00 88.00 1692715764.36
0.26 0.00 85.00 1692715764.46
0.27 0.00 85.00 1692715764.56
0.27 0.01 85.00 1692715764.66
0.27 0.01 85.00 1692715764.76
0.26 0.00 85.00 1692715764.86
0.26 0.00 85.00 1692715764.96
0.27 0.00 85.00 1692715765.06
0.27 0.00 86.00 1692715765.16
0.26 0.01 86.00 1692715765.26
0.25 0.01 86.00 1692715765.36
0.25 0.01 86.00 1692715765.46
0.26 0.00 86.00 1692715765.56
0.27 0.01 86.00 1692715765.66
0.26 0.02 86.00 1692715765.76
0.25 0.03 86.00 1692715765.86
0.26 0.02 86.00 1692715765.96
0.27 0.01 86.00 1692715766.06
0.27 0.01 86.00 1692715766.17
0.27 0.00 86.00 1692715766.27
0.27 0.00 86.00 1692715766.37
0.26 0.00 86.00 1692715766.47
0.27 0.01 86.00 1692715766.57
0.27 0.00 86.00 1692715766.67
0.26 0.00 86.00 1692715766.77
0.26 0.01 86.00 1692715766.87
0.25 0.01 86.00 1692715766.97
0.22 0.01 86.00 1692715767.07
0.20 0.01 86.00 1692715767.17
0.23 0.00 86.00 1692715767.27
0.24 0.00 86.00 1692715767.37
0.23 0.00 86.00 1692715767.47
0.25 0.00 86.00 1692715767.57
0.26 0.01 86.00 1692715767.67
0.27 0.01 86.00 1692715767.77
0.28 0.01 86.00 1692715767.87
0.28 0.01 86.00 1692715767.97
0.26 0.02 86.00 1692715768.07
0.25 0.02 86.00 1692715768.17
0.22 0.03 86.00 1692715768.27
0.05 0.03 86.00 1692715768.37
0.47 0.02 86.00 1692715768.47
1.17 0.02 85.00 1692715768.57
1.29 0.02 86.00 1692715768.67
1.00 0.00 86.00 1692715768.77
0.20 0.00 86.00 1692715768.87
0.23 0.02 86.00 1692715768.97
0.28 0.03 86.00 1692715769.07
0.27 0.00 86.00 1692715769.17
0.27 0.00 86.00 1692715769.27
0.28 0.00 86.00 1692715769.37
0.27 0.00 86.00 1692715769.47
0.27 0.00 86.00 1692715769.57
0.27 0.00 86.00 1692715769.67
0.26 0.01 86.00 1692715769.77
0.26 0.01 86.00 1692715769.88
0.26 0.02 86.00 1692715769.98
0.26 0.01 86.00 1692715770.08
0.26 0.01 86.00 1692715770.18
0.28 0.02 86.00 1692715770.28
0.28 0.00 86.00 1692715770.38
0.27 0.01 86.00 1692715770.48
0.27 0.14 86.00 1692715770.58
0.28 0.00 86.00 1692715770.99
0.26 0.01 86.00 1692715771.08
0.26 0.01 86.00 1692715771.17
0.26 0.01 86.00 1692715771.27
0.27 0.01 86.00 1692715771.36
0.26 0.02 86.00 1692715771.45
0.25 0.03 86.00 1692715771.83
0.25 0.03 86.00 1692715771.93
0.25 0.03 86.00 1692715772.03
0.25 0.01 86.00 1692715772.14
0.25 0.01 86.00 1692715772.24
0.25 0.01 85.00 1692715772.34
0.22 0.02 85.00 1692715772.44
0.03 0.10 85.00 1692715772.54
0.35 0.61 85.00 1692715772.64
0.36 0.87 85.00 1692715772.74
0.20 0.69 85.00 1692715772.84
0.09 0.63 85.00 1692715772.94
0.24 0.71 81.00 1692715773.04
0.73 0.98 81.00 1692715773.14
1.30 1.37 80.00 1692715773.24
1.68 1.77 78.00 1692715773.34
2.59 2.52 77.00 1692715773.44
4.54 3.79 77.00 1692715773.54
6.11 4.70 76.00 1692715773.64
6.34 4.45 75.00 1692715773.74
5.92 3.94 75.00 1692715773.84
4.74 3.74 75.00 1692715773.94
4.18 3.55 74.00 1692715774.04
4.43 3.83 74.00 1692715774.14
5.16 4.51 73.00 1692715774.24
5.93 5.07 72.00 1692715774.34
6.90 5.53 71.00 1692715774.44
8.70 6.37 71.00 1692715774.54
10.59 7.67 71.00 1692715774.64
10.19 7.75 71.00 1692715774.74
9.08 7.06 71.00 1692715774.84
8.66 6.80 71.00 1692715774.94
8.64 6.63 70.00 1692715775.04
9.16 6.79 70.00 1692715775.14
9.88 7.32 69.00 1692715775.24
11.03 8.71 69.00 1692715775.34
11.94 9.38 68.00 1692715775.44
11.43 9.27 68.00 1692715775.54
10.84 8.99 67.00 1692715775.64
10.95 9.13 66.00 1692715775.74
11.67 9.83 64.00 1692715775.84
12.89 10.79 63.00 1692715775.95
14.29 11.39 62.00 1692715776.05
15.41 11.55 62.00 1692715776.15
15.80 12.16 62.00 1692715776.25
15.16 12.51 62.00 1692715776.35
14.48 12.44 62.00 1692715776.45
14.47 12.28 61.00 1692715776.55
15.05 12.54 60.00 1692715776.65
15.83 13.27 59.00 1692715776.75
16.38 13.99 57.00 1692715776.85
17.06 15.07 57.00 1692715776.95
17.28 16.11 57.00 1692715777.05
16.92 16.49 56.00 1692715777.15
16.29 16.04 56.00 1692715777.25
15.91 15.29 56.00 1692715777.35
16.11 14.71 54.00 1692715777.45
16.88 15.37 54.00 1692715777.55
17.76 16.37 53.00 1692715777.65
18.25 17.54 54.00 1692715777.75
17.59 17.31 53.00 1692715777.85
16.96 16.76 53.00 1692715777.95
17.31 16.77 53.00 1692715778.05
17.59 17.46 52.00 1692715778.15
17.40 17.50 51.00 1692715778.25
18.68 18.40 51.00 1692715778.35
20.11 19.85 51.00 1692715778.45
20.21 20.56 51.00 1692715778.55
20.19 20.81 51.00 1692715778.65
20.36 20.87 51.00 1692715778.75
20.45 20.56 51.00 1692715778.85
20.43 20.60 51.00 1692715778.95
19.70 20.16 50.00 1692715779.05
19.26 19.93 50.00 1692715779.15
20.35 20.99 50.00 1692715779.25
20.74 21.95 50.00 1692715779.35
20.12 22.26 50.00 1692715779.45
19.75 21.91 50.00 1692715779.55
19.74 21.27 49.00 1692715779.65
20.69 21.13 48.00 1692715779.76
22.22 22.40 48.00 1692715779.86
22.88 23.31 47.00 1692715779.96
22.17 23.44 47.00 1692715780.06
21.51 22.80 47.00 1692715780.16
21.22 22.59 47.00 1692715780.26
21.64 22.95 45.00 1692715780.36
22.52 23.37 45.00 1692715780.46
24.08 24.74 45.00 1692715780.56
24.71 25.51 45.00 1692715780.66
23.85 25.00 45.00 1692715780.76
22.96 24.06 45.00 1692715780.86
22.77 23.12 45.00 1692715780.96
23.41 23.50 45.00 1692715781.06
23.37 24.16 44.00 1692715781.16
23.84 24.45 44.00 1692715781.26
25.62 26.89 44.00 1692715781.36
26.64 27.51 44.00 1692715781.46
24.82 25.61 44.00 1692715781.56
24.04 24.13 43.00 1692715781.66
26.43 26.12 42.00 1692715781.76
27.67 27.40 42.00 1692715781.86
28.15 28.51 42.00 1692715781.96
28.10 28.89 42.00 1692715782.06
27.10 27.90 41.00 1692715782.16
26.62 26.75 41.00 1692715782.26
26.49 26.56 40.00 1692715782.36
26.87 26.83 40.00 1692715782.46
28.86 28.47 39.00 1692715782.56
30.77 29.44 39.00 1692715782.66
30.92 29.35 39.00 1692715782.76
29.88 28.55 38.00 1692715782.86
29.46 28.13 38.00 1692715782.96
29.39 28.15 38.00 1692715783.06
29.28 28.17 37.00 1692715783.16
29.87 28.33 36.00 1692715783.26
30.59 28.81 35.00 1692715783.36
31.50 29.26 35.00 1692715783.46
32.74 29.93 35.00 1692715783.57
32.72 30.04 35.00 1692715783.67
31.84 29.46 34.00 1692715783.77
31.55 28.96 34.00 1692715783.87
32.08 29.36 34.00 1692715783.97
33.26 30.35 34.00 1692715784.07
34.01 31.16 33.00 1692715784.17
34.25 31.06 33.00 1692715784.27
34.29 30.92 33.00 1692715784.37
34.02 30.90 33.00 1692715784.47
33.59 30.61 33.00 1692715784.57
33.22 30.24 33.00 1692715784.67
32.77 29.71 31.00 1692715784.77
33.16 29.84 31.00 1692715784.87
33.96 30.22 30.00 1692715784.97
34.94 30.85 30.00 1692715785.07
36.13 31.45 29.00 1692715785.17
36.51 31.75 28.00 1692715785.27
36.44 31.59 27.00 1692715785.37
36.55 31.46 25.00 1692715785.47
36.83 31.51 24.00 1692715785.57
37.16 31.94 22.00 1692715785.67
37.30 32.24 21.00 1692715785.77
37.75 32.16 19.00 1692715785.87
38.34 32.21 17.00 1692715785.97
38.13 30.37 14.00 1692715786.07
36.57 28.00 11.00 1692715786.17
33.83 25.20 8.00 1692715786.27
25.58 19.92 5.00 1692715786.37
15.52 13.28 1.00 1692715786.47
10.64 8.15 0.00 1692715786.57
8.65 5.70 0.00 1692715786.67
7.50 4.84 0.00 1692715786.77
6.59 3.91 0.00 1692715786.87
6.11 3.20 0.00 1692715786.97
5.92 2.82 0.00 1692715787.07
5.89 2.70 0.00 1692715787.17
5.79 2.59 0.00 1692715787.27
5.58 2.20 0.00 1692715787.37
5.43 2.01 0.00 1692715787.48
5.06 1.79 0.00 1692715787.58
4.80 1.58 0.00 1692715787.68
4.69 1.44 0.00 1692715787.78
4.49 1.31 0.00 1692715787.88
4.16 1.36 0.00 1692715787.98
3.68 1.67 0.00 1692715788.08
3.05 1.83 0.00 1692715788.18
2.42 1.78 0.00 1692715788.28
1.94 1.76 0.00 1692715788.38
1.63 1.78 0.00 1692715788.48
1.37 1.39 14.00 1692715788.58
1.40 1.17 22.00 1692715788.68
1.23 0.94 30.00 1692715788.78
1.32 0.78 34.00 1692715788.88
1.42 0.79 37.00 1692715788.98
1.34 0.82 42.00 1692715789.08
1.54 0.95 51.00 1692715789.18
1.85 1.17 62.00 1692715789.28
1.94 1.49 73.00 1692715789.38
1.63 1.67 80.00 1692715789.48
1.24 1.67 86.00 1692715789.58
0.94 1.67 95.00 1692715789.68
0.75 1.82 96.00 1692715789.78
0.63 2.09 96.00 1692715789.88
0.41 1.97 96.00 1692715789.98
0.28 1.82 96.00 1692715790.08
0.09 1.30 96.00 1692715790.18
0.15 0.67 96.00 1692715790.28
0.24 0.30 96.00 1692715790.38
0.23 0.14 95.00 1692715790.48
0.21 0.13 94.00 1692715790.58
0.23 0.05 94.00 1692715790.68
0.24 0.03 94.00 1692715790.78
0.14 0.05 94.00 1692715790.88
0.35 0.18 94.00 1692715790.98
0.67 0.36 94.00 1692715791.08
0.47 0.24 94.00 1692715791.18
0.10 0.06 94.00 1692715791.29
0.26 0.00 92.00 1692715791.39
0.26 0.00 92.00 1692715791.49
0.25 0.00 92.00 1692715791.59
0.26 0.02 92.00 1692715791.69
0.28 0.01 91.00 1692715791.79
0.28 0.00 90.00 1692715792.20
0.28 0.00 91.00 1692715792.29
0.27 0.00 91.00 1692715792.38
0.28 0.00 91.00 1692715792.48
0.28 0.00 91.00 1692715792.57
0.27 0.00 91.00 1692715792.66
0.28 0.00 91.00 1692715792.75
0.27 0.00 91.00 1692715792.85
0.27 0.00 91.00 1692715792.94
0.27 0.00 91.00 1692715793.03
0.27 0.01 91.00 1692715793.12
0.27 0.01 91.00 1692715793.22
0.26 0.03 91.00 1692715793.31
0.26 0.03 91.00 1692715793.40
0.26 0.02 91.00 1692715793.49
0.27 0.01 90.00 1692715793.59
0.26 0.02 90.00 1692715793.69
0.25 0.03 89.00 1692715793.79
0.25 0.05 89.00 1692715793.89
0.13 0.25 88.00 1692715793.99
0.41 0.69 88.00 1692715794.09
0.78 0.98 88.00 1692715794.19
0.73 0.98 88.00 1692715794.29
0.52 0.64 87.00 1692715794.39
0.37 0.26 87.00 1692715794.49
0.28 0.08 87.00 1692715794.59
0.20 0.06 88.00 1692715794.69
0.18 0.24 88.00 1692715794.79
0.18 0.25 87.00 1692715794.89
0.04 0.13 87.00 1692715794.99
0.18 0.04 87.00 1692715795.10
0.24 0.01 87.00 1692715795.20
0.24 0.02 87.00 1692715795.30
0.16 0.02 87.00 1692715795.40
0.15 0.04 87.00 1692715795.50
0.23 0.04 87.00 1692715795.60
0.21 0.03 87.00 1692715795.70
0.06 0.03 88.00 1692715795.80
0.11 0.07 87.00 1692715795.90
0.34 0.43 87.00 1692715796.00
0.31 0.49 86.00 1692715796.10
0.17 0.56 83.00 1692715796.20
0.26 0.67 81.00 1692715796.30
0.90 1.00 79.00 1692715796.40
2.33 2.11 78.00 1692715796.50
3.66 3.34 77.00 1692715796.60
4.85 4.31 74.00 1692715796.70
6.08 4.76 74.00 1692715796.80
7.37 5.01 74.00 1692715796.90
9.08 5.74 73.00 1692715797.00
10.84 6.99 73.00 1692715797.10
11.35 8.73 73.00 1692715797.20
10.40 8.30 72.00 1692715797.30
9.61 7.52 72.00 1692715797.40
9.80 7.53 71.00 1692715797.50
10.45 8.28 70.00 1692715797.60
10.87 8.95 69.00 1692715797.70
11.46 9.55 69.00 1692715797.80
11.84 10.04 69.00 1692715797.90
11.74 9.96 68.00 1692715798.00
11.81 9.94 66.00 1692715798.10
12.26 10.54 65.00 1692715798.20
12.98 11.31 63.00 1692715798.30
14.50 12.59 63.00 1692715798.40
15.70 13.33 63.00 1692715798.50
15.70 13.77 63.00 1692715798.60
15.47 14.17 62.00 1692715798.70
15.19 14.24 62.00 1692715798.80
15.12 14.39 62.00 1692715798.90
15.48 15.15 62.00 1692715799.01
15.21 15.64 62.00 1692715799.11
14.90 15.60 61.00 1692715799.21
15.59 16.09 61.00 1692715799.31
17.16 16.94 60.00 1692715799.41
18.49 18.27 59.00 1692715799.51
18.14 17.83 56.00 1692715799.92
17.39 18.60 56.00 1692715800.01
18.91 19.42 56.00 1692715800.10
19.65 19.53 55.00 1692715800.20
19.86 19.02 55.00 1692715800.29
19.99 19.35 54.00 1692715800.38
21.66 20.20 51.00 1692715800.76
21.30 20.93 51.00 1692715800.86
21.96 22.19 50.00 1692715800.97
23.53 23.81 50.00 1692715801.06
23.25 24.16 50.00 1692715801.17
21.98 23.43 49.00 1692715801.27
22.38 23.18 49.00 1692715801.37
23.51 22.91 48.00 1692715801.47
24.84 23.67 46.00 1692715801.57
25.32 24.83 45.00 1692715801.67
25.88 25.28 45.00 1692715801.77
26.90 26.43 45.00 1692715801.87
28.07 27.17 45.00 1692715801.97
28.20 27.03 45.00 1692715802.07
27.07 26.19 45.00 1692715802.17
25.63 24.66 45.00 1692715802.27
26.10 24.58 44.00 1692715802.37
27.33 25.75 43.00 1692715802.47
28.87 27.06 43.00 1692715802.57
29.28 28.21 43.00 1692715802.67
28.27 28.15 43.00 1692715802.77
27.69 27.74 42.00 1692715802.87
28.05 27.37 41.00 1692715802.97
29.55 28.08 40.00 1692715803.07
31.18 29.10 39.00 1692715803.17
31.52 29.59 39.00 1692715803.27
31.47 29.70 39.00 1692715803.37
32.22 30.01 39.00 1692715803.47
33.05 30.51 39.00 1692715803.57
32.77 30.72 38.00 1692715803.67
32.15 30.10 38.00 1692715803.77
31.94 29.58 38.00 1692715803.87
31.84 29.24 37.00 1692715803.97
31.92 29.24 37.00 1692715804.07
32.11 29.33 36.00 1692715804.17
32.69 29.86 36.00 1692715804.27
33.69 30.38 35.00 1692715804.37
34.61 31.03 35.00 1692715804.47
34.75 31.47 35.00 1692715804.57
34.86 31.22 35.00 1692715804.67
34.75 30.97 34.00 1692715804.77
34.68 30.98 34.00 1692715804.87
34.68 30.89 34.00 1692715804.98
34.90 30.55 33.00 1692715805.08
35.02 30.61 32.00 1692715805.18
34.81 30.57 31.00 1692715805.28
32.69 30.05 29.00 1692715805.38
25.89 21.71 22.00 1692715805.48
18.98 5.36 8.00 1692715805.89
7.82 3.57 8.00 1692715805.98
3.02 1.16 7.00 1692715806.36
2.10 0.64 6.00 1692715806.46
1.22 0.16 6.00 1692715806.56
0.20 0.02 6.00 1692715806.67
0.22 0.00 6.00 1692715806.77
0.25 0.00 6.00 1692715806.87
0.28 0.00 6.00 1692715806.97
0.29 0.00 6.00 1692715807.07
0.29 0.00 6.00 1692715807.17
0.29 0.00 3.00 1692715807.27
0.29 0.00 2.00 1692715807.37
0.29 0.00 2.00 1692715807.47
0.29 0.00 1.00 1692715807.57
0.28 0.00 1.00 1692715807.67
0.28 0.00 3.00 1692715807.77
0.28 0.00 6.00 1692715807.87
0.28 0.01 14.00 1692715807.97
0.28 0.02 20.00 1692715808.07
0.27 0.20 25.00 1692715808.17
0.27 1.00 27.00 1692715808.27
0.27 1.58 29.00 1692715808.37
0.26 2.22 30.00 1692715808.47
0.17 2.38 31.00 1692715808.57
0.00 1.64 35.00 1692715808.67
0.15 1.38 39.00 1692715808.77
0.14 1.10 47.00 1692715808.87
0.03 1.01 56.00 1692715808.97
0.31 1.02 63.00 1692715809.07
0.42 1.05 75.00 1692715809.17
0.33 1.12 86.00 1692715809.27
0.29 1.09 96.00 1692715809.37
0.07 0.96 96.00 1692715809.47
0.06 0.80 96.00 1692715809.57
0.02 0.72 93.00 1692715809.67
0.14 0.68 93.00 1692715809.77
0.23 0.26 93.00 1692715809.87
0.27 0.12 93.00 1692715809.97
0.28 0.05 93.00 1692715810.07
0.28 0.03 93.00 1692715810.17
0.28 0.03 93.00 1692715810.27
0.27 0.03 93.00 1692715810.37
0.28 0.16 93.00 1692715810.47
0.29 0.45 93.00 1692715810.58
0.32 0.22 93.00 1692715810.68
0.38 0.05 93.00 1692715810.78
0.37 0.03 93.00 1692715810.88
0.36 0.05 93.00 1692715810.98
0.37 0.05 93.00 1692715811.08
0.40 0.05 93.00 1692715811.18
0.41 0.05 93.00 1692715811.28
0.49 23.95 93.00 1692715811.38
0.50 0.01 93.00 1692715811.79
0.45 0.06 93.00 1692715811.88
0.41 0.34 93.00 1692715812.26
0.45 0.40 93.00 1692715812.36
0.48 0.43 93.00 1692715812.46
0.48 0.40 93.00 1692715812.57
