3.77 4.43 87.00 1692795071.71
3.73 4.34 87.00 1692795071.78
3.78 4.32 87.00 1692795071.88
3.85 4.34 87.00 1692795071.98
3.97 4.43 87.00 1692795072.08
4.01 4.49 87.00 1692795072.18
3.90 4.44 87.00 1692795072.28
3.77 4.29 87.00 1692795072.38
3.84 4.22 87.00 1692795072.48
4.06 4.31 87.00 1692795072.58
4.21 4.39 87.00 1692795072.68
4.15 4.51 87.00 1692795072.78
4.07 4.53 87.00 1692795072.88
4.19 4.64 87.00 1692795072.98
4.32 4.76 87.00 1692795073.08
4.41 4.86 87.00 1692795073.18
4.45 4.92 87.00 1692795073.28
4.41 4.96 87.00 1692795073.38
4.39 5.01 87.00 1692795073.48
4.40 5.07 87.00 1692795073.58
4.42 5.12 87.00 1692795073.68
4.50 5.14 87.00 1692795073.78
4.57 5.06 87.00 1692795074.20
4.40 4.99 87.00 1692795074.29
4.37 5.00 87.00 1692795074.38
4.40 5.05 87.00 1692795074.47
4.48 5.03 87.00 1692795074.57
4.50 4.94 87.00 1692795074.66
4.41 4.82 87.00 1692795074.75
4.26 4.75 87.00 1692795074.84
4.18 4.72 87.00 1692795074.94
4.19 4.66 87.00 1692795075.03
4.16 4.59 87.00 1692795075.12
4.11 4.53 87.00 1692795075.21
4.09 4.50 87.00 1692795075.31
4.07 4.48 87.00 1692795075.40
4.00 4.46 87.00 1692795075.49
3.95 4.51 87.00 1692795075.59
3.89 4.51 87.00 1692795075.69
3.68 4.47 87.00 1692795075.79
3.60 4.44 87.00 1692795075.89
3.71 4.46 87.00 1692795075.99
3.95 4.75 87.00 1692795076.09
4.19 5.11 87.00 1692795076.19
4.30 5.39 87.00 1692795076.29
4.41 5.60 87.00 1692795076.39
4.50 5.77 87.00 1692795076.49
4.48 5.79 87.00 1692795076.59
4.40 5.57 87.00 1692795076.69
4.40 5.13 87.00 1692795076.79
4.42 4.86 87.00 1692795076.89
4.46 4.42 87.00 1692795076.99
4.64 4.19 87.00 1692795077.09
4.81 4.04 87.00 1692795077.19
4.58 3.90 87.00 1692795077.29
4.45 3.83 87.00 1692795077.39
4.44 3.86 87.00 1692795077.49
4.44 3.87 87.00 1692795077.59
4.53 3.90 87.00 1692795077.69
4.70 3.97 87.00 1692795077.79
4.86 4.04 87.00 1692795077.89
4.86 4.07 87.00 1692795077.99
4.50 3.82 87.00 1692795078.09
4.12 3.51 87.00 1692795078.19
4.00 3.32 87.00 1692795078.29
3.92 3.23 87.00 1692795078.39
3.85 3.23 87.00 1692795078.49
3.87 3.37 87.00 1692795078.60
4.16 3.69 87.00 1692795078.70
4.35 3.94 87.00 1692795078.80
4.34 4.15 87.00 1692795078.90
4.37 4.20 87.00 1692795079.00
4.46 3.98 87.00 1692795079.10
4.70 3.67 87.00 1692795079.20
4.80 3.65 87.00 1692795079.30
4.70 3.59 87.00 1692795079.40
4.49 3.49 87.00 1692795079.50
4.29 3.48 87.00 1692795079.60
4.18 3.50 87.00 1692795079.70
4.13 3.43 87.00 1692795079.80
4.11 4.63 87.00 1692795079.90
4.06 0.41 88.00 1692795080.31
3.15 0.15 88.00 1692795080.40
1.74 0.12 88.00 1692795080.50
0.50 0.12 88.00 1692795080.59
0.12 0.12 88.00 1692795080.68
0.10 0.12 88.00 1692795080.77
0.10 0.12 88.00 1692795080.87
0.10 0.12 88.00 1692795080.96
0.10 0.12 88.00 1692795081.05
0.10 0.12 88.00 1692795081.15
0.10 0.12 88.00 1692795081.24
0.10 0.12 88.00 1692795081.33
0.10 0.12 88.00 1692795081.42
0.10 0.12 88.00 1692795081.51
0.10 0.12 88.00 1692795081.61
0.10 0.12 88.00 1692795081.70
0.10 0.12 88.00 1692795081.80
0.10 0.12 88.00 1692795081.90
0.10 0.12 88.00 1692795082.00
0.10 0.12 88.00 1692795082.10
0.10 0.12 88.00 1692795082.20
0.11 0.16 88.00 1692795082.30
0.10 0.30 88.00 1692795082.41
0.10 0.48 88.00 1692795082.51
0.10 1.11 88.00 1692795082.61
0.13 1.64 88.00 1692795082.71
0.18 1.71 88.00 1692795082.81
0.12 0.35 88.00 1692795082.91
0.10 0.15 88.00 1692795083.01
0.10 0.13 88.00 1692795083.11
0.10 0.12 88.00 1692795083.21
0.10 0.11 88.00 1692795083.31
0.10 0.11 88.00 1692795083.41
0.10 0.12 88.00 1692795083.51
0.10 0.12 88.00 1692795083.61
0.10 0.12 88.00 1692795083.71
0.10 0.12 88.00 1692795083.81
0.10 0.10 88.00 1692795083.91
0.10 0.08 88.00 1692795084.01
0.10 0.12 88.00 1692795084.11
0.10 0.12 88.00 1692795084.21
0.10 0.12 88.00 1692795084.31
0.10 0.12 88.00 1692795084.41
0.10 0.12 88.00 1692795084.51
0.10 0.12 88.00 1692795084.61
0.10 0.12 88.00 1692795084.71
0.11 0.12 88.00 1692795084.81
0.15 0.12 88.00 1692795084.91
0.22 0.12 88.00 1692795085.01
0.26 0.12 88.00 1692795085.11
0.27 0.12 88.00 1692795085.21
0.29 0.13 88.00 1692795085.31
0.31 0.13 88.00 1692795085.41
0.36 0.13 88.00 1692795085.51
0.46 0.14 88.00 1692795085.61
0.49 0.13 88.00 1692795085.72
0.48 0.13 88.00 1692795085.81
0.52 0.15 88.00 1692795085.91
0.56 0.29 88.00 1692795086.01
0.69 0.61 88.00 1692795086.11
0.96 0.89 88.00 1692795086.22
1.24 1.14 88.00 1692795086.32
1.29 1.26 88.00 1692795086.42
1.34 1.16 88.00 1692795086.52
1.32 0.93 88.00 1692795086.62
1.26 0.48 88.00 1692795086.72
0.75 0.18 88.00 1692795086.82
0.46 0.13 88.00 1692795086.92
0.62 0.14 88.00 1692795087.02
0.84 0.17 88.00 1692795087.12
0.85 0.17 88.00 1692795087.22
0.82 0.15 88.00 1692795087.32
0.88 0.17 88.00 1692795087.42
0.83 0.23 88.00 1692795087.52
0.70 0.21 88.00 1692795087.62
0.59 0.14 88.00 1692795087.72
0.54 0.14 88.00 1692795087.82
0.65 0.17 88.00 1692795087.92
0.93 0.22 88.00 1692795088.02
1.09 0.26 88.00 1692795088.12
0.91 0.20 88.00 1692795088.22
0.83 0.16 88.00 1692795088.32
0.98 0.14 88.00 1692795088.42
1.69 0.15 88.00 1692795088.52
1.86 0.21 88.00 1692795088.62
1.13 0.40 88.00 1692795088.72
0.53 0.64 88.00 1692795088.82
0.28 0.19 88.00 1692795088.92
0.30 0.14 88.00 1692795089.02
0.71 0.13 88.00 1692795089.12
1.29 0.14 88.00 1692795089.22
1.55 0.14 88.00 1692795089.32
1.72 0.15 88.00 1692795089.42
1.83 0.17 88.00 1692795089.52
1.72 0.17 88.00 1692795089.62
1.82 0.18 88.00 1692795089.72
2.55 0.46 88.00 1692795089.82
2.91 1.38 88.00 1692795089.93
2.87 1.96 88.00 1692795090.03
2.90 2.01 88.00 1692795090.13
2.99 2.09 88.00 1692795090.23
3.11 2.07 88.00 1692795090.33
3.25 2.12 88.00 1692795090.44
3.36 2.22 88.00 1692795090.53
3.52 2.41 88.00 1692795090.63
3.57 2.57 88.00 1692795090.73
3.42 2.49 88.00 1692795090.83
3.33 2.31 88.00 1692795090.93
3.37 2.20 88.00 1692795091.03
3.35 2.05 88.00 1692795091.13
3.34 2.02 88.00 1692795091.23
3.31 2.50 88.00 1692795091.33
3.24 2.50 88.00 1692795091.43
3.13 2.36 88.00 1692795091.53
3.03 1.96 88.00 1692795091.63
2.82 1.38 88.00 1692795091.73
2.59 1.04 88.00 1692795091.83
2.29 0.84 88.00 1692795091.93
1.87 0.63 88.00 1692795092.03
1.51 0.40 88.00 1692795092.13
1.40 0.25 88.00 1692795092.23
1.84 0.27 88.00 1692795092.33
2.57 0.70 88.00 1692795092.43
2.88 1.52 88.00 1692795092.53
2.91 1.63 88.00 1692795092.63
2.82 1.63 88.00 1692795092.73
2.66 1.73 88.00 1692795093.15
2.60 1.77 88.00 1692795093.24
2.70 1.86 88.00 1692795093.33
2.86 2.07 88.00 1692795093.42
2.99 2.30 88.00 1692795093.52
3.07 2.40 88.00 1692795093.61
3.22 2.37 88.00 1692795093.70
3.40 2.36 88.00 1692795093.79
3.46 2.52 88.00 1692795093.89
3.57 2.69 88.00 1692795093.98
3.64 2.52 88.00 1692795094.07
3.58 2.38 88.00 1692795094.16
3.59 2.32 88.00 1692795094.26
3.50 2.10 88.00 1692795094.35
3.30 1.80 88.00 1692795094.44
2.97 1.51 88.00 1692795094.54
2.97 1.60 88.00 1692795094.64
3.37 2.01 88.00 1692795094.74
3.92 2.42 88.00 1692795094.84
4.64 3.18 88.00 1692795094.94
5.12 3.80 88.00 1692795095.04
5.39 4.08 87.00 1692795095.14
5.83 4.45 87.00 1692795095.24
6.61 5.40 87.00 1692795095.34
7.25 6.56 86.00 1692795095.44
7.83 7.36 84.00 1692795095.54
8.61 8.11 82.00 1692795095.64
9.68 9.66 81.00 1692795095.74
10.97 10.45 80.00 1692795095.84
11.67 10.81 80.00 1692795095.94
11.59 11.02 80.00 1692795096.04
11.86 11.36 79.00 1692795096.14
11.86 11.53 79.00 1692795096.24
12.10 11.77 78.00 1692795096.34
12.80 12.16 77.00 1692795096.44
13.62 12.73 77.00 1692795096.54
14.19 14.00 74.00 1692795096.96
14.78 14.38 74.00 1692795097.05
14.92 14.96 73.00 1692795097.14
15.57 15.68 72.00 1692795097.23
16.26 16.34 70.00 1692795097.32
16.90 17.26 69.00 1692795097.42
17.93 18.25 68.00 1692795097.51
19.05 19.12 67.00 1692795097.60
19.74 19.68 66.00 1692795097.70
20.04 20.73 66.00 1692795097.79
20.86 21.73 65.00 1692795097.88
21.06 21.72 64.00 1692795097.97
20.77 22.06 63.00 1692795098.07
20.88 22.29 62.00 1692795098.16
21.27 22.87 62.00 1692795098.25
21.79 23.76 61.00 1692795098.35
22.61 24.76 60.00 1692795098.45
23.18 25.51 60.00 1692795098.55
23.37 25.80 59.00 1692795098.65
23.82 26.34 59.00 1692795098.75
24.64 27.08 59.00 1692795098.85
25.33 27.84 59.00 1692795098.95
24.51 27.81 57.00 1692795099.05
23.52 26.98 57.00 1692795099.15
24.35 26.76 57.00 1692795099.25
25.29 27.57 56.00 1692795099.35
25.55 28.02 56.00 1692795099.45
25.38 27.80 55.00 1692795099.55
25.66 28.02 55.00 1692795099.65
26.65 28.88 54.00 1692795099.75
26.81 29.57 53.00 1692795099.85
26.74 29.92 53.00 1692795099.95
27.74 30.70 53.00 1692795100.05
27.66 31.03 52.00 1692795100.15
26.84 30.11 51.00 1692795100.25
27.25 29.98 51.00 1692795100.35
28.47 30.88 50.00 1692795100.45
29.11 32.60 48.00 1692795100.86
29.94 32.86 48.00 1692795100.96
30.52 32.75 48.00 1692795101.05
30.55 32.79 47.00 1692795101.14
30.59 32.98 47.00 1692795101.24
31.06 32.78 46.00 1692795101.33
31.17 32.39 46.00 1692795101.42
30.87 32.44 46.00 1692795101.51
30.96 32.64 45.00 1692795101.61
31.15 32.67 44.00 1692795101.70
31.22 32.74 44.00 1692795101.79
31.50 33.05 43.00 1692795101.88
32.07 33.36 43.00 1692795101.98
32.69 33.78 42.00 1692795102.07
33.36 34.14 41.00 1692795102.16
34.16 34.55 41.00 1692795102.26
34.95 34.80 41.00 1692795102.36
35.30 34.85 40.00 1692795102.46
35.30 34.79 40.00 1692795102.56
35.19 34.67 40.00 1692795102.66
34.84 34.58 40.00 1692795102.76
33.96 33.94 39.00 1692795102.86
32.87 33.04 38.00 1692795102.96
32.82 32.72 37.00 1692795103.06
33.53 33.08 36.00 1692795103.16
34.77 33.72 35.00 1692795103.26
35.91 34.87 34.00 1692795103.36
36.45 35.43 33.00 1692795103.46
36.65 35.16 31.00 1692795103.56
36.78 34.87 30.00 1692795103.66
36.85 34.39 29.00 1692795103.76
36.78 33.79 27.00 1692795103.86
36.69 33.14 24.00 1692795103.96
35.63 31.77 22.00 1692795104.06
32.40 13.54 7.00 1692795104.47
15.98 12.88 7.00 1692795104.57
14.61 12.20 7.00 1692795104.66
13.73 11.55 7.00 1692795104.75
13.04 11.12 8.00 1692795104.85
12.50 10.64 7.00 1692795104.94
11.89 10.18 7.00 1692795105.03
11.19 9.77 7.00 1692795105.12
10.31 9.32 7.00 1692795105.22
9.32 8.67 7.00 1692795105.31
8.53 8.02 7.00 1692795105.40
8.12 7.77 7.00 1692795105.49
8.26 7.99 7.00 1692795105.59
8.70 8.45 7.00 1692795105.68
9.35 9.12 7.00 1692795105.77
14.09 12.46 7.00 1692795106.21
16.14 14.87 7.00 1692795106.31
18.60 17.31 7.00 1692795106.41
20.70 22.48 7.00 1692795106.51
20.17 23.54 7.00 1692795106.61
16.11 20.13 7.00 1692795106.71
12.14 15.64 7.00 1692795106.82
9.96 12.89 7.00 1692795106.92
9.04 11.47 7.00 1692795107.02
9.01 10.67 7.00 1692795107.12
8.76 9.39 7.00 1692795107.22
8.10 8.52 7.00 1692795107.32
7.33 8.27 7.00 1692795107.42
6.54 7.99 7.00 1692795107.52
5.57 7.49 7.00 1692795107.62
5.00 5.21 7.00 1692795107.72
4.38 3.66 7.00 1692795107.82
3.22 1.94 7.00 1692795107.92
2.10 1.03 9.00 1692795108.02
1.33 0.72 9.00 1692795108.12
0.66 0.35 9.00 1692795108.22
0.17 0.15 27.00 1692795108.32
0.13 0.14 55.00 1692795108.42
0.33 0.46 75.00 1692795108.52
0.50 1.33 87.00 1692795108.62
0.27 1.87 96.00 1692795108.72
0.12 1.75 96.00 1692795108.82
0.10 0.82 96.00 1692795108.92
0.10 0.59 96.00 1692795109.02
0.10 1.05 96.00 1692795109.12
0.10 1.64 92.00 1692795109.22
0.10 1.03 93.00 1692795109.32
0.10 0.24 93.00 1692795109.42
0.10 0.12 93.00 1692795109.52
0.09 0.11 93.00 1692795109.62
0.08 0.07 93.00 1692795109.72
0.07 0.03 93.00 1692795109.82
0.09 0.04 93.00 1692795109.92
0.11 0.03 93.00 1692795110.02
0.23 0.12 93.00 1692795110.12
0.56 0.12 93.00 1692795110.22
1.08 0.23 93.00 1692795110.33
1.56 0.60 93.00 1692795110.43
1.76 0.90 93.00 1692795110.52
1.74 0.96 93.00 1692795110.63
1.51 1.09 93.00 1692795110.73
1.26 1.61 93.00 1692795110.83
1.09 2.29 93.00 1692795110.93
1.01 2.44 93.00 1692795111.03
0.76 1.72 93.00 1692795111.13
0.29 0.70 93.00 1692795111.23
0.10 0.12 93.00 1692795111.33
0.10 0.12 93.00 1692795111.43
0.16 0.12 93.00 1692795111.53
0.62 0.12 93.00 1692795111.63
1.24 0.12 93.00 1692795111.73
1.55 0.14 93.00 1692795111.83
1.54 0.20 93.00 1692795111.93
1.34 0.26 93.00 1692795112.03
1.46 0.41 93.00 1692795112.13
1.56 0.69 93.00 1692795112.23
1.28 0.65 93.00 1692795112.33
1.03 0.34 93.00 1692795112.43
0.71 0.12 93.00 1692795112.53
0.26 0.12 93.00 1692795112.63
0.13 0.12 93.00 1692795112.73
0.23 0.12 93.00 1692795112.83
0.21 0.12 93.00 1692795112.93
0.20 0.12 93.00 1692795113.03
0.52 0.12 93.00 1692795113.13
0.90 0.12 93.00 1692795113.23
1.05 0.12 93.00 1692795113.33
1.28 0.12 93.00 1692795113.43
1.54 0.12 93.00 1692795113.53
1.49 0.12 93.00 1692795113.63
1.49 0.12 93.00 1692795113.73
1.61 0.13 93.00 1692795113.83
1.34 0.12 93.00 1692795113.93
0.86 0.12 93.00 1692795114.03
1.05 0.12 93.00 1692795114.13
2.06 0.27 93.00 1692795114.23
3.96 1.22 93.00 1692795114.33
4.88 2.32 93.00 1692795114.44
4.35 2.29 92.00 1692795114.54
3.70 1.70 92.00 1692795114.64
3.55 1.39 91.00 1692795114.74
4.02 1.49 89.00 1692795114.84
5.52 5.17 87.00 1692795114.94
7.28 7.39 85.00 1692795115.04
8.34 8.41 83.00 1692795115.14
9.38 9.17 81.00 1692795115.24
11.30 10.88 81.00 1692795115.34
14.00 13.50 80.00 1692795115.44
15.41 15.11 79.00 1692795115.54
15.81 15.71 77.00 1692795115.64
16.03 16.19 77.00 1692795115.74
16.52 17.04 75.00 1692795115.84
17.35 18.01 74.00 1692795115.94
18.67 18.85 73.00 1692795116.04
20.09 21.77 73.00 1692795116.14
20.28 22.03 72.00 1692795116.24
19.95 21.39 71.00 1692795116.34
19.95 21.05 70.00 1692795116.44
20.36 21.10 69.00 1692795116.54
21.03 21.71 69.00 1692795116.64
21.56 22.56 68.00 1692795116.74
21.93 23.09 67.00 1692795116.84
21.92 23.88 67.00 1692795116.94
21.63 24.97 67.00 1692795117.04
22.00 25.93 67.00 1692795117.14
22.07 26.75 67.00 1692795117.24
21.46 25.68 64.00 1692795117.65
20.84 26.38 64.00 1692795117.75
21.47 26.80 63.00 1692795117.84
21.80 26.98 62.00 1692795117.93
21.59 27.55 62.00 1692795118.03
22.06 28.18 62.00 1692795118.12
23.70 28.40 62.00 1692795118.21
25.20 28.65 62.00 1692795118.30
25.49 28.67 60.00 1692795118.40
24.74 29.63 60.00 1692795118.49
25.68 31.16 60.00 1692795118.58
27.19 31.87 58.00 1692795118.67
26.58 31.39 57.00 1692795118.77
24.98 31.11 57.00 1692795118.86
25.17 31.77 57.00 1692795118.95
26.36 32.84 56.00 1692795119.05
26.99 33.22 55.00 1692795119.15
27.13 32.72 55.00 1692795119.25
28.24 33.03 55.00 1692795119.35
28.58 33.11 55.00 1692795119.45
27.99 32.88 55.00 1692795119.55
28.19 32.65 54.00 1692795119.65
29.05 32.82 54.00 1692795119.75
29.15 32.39 54.00 1692795119.85
29.47 31.88 54.00 1692795119.95
29.02 31.30 53.00 1692795120.05
28.68 30.13 52.00 1692795120.15
29.26 30.95 52.00 1692795120.25
29.83 31.18 51.00 1692795120.35
30.56 32.16 50.00 1692795120.45
30.67 32.64 49.00 1692795120.55
30.26 32.85 49.00 1692795120.65
30.78 33.66 48.00 1692795120.75
30.86 34.25 47.00 1692795120.85
29.81 33.66 47.00 1692795120.95
30.40 33.22 47.00 1692795121.05
31.91 34.23 47.00 1692795121.15
32.73 34.45 46.00 1692795121.25
32.86 34.22 46.00 1692795121.35
32.51 33.93 46.00 1692795121.45
31.91 33.47 45.00 1692795121.55
30.91 32.53 44.00 1692795121.65
31.03 32.85 44.00 1692795121.76
32.29 33.45 44.00 1692795121.85
33.19 33.54 43.00 1692795121.96
33.93 34.24 43.00 1692795122.05
33.93 34.78 42.00 1692795122.16
33.71 34.90 42.00 1692795122.26
33.89 35.00 42.00 1692795122.36
34.10 35.26 42.00 1692795122.46
34.06 35.11 41.00 1692795122.56
33.88 35.26 41.00 1692795122.66
33.41 34.79 41.00 1692795122.76
33.39 34.59 40.00 1692795122.86
33.89 34.65 40.00 1692795122.96
35.09 35.19 40.00 1692795123.06
36.33 36.02 40.00 1692795123.16
36.45 36.18 40.00 1692795123.26
35.79 35.57 39.00 1692795123.36
35.32 34.71 39.00 1692795123.46
35.22 34.19 39.00 1692795123.56
35.45 34.40 38.00 1692795123.66
36.09 34.99 36.00 1692795123.76
36.85 35.79 36.00 1692795123.86
37.80 35.73 35.00 1692795123.96
38.68 35.50 35.00 1692795124.06
38.37 35.18 34.00 1692795124.16
38.33 34.92 34.00 1692795124.26
38.43 34.07 32.00 1692795124.36
38.09 32.22 30.00 1692795124.46
36.64 30.37 28.00 1692795124.56
31.00 27.45 22.00 1692795124.66
23.26 22.20 17.00 1692795124.76
18.55 18.28 14.00 1692795124.86
12.82 14.22 12.00 1692795124.96
9.51 6.47 11.00 1692795125.06
7.95 4.68 11.00 1692795125.16
6.46 3.33 11.00 1692795125.26
5.42 2.46 11.00 1692795125.36
4.85 1.84 11.00 1692795125.46
4.49 1.52 12.00 1692795125.56
3.96 1.39 12.00 1692795125.66
3.36 1.27 12.00 1692795125.77
3.13 1.16 12.00 1692795125.87
3.20 1.17 12.00 1692795125.97
3.42 1.56 12.00 1692795126.07
3.86 2.41 12.00 1692795126.17
4.38 4.76 12.00 1692795126.27
4.66 5.35 12.00 1692795126.37
4.92 5.59 12.00 1692795126.47
5.32 5.75 12.00 1692795126.57
5.96 5.67 12.00 1692795126.67
6.98 5.71 12.00 1692795126.77
8.25 6.54 12.00 1692795126.87
9.76 7.91 12.00 1692795126.97
11.62 9.74 13.00 1692795127.07
13.47 11.74 12.00 1692795127.17
14.73 13.28 12.00 1692795127.27
15.37 14.55 12.00 1692795127.37
15.12 16.03 12.00 1692795127.47
13.94 16.27 12.00 1692795127.57
11.22 14.34 12.00 1692795127.67
8.30 11.36 12.00 1692795127.77
6.45 8.89 12.00 1692795127.87
5.06 6.83 12.00 1692795127.97
4.41 5.47 12.00 1692795128.07
4.48 5.71 12.00 1692795128.17
4.45 6.17 12.00 1692795128.27
4.25 6.19 12.00 1692795128.37
3.92 5.55 12.00 1692795128.47
3.95 4.92 12.00 1692795128.57
4.32 5.10 12.00 1692795128.67
4.64 4.97 12.00 1692795128.77
4.30 4.33 12.00 1692795128.87
2.89 3.28 12.00 1692795128.97
1.46 2.58 12.00 1692795129.07
1.07 2.84 31.00 1692795129.17
0.91 3.32 83.00 1692795129.27
0.41 3.23 96.00 1692795129.37
0.11 2.56 96.00 1692795129.47
0.09 1.89 95.00 1692795129.57
0.09 1.87 95.00 1692795129.68
0.07 1.96 95.00 1692795129.78
0.01 0.93 95.00 1692795129.88
0.19 0.79 95.00 1692795129.98
0.27 0.48 95.00 1692795130.08
0.03 0.19 95.00 1692795130.18
0.01 0.20 95.00 1692795130.28
0.05 0.55 95.00 1692795130.38
0.04 0.77 95.00 1692795130.48
0.03 0.74 95.00 1692795130.58
0.00 2.36 95.00 1692795130.68
0.05 4.58 95.00 1692795130.78
0.06 4.18 95.00 1692795130.88
0.06 2.55 95.00 1692795130.98
0.07 0.12 95.00 1692795131.08
0.07 0.06 95.00 1692795131.18
0.09 0.06 95.00 1692795131.28
0.12 0.10 95.00 1692795131.38
0.10 0.13 95.00 1692795131.48
0.09 0.11 95.00 1692795131.58
0.08 0.01 95.00 1692795131.68
0.07 0.13 95.00 1692795131.78
0.07 0.23 95.00 1692795131.88
0.04 0.37 95.00 1692795131.98
0.01 0.40 95.00 1692795132.08
0.01 0.38 95.00 1692795132.18
0.10 0.30 95.00 1692795132.28
0.27 0.26 95.00 1692795132.38
0.20 0.25 95.00 1692795132.48
0.17 0.26 95.00 1692795132.58
0.13 0.26 95.00 1692795132.68
0.07 0.04 95.00 1692795133.09
0.03 0.10 95.00 1692795133.19
0.02 0.20 95.00 1692795133.28
0.02 0.27 95.00 1692795133.37
0.03 0.26 95.00 1692795133.78
0.36 0.27 95.00 1692795133.88
0.50 0.27 95.00 1692795133.97
