0.27 0.66 93.00 1692878659.12
0.27 0.68 93.00 1692878659.19
0.24 0.64 93.00 1692878659.29
0.34 0.60 93.00 1692878659.39
0.37 0.61 93.00 1692878659.49
0.32 0.53 93.00 1692878659.59
0.23 0.39 93.00 1692878659.69
0.20 0.39 93.00 1692878659.79
0.25 0.43 93.00 1692878659.89
0.30 0.51 93.00 1692878659.99
0.40 0.64 93.00 1692878660.09
0.42 0.75 93.00 1692878660.19
0.36 0.78 93.00 1692878660.30
0.36 0.86 93.00 1692878660.39
0.41 1.01 93.00 1692878660.50
0.47 1.15 93.00 1692878660.60
0.46 1.10 93.00 1692878660.70
0.40 0.93 92.00 1692878660.80
0.48 0.99 93.00 1692878660.90
0.67 1.15 93.00 1692878661.00
0.73 1.13 93.00 1692878661.10
0.62 0.90 92.00 1692878661.20
0.56 0.79 93.00 1692878661.30
0.69 0.86 92.00 1692878661.40
0.99 1.04 92.00 1692878661.50
1.44 1.37 92.00 1692878661.60
1.97 1.72 92.00 1692878661.70
2.28 1.84 92.00 1692878661.80
2.35 1.88 92.00 1692878661.90
2.38 1.95 92.00 1692878662.00
2.41 2.11 92.00 1692878662.10
2.40 2.13 92.00 1692878662.20
2.37 2.03 92.00 1692878662.30
2.34 1.93 92.00 1692878662.40
2.34 1.80 92.00 1692878662.50
2.34 1.75 92.00 1692878662.60
2.30 1.91 92.00 1692878662.70
2.24 2.24 92.00 1692878662.80
2.29 2.70 92.00 1692878662.90
2.22 3.12 92.00 1692878663.00
2.05 2.94 92.00 1692878663.10
2.15 2.54 92.00 1692878663.20
2.25 2.14 92.00 1692878663.30
2.33 2.17 92.00 1692878663.40
2.54 2.27 92.00 1692878663.50
2.79 2.55 92.00 1692878663.60
2.94 2.98 92.00 1692878663.70
2.96 3.25 92.00 1692878663.80
2.85 3.25 92.00 1692878663.91
2.65 2.79 92.00 1692878664.00
2.57 2.37 92.00 1692878664.10
2.60 2.21 92.00 1692878664.20
2.72 2.46 92.00 1692878664.31
2.81 2.97 92.00 1692878664.41
2.84 3.59 92.00 1692878664.51
2.82 3.65 92.00 1692878664.61
2.83 3.68 92.00 1692878664.71
3.00 3.73 91.00 1692878664.81
3.47 3.86 91.00 1692878664.91
4.00 4.12 91.00 1692878665.01
4.16 4.39 89.00 1692878665.11
4.11 4.44 89.00 1692878665.21
4.22 4.39 87.00 1692878665.31
4.59 4.48 87.00 1692878665.41
5.45 5.10 86.00 1692878665.51
6.26 6.36 86.00 1692878665.61
6.50 7.25 85.00 1692878665.71
6.64 7.58 84.00 1692878665.81
6.84 7.90 84.00 1692878665.91
7.10 8.07 83.00 1692878666.01
7.56 8.22 83.00 1692878666.11
8.11 8.63 81.00 1692878666.21
8.77 9.12 80.00 1692878666.31
9.67 9.73 80.00 1692878666.41
10.32 10.20 79.00 1692878666.51
10.78 10.41 77.00 1692878666.61
11.20 10.83 77.00 1692878666.71
11.96 11.42 77.00 1692878666.81
12.83 13.47 76.00 1692878666.91
12.87 13.48 75.00 1692878667.01
12.80 16.05 72.00 1692878667.43
13.51 16.19 70.00 1692878667.52
13.99 16.98 70.00 1692878667.61
15.07 18.56 70.00 1692878667.70
16.87 19.80 70.00 1692878667.80
18.17 20.17 68.00 1692878667.89
18.33 19.80 68.00 1692878667.98
18.17 19.88 67.00 1692878668.07
18.51 20.45 66.00 1692878668.17
18.95 20.74 65.00 1692878668.26
19.22 21.31 65.00 1692878668.35
19.96 22.09 64.00 1692878668.44
20.39 22.57 63.00 1692878668.54
20.90 23.37 62.00 1692878668.63
21.87 24.25 62.00 1692878668.72
22.65 25.01 62.00 1692878668.82
22.82 25.21 61.00 1692878668.92
23.12 25.38 60.00 1692878669.02
23.80 25.94 60.00 1692878669.12
24.42 26.35 59.00 1692878669.22
25.00 26.81 59.00 1692878669.32
25.29 27.46 59.00 1692878669.42
25.28 27.88 59.00 1692878669.52
25.97 28.39 59.00 1692878669.62
26.80 29.41 58.00 1692878669.72
27.43 29.90 58.00 1692878669.82
27.20 30.15 58.00 1692878669.92
26.04 27.94 58.00 1692878670.02
25.60 27.63 58.00 1692878670.12
25.81 27.73 57.00 1692878670.22
26.11 27.93 56.00 1692878670.32
26.61 28.28 56.00 1692878670.42
27.42 28.97 56.00 1692878670.52
27.87 29.38 56.00 1692878670.62
28.03 29.83 56.00 1692878670.72
28.85 30.80 56.00 1692878670.82
29.67 31.29 56.00 1692878670.92
29.87 31.41 56.00 1692878671.02
29.06 30.92 55.00 1692878671.12
28.34 29.72 54.00 1692878671.22
28.13 29.84 54.00 1692878671.32
28.50 30.14 53.00 1692878671.42
29.39 31.18 53.00 1692878671.53
29.92 32.17 53.00 1692878671.63
30.39 32.65 53.00 1692878671.73
30.38 32.61 53.00 1692878671.83
29.77 31.74 53.00 1692878671.93
29.50 31.41 52.00 1692878672.03
29.28 31.61 51.00 1692878672.13
29.50 31.70 51.00 1692878672.23
30.33 32.02 51.00 1692878672.33
31.37 33.69 51.00 1692878672.43
32.36 34.62 51.00 1692878672.53
32.49 34.75 50.00 1692878672.63
32.18 34.30 50.00 1692878672.73
32.34 34.59 50.00 1692878672.83
31.02 34.01 50.00 1692878672.93
28.98 32.58 50.00 1692878673.03
28.14 31.46 50.00 1692878673.13
28.10 30.84 50.00 1692878673.23
28.93 30.71 49.00 1692878673.33
30.55 31.83 48.00 1692878673.43
31.84 33.08 48.00 1692878673.53
32.30 34.02 46.00 1692878673.63
32.15 33.81 45.00 1692878673.73
32.77 34.34 45.00 1692878673.83
33.85 35.25 45.00 1692878673.93
34.48 35.83 44.00 1692878674.03
34.11 35.46 44.00 1692878674.13
33.89 34.99 43.00 1692878674.23
33.81 34.74 44.00 1692878674.33
33.52 34.37 43.00 1692878674.43
33.47 34.25 43.00 1692878674.53
33.91 34.51 43.00 1692878674.63
34.39 35.07 42.00 1692878674.73
33.99 35.30 41.00 1692878674.83
33.90 35.36 41.00 1692878674.93
34.34 35.67 41.00 1692878675.03
34.79 35.99 41.00 1692878675.13
35.01 35.95 40.00 1692878675.24
35.06 35.70 40.00 1692878675.34
34.69 35.52 39.00 1692878675.44
34.75 35.33 39.00 1692878675.54
35.20 35.55 38.00 1692878675.64
35.86 36.08 36.00 1692878675.74
36.46 36.58 36.00 1692878675.84
36.69 36.69 36.00 1692878675.94
36.92 36.80 36.00 1692878676.04
37.12 36.77 35.00 1692878676.14
37.16 36.55 35.00 1692878676.24
37.14 36.46 34.00 1692878676.34
37.09 36.43 34.00 1692878676.44
36.36 35.74 32.00 1692878676.54
35.47 34.63 31.00 1692878676.64
33.47 33.51 30.00 1692878676.74
28.00 29.69 23.00 1692878676.84
24.00 24.83 19.00 1692878676.94
20.15 22.61 19.00 1692878677.04
15.95 17.67 18.00 1692878677.14
13.65 12.27 18.00 1692878677.24
12.45 11.18 18.00 1692878677.34
10.19 9.51 18.00 1692878677.79
10.19 9.08 18.00 1692878677.89
9.88 8.95 18.00 1692878677.99
9.20 8.46 18.00 1692878678.09
8.35 7.76 18.00 1692878678.19
7.43 7.18 18.00 1692878678.29
6.96 6.85 18.00 1692878678.39
6.82 6.85 18.00 1692878678.49
6.82 6.97 18.00 1692878678.59
7.24 7.34 18.00 1692878678.69
8.02 7.78 18.00 1692878678.79
9.33 8.22 18.00 1692878678.89
10.86 8.65 18.00 1692878678.99
12.63 9.92 18.00 1692878679.09
14.50 11.14 18.00 1692878679.19
16.21 12.51 18.00 1692878679.29
17.69 13.44 18.00 1692878679.39
18.36 14.05 18.00 1692878679.49
17.12 14.29 18.00 1692878679.59
13.88 13.50 18.00 1692878679.69
10.62 11.73 18.00 1692878679.79
8.25 9.83 18.00 1692878679.89
6.50 8.00 18.00 1692878679.99
4.95 6.54 19.00 1692878680.09
3.81 5.17 29.00 1692878680.19
2.82 3.02 46.00 1692878680.29
1.55 1.58 59.00 1692878680.39
0.39 0.47 70.00 1692878680.49
0.05 0.23 85.00 1692878680.60
0.17 0.24 96.00 1692878680.70
1.03 0.46 96.00 1692878680.80
2.03 1.01 96.00 1692878680.90
2.29 1.56 96.00 1692878681.00
1.94 1.57 94.00 1692878681.10
1.72 1.15 94.00 1692878681.20
1.91 1.02 94.00 1692878681.30
1.88 1.19 94.00 1692878681.40
1.37 0.57 94.00 1692878681.50
0.76 0.27 94.00 1692878681.60
0.72 0.31 94.00 1692878681.70
1.24 0.56 94.00 1692878681.80
1.47 0.74 94.00 1692878681.90
1.21 0.60 94.00 1692878682.00
1.12 0.37 94.00 1692878682.10
1.31 0.27 94.00 1692878682.20
1.66 0.25 94.00 1692878682.30
2.05 0.29 94.00 1692878682.40
2.26 0.34 94.00 1692878682.50
2.43 0.45 94.00 1692878682.60
2.61 0.68 94.00 1692878682.70
2.85 0.82 94.00 1692878682.80
3.31 1.02 94.00 1692878682.90
3.44 1.00 94.00 1692878683.00
2.93 0.77 94.00 1692878683.10
2.37 0.68 94.00 1692878683.20
2.20 0.94 94.00 1692878683.30
1.98 1.15 94.00 1692878683.40
1.93 1.32 94.00 1692878683.50
2.37 1.70 94.00 1692878683.60
2.98 2.18 94.00 1692878683.70
3.30 2.54 94.00 1692878683.80
3.66 2.94 94.00 1692878683.90
1.85 2.00 94.00 1692878684.35
1.33 0.96 94.00 1692878684.45
1.54 0.74 94.00 1692878684.55
1.89 0.94 93.00 1692878684.65
2.60 1.61 93.00 1692878684.75
3.68 2.96 92.00 1692878684.85
4.48 4.41 90.00 1692878684.95
5.11 5.65 88.00 1692878685.05
6.71 7.32 87.00 1692878685.15
8.49 9.40 86.00 1692878685.25
9.49 10.65 84.00 1692878685.35
10.01 11.18 84.00 1692878685.45
10.61 11.62 82.00 1692878685.55
11.62 12.47 81.00 1692878685.65
12.94 14.72 81.00 1692878685.75
13.97 15.40 80.00 1692878685.85
15.03 15.95 79.00 1692878685.95
16.32 16.63 78.00 1692878686.06
17.13 17.57 77.00 1692878686.16
17.76 18.61 76.00 1692878686.26
18.60 19.83 74.00 1692878686.36
19.35 21.37 74.00 1692878686.46
