0.01 0.02 85.00 1692709402.26
0.01 0.02 85.00 1692709402.33
0.03 0.01 85.00 1692709402.77
0.04 0.01 85.00 1692709402.87
0.03 0.01 85.00 1692709402.97
0.01 0.01 85.00 1692709403.07
0.01 0.03 85.00 1692709403.17
0.01 0.02 85.00 1692709403.27
0.02 0.02 85.00 1692709403.37
0.02 0.01 85.00 1692709403.47
0.02 0.02 85.00 1692709403.57
0.01 0.02 85.00 1692709403.67
0.03 0.01 85.00 1692709403.77
0.07 0.01 85.00 1692709403.87
0.07 0.00 85.00 1692709403.97
0.03 0.00 85.00 1692709404.07
0.05 0.00 85.00 1692709404.17
0.06 0.00 85.00 1692709404.27
0.02 0.00 85.00 1692709404.37
0.04 0.01 85.00 1692709404.47
0.04 0.01 85.00 1692709404.57
0.01 0.00 85.00 1692709404.67
0.00 0.00 85.00 1692709404.77
0.04 0.00 85.00 1692709404.87
0.06 0.00 85.00 1692709404.97
0.05 0.00 85.00 1692709405.07
0.08 0.01 85.00 1692709405.17
0.06 0.01 85.00 1692709405.27
0.00 0.01 85.00 1692709405.37
0.03 0.00 85.00 1692709405.47
0.03 0.02 85.00 1692709405.57
0.01 0.01 84.00 1692709405.67
0.05 0.00 83.00 1692709405.77
0.08 0.01 81.00 1692709405.87
0.21 0.01 80.00 1692709405.97
0.61 0.08 79.00 1692709406.07
1.07 0.50 79.00 1692709406.17
1.13 0.88 77.00 1692709406.27
1.21 0.85 77.00 1692709406.37
1.69 1.16 75.00 1692709406.47
1.92 1.69 74.00 1692709406.57
1.97 1.78 74.00 1692709406.67
1.81 1.73 74.00 1692709406.77
1.74 1.79 74.00 1692709406.87
1.82 1.76 74.00 1692709406.97
2.27 1.97 74.00 1692709407.07
2.40 2.17 74.00 1692709407.17
2.23 2.12 74.00 1692709407.27
2.21 2.19 72.00 1692709407.37
2.44 2.33 70.00 1692709407.47
3.03 2.64 70.00 1692709407.57
3.61 3.20 68.00 1692709407.67
4.39 4.63 68.00 1692709407.77
5.07 5.09 66.00 1692709407.87
4.75 4.91 66.00 1692709407.97
4.67 4.79 65.00 1692709408.07
4.80 4.70 64.00 1692709408.17
5.32 4.91 64.00 1692709408.27
5.93 5.40 63.00 1692709408.37
6.22 5.74 62.00 1692709408.47
6.56 5.97 62.00 1692709408.57
6.90 6.19 62.00 1692709408.67
6.99 6.25 62.00 1692709408.77
7.19 6.20 60.00 1692709408.87
8.14 6.79 60.00 1692709408.97
9.04 7.23 60.00 1692709409.07
8.61 7.27 60.00 1692709409.17
7.99 7.06 60.00 1692709409.27
7.25 6.42 60.00 1692709409.37
7.00 5.94 60.00 1692709409.47
7.55 6.19 60.00 1692709409.57
8.09 6.58 58.00 1692709409.67
9.02 7.03 58.00 1692709409.77
9.94 7.77 58.00 1692709409.87
9.56 8.04 57.00 1692709409.97
9.44 7.83 56.00 1692709410.07
10.18 8.54 56.00 1692709410.17
10.41 8.80 56.00 1692709410.27
10.57 9.11 54.00 1692709410.37
10.77 9.27 54.00 1692709410.47
10.68 9.12 53.00 1692709410.57
10.62 8.98 53.00 1692709410.67
11.20 9.29 52.00 1692709410.77
11.84 10.08 52.00 1692709410.87
12.20 10.91 51.00 1692709410.97
12.35 11.05 51.00 1692709411.07
12.50 10.83 51.00 1692709411.17
12.80 11.07 51.00 1692709411.27
13.13 12.02 51.00 1692709411.37
12.98 12.08 51.00 1692709411.47
12.65 12.01 50.00 1692709411.57
13.01 12.38 50.00 1692709411.67
13.32 13.03 50.00 1692709411.77
12.76 12.75 50.00 1692709411.87
12.67 12.34 50.00 1692709411.97
13.70 12.92 50.00 1692709412.06
14.51 14.08 49.00 1692709412.17
14.28 14.73 49.00 1692709412.27
13.84 13.99 48.00 1692709412.71
14.38 14.18 46.00 1692709412.81
15.52 14.99 46.00 1692709412.91
16.32 15.90 46.00 1692709413.01
16.15 16.67 45.00 1692709413.11
15.97 16.31 45.00 1692709413.21
16.38 16.94 45.00 1692709413.31
16.82 17.73 44.00 1692709413.41
16.80 17.97 44.00 1692709413.51
17.12 18.58 44.00 1692709413.61
17.74 18.82 44.00 1692709413.71
18.00 18.57 44.00 1692709413.81
17.58 18.07 43.00 1692709413.91
17.81 18.10 43.00 1692709414.01
17.60 18.37 42.00 1692709414.11
17.40 18.03 42.00 1692709414.21
18.44 18.32 42.00 1692709414.31
19.58 21.24 41.00 1692709414.41
20.92 22.87 42.00 1692709414.51
20.93 23.12 41.00 1692709414.61
19.78 21.75 41.00 1692709414.71
19.69 21.50 41.00 1692709414.81
19.44 21.57 40.00 1692709414.91
19.44 21.81 39.00 1692709415.01
20.33 22.62 38.00 1692709415.11
21.52 23.92 37.00 1692709415.21
22.24 25.17 36.00 1692709415.31
21.73 25.56 35.00 1692709415.41
21.79 24.64 34.00 1692709415.51
22.79 26.22 34.00 1692709415.61
24.39 27.88 34.00 1692709415.71
24.96 28.48 34.00 1692709415.81
23.55 26.99 34.00 1692709415.91
22.10 24.96 34.00 1692709416.01
21.79 24.17 34.00 1692709416.11
21.57 23.53 34.00 1692709416.21
21.36 23.36 34.00 1692709416.31
22.48 23.60 34.00 1692709416.41
24.01 24.71 33.00 1692709416.51
24.99 26.08 31.00 1692709416.61
25.12 27.00 31.00 1692709416.71
25.58 27.49 31.00 1692709416.81
26.33 28.14 31.00 1692709416.91
27.09 28.92 31.00 1692709417.01
27.06 29.17 31.00 1692709417.11
26.52 28.82 31.00 1692709417.21
26.06 27.90 31.00 1692709417.31
25.64 26.94 31.00 1692709417.41
25.38 26.20 30.00 1692709417.51
26.19 26.18 29.00 1692709417.61
27.14 27.18 29.00 1692709417.71
27.99 28.18 29.00 1692709417.81
28.66 29.99 29.00 1692709417.91
28.89 30.22 28.00 1692709418.01
28.75 30.18 28.00 1692709418.11
28.38 29.69 28.00 1692709418.21
27.69 28.74 28.00 1692709418.31
27.02 27.90 28.00 1692709418.41
26.97 27.49 28.00 1692709418.51
27.62 27.89 28.00 1692709418.61
28.36 28.38 27.00 1692709418.71
29.09 29.02 27.00 1692709418.81
29.99 29.94 27.00 1692709418.91
30.04 30.79 27.00 1692709419.01
29.34 30.06 27.00 1692709419.11
28.69 29.69 27.00 1692709419.21
28.66 29.65 26.00 1692709419.31
28.59 29.33 26.00 1692709419.41
29.44 30.12 25.00 1692709419.51
31.03 31.18 25.00 1692709419.61
31.11 31.75 25.00 1692709419.71
29.60 30.66 25.00 1692709419.81
29.55 29.77 25.00 1692709419.91
30.30 30.06 25.00 1692709420.01
31.23 30.48 25.00 1692709420.11
31.67 31.34 25.00 1692709420.21
30.66 30.13 25.00 1692709420.31
29.69 29.45 25.00 1692709420.41
29.56 29.48 25.00 1692709420.51
29.81 30.00 25.00 1692709420.61
30.15 30.46 25.00 1692709420.71
29.60 30.18 25.00 1692709420.81
28.43 29.14 25.00 1692709420.91
28.96 28.95 25.00 1692709421.01
29.57 29.76 24.00 1692709421.11
30.02 30.19 23.00 1692709421.21
31.66 30.99 23.00 1692709421.31
32.65 32.38 23.00 1692709421.41
30.82 30.56 23.00 1692709421.51
28.78 29.20 23.00 1692709421.61
30.24 30.44 22.00 1692709421.70
31.72 31.24 22.00 1692709421.80
32.61 46.78 22.00 1692709421.90
32.88 29.77 22.00 1692709422.31
30.85 28.90 22.00 1692709422.41
29.78 29.40 22.00 1692709422.50
30.17 30.30 21.00 1692709422.59
31.48 31.32 21.00 1692709422.68
32.70 32.49 21.00 1692709422.78
33.86 33.10 21.00 1692709422.87
34.31 32.91 21.00 1692709422.96
33.64 31.62 21.00 1692709423.05
32.09 30.01 20.00 1692709423.15
31.59 30.38 20.00 1692709423.24
32.37 31.30 19.00 1692709423.33
33.23 32.37 19.00 1692709423.42
34.40 33.23 19.00 1692709423.51
35.07 33.63 19.00 1692709423.61
35.04 33.84 18.00 1692709423.70
34.86 33.81 19.00 1692709423.80
34.59 33.43 18.00 1692709423.90
34.13 33.13 18.00 1692709424.00
33.73 32.51 18.00 1692709424.10
33.35 32.11 18.00 1692709424.20
32.57 31.29 18.00 1692709424.30
31.35 30.35 18.00 1692709424.40
31.19 29.53 18.00 1692709424.50
32.88 30.62 18.00 1692709424.60
34.10 31.78 17.00 1692709424.70
35.08 88.54 17.00 1692709424.80
35.90 34.42 17.00 1692709424.99
36.07 33.51 17.00 1692709425.08
34.86 31.96 17.00 1692709425.17
33.35 32.17 17.00 1692709425.26
34.07 32.58 16.00 1692709425.36
34.71 33.01 16.00 1692709425.45
35.23 33.67 16.00 1692709425.54
35.92 34.32 16.00 1692709425.63
36.38 34.39 16.00 1692709425.73
35.82 33.62 15.00 1692709425.82
35.20 33.10 14.00 1692709425.91
35.32 33.32 14.00 1692709426.00
35.31 33.29 14.00 1692709426.10
35.46 33.43 13.00 1692709426.20
35.78 33.72 12.00 1692709426.30
35.89 34.00 11.00 1692709426.40
36.08 34.42 10.00 1692709426.50
36.43 35.02 7.00 1692709426.60
36.34 35.35 6.00 1692709426.70
35.94 35.45 5.00 1692709426.80
35.27 34.81 3.00 1692709426.90
34.49 33.26 0.00 1692709427.00
32.80 31.25 0.00 1692709427.10
28.09 23.84 0.00 1692709427.20
23.85 21.36 0.00 1692709427.30
17.93 15.86 0.00 1692709427.40
12.41 10.59 0.00 1692709427.50
9.98 8.56 0.00 1692709427.60
9.03 7.80 0.00 1692709427.70
8.51 7.07 0.00 1692709427.80
7.63 6.34 0.00 1692709427.90
7.50 5.68 0.00 1692709428.00
7.40 5.39 0.00 1692709428.10
7.22 5.46 0.00 1692709428.20
7.02 5.55 0.00 1692709428.30
6.77 4.97 0.00 1692709428.40
6.66 4.43 0.00 1692709428.50
6.03 3.96 0.00 1692709428.60
5.04 3.40 0.00 1692709428.70
4.03 3.06 0.00 1692709428.80
3.22 2.79 0.00 1692709428.90
2.86 2.55 0.00 1692709429.00
2.53 2.52 0.00 1692709429.10
2.66 2.63 0.00 1692709429.20
3.25 3.09 0.00 1692709429.30
3.07 2.93 0.00 1692709429.40
2.64 2.56 0.00 1692709429.50
2.12 2.29 0.00 1692709429.60
1.80 2.07 0.00 1692709429.70
1.52 1.81 0.00 1692709429.80
1.32 1.65 11.00 1692709429.90
1.29 1.57 18.00 1692709430.00
1.21 1.34 25.00 1692709430.10
1.08 1.13 31.00 1692709430.20
0.83 1.04 41.00 1692709430.30
0.84 0.99 49.00 1692709430.40
0.82 0.82 55.00 1692709430.50
0.67 0.86 62.00 1692709430.60
0.56 0.97 68.00 1692709430.70
0.52 0.76 75.00 1692709430.80
0.55 0.90 83.00 1692709430.90
0.64 1.11 91.00 1692709431.00
0.59 1.27 96.00 1692709431.10
0.41 1.50 95.00 1692709431.20
0.26 1.44 95.00 1692709431.30
0.13 1.15 95.00 1692709431.40
0.01 0.80 95.00 1692709431.50
0.04 0.49 95.00 1692709431.60
0.04 0.32 94.00 1692709431.70
0.01 0.27 89.00 1692709431.80
0.05 0.18 89.00 1692709431.90
0.01 0.02 88.00 1692709432.00
0.05 0.01 89.00 1692709432.10
0.05 0.01 89.00 1692709432.20
0.06 0.00 88.00 1692709432.30
0.06 0.04 89.00 1692709432.40
0.06 0.05 94.00 1692709432.50
0.06 0.04 95.00 1692709432.60
0.08 0.04 95.00 1692709432.70
0.08 0.03 95.00 1692709432.80
0.08 0.03 94.00 1692709432.90
0.08 0.03 94.00 1692709433.00
0.08 0.03 94.00 1692709433.10
0.07 0.03 94.00 1692709433.20
0.08 0.03 94.00 1692709433.30
0.08 0.04 93.00 1692709433.40
0.07 0.03 92.00 1692709433.50
0.06 0.03 92.00 1692709433.60
0.07 0.03 92.00 1692709433.70
0.08 0.03 92.00 1692709433.80
0.08 0.02 92.00 1692709433.90
0.06 0.01 92.00 1692709434.00
0.07 0.01 92.00 1692709434.10
0.09 0.02 92.00 1692709434.20
0.09 0.02 92.00 1692709434.30
0.09 0.02 92.00 1692709434.40
0.09 0.02 92.00 1692709434.50
0.09 0.01 92.00 1692709434.60
0.09 0.01 92.00 1692709434.70
0.09 0.02 92.00 1692709434.80
0.07 0.02 92.00 1692709434.90
0.06 0.01 92.00 1692709435.00
0.06 0.02 92.00 1692709435.10
0.08 0.02 92.00 1692709435.20
0.08 0.03 92.00 1692709435.30
0.08 0.02 92.00 1692709435.40
0.07 0.01 92.00 1692709435.50
0.08 0.02 92.00 1692709435.60
0.09 0.02 92.00 1692709435.70
0.08 0.02 92.00 1692709435.80
0.09 0.03 92.00 1692709435.90
0.09 0.04 92.00 1692709436.00
0.09 0.03 92.00 1692709436.10
0.09 0.02 92.00 1692709436.20
0.10 0.03 92.00 1692709436.30
0.09 0.05 92.00 1692709436.40
0.08 0.04 92.00 1692709436.50
0.08 0.01 92.00 1692709436.60
0.09 0.01 92.00 1692709436.70
0.09 0.02 92.00 1692709436.80
0.09 0.01 92.00 1692709436.90
0.09 0.00 92.00 1692709437.00
0.08 0.00 92.00 1692709437.10
0.09 0.00 92.00 1692709437.20
0.09 0.01 92.00 1692709437.30
0.08 0.02 92.00 1692709437.40
0.08 0.03 92.00 1692709437.50
0.07 0.04 92.00 1692709437.60
0.08 0.04 92.00 1692709437.70
0.10 0.03 92.00 1692709437.80
0.10 0.01 92.00 1692709437.90
0.09 0.02 92.00 1692709438.00
0.09 0.02 92.00 1692709438.10
0.09 0.03 92.00 1692709438.20
0.09 0.02 92.00 1692709438.30
0.08 0.02 92.00 1692709438.40
0.09 0.02 92.00 1692709438.50
0.09 0.03 92.00 1692709438.60
0.09 0.03 92.00 1692709438.70
0.09 0.03 92.00 1692709438.80
0.09 0.03 92.00 1692709438.90
0.09 0.03 92.00 1692709439.00
0.09 0.02 92.00 1692709439.10
0.08 0.01 92.00 1692709439.20
0.07 0.02 92.00 1692709439.30
0.08 0.01 92.00 1692709439.40
0.09 0.02 92.00 1692709439.50
0.09 0.02 92.00 1692709439.60
0.08 0.02 92.00 1692709439.70
0.08 0.03 92.00 1692709439.80
0.09 0.03 92.00 1692709439.90
0.09 0.03 92.00 1692709440.00
0.08 0.03 92.00 1692709440.10
0.09 0.02 92.00 1692709440.20
0.09 0.02 92.00 1692709440.30
0.08 0.03 92.00 1692709440.40
0.08 0.03 92.00 1692709440.50
0.08 0.03 92.00 1692709440.60
0.09 0.03 92.00 1692709440.70
0.08 0.02 92.00 1692709440.80
0.07 0.02 92.00 1692709440.90
0.06 0.02 92.00 1692709441.00
0.07 0.02 92.00 1692709441.10
0.06 0.01 88.00 1692709441.20
0.05 0.00 84.00 1692709441.30
0.05 0.00 80.00 1692709441.40
0.07 0.08 78.00 1692709441.50
0.72 0.58 78.00 1692709441.60
1.16 1.13 78.00 1692709441.70
1.25 1.14 77.00 1692709441.79
1.60 1.62 77.00 1692709441.89
1.92 1.93 77.00 1692709441.99
2.25 2.04 75.00 1692709442.09
2.85 2.27 74.00 1692709442.19
4.00 3.12 74.00 1692709442.29
4.56 4.25 74.00 1692709442.39
4.43 4.44 74.00 1692709442.49
4.47 4.47 74.00 1692709442.59
4.36 4.26 74.00 1692709442.69
3.73 3.60 74.00 1692709442.79
2.98 2.91 74.00 1692709442.89
3.28 3.10 73.00 1692709442.99
4.50 8.27 68.00 1692709443.40
8.70 8.67 67.00 1692709443.50
9.22 8.54 65.00 1692709443.59
9.14 8.55 65.00 1692709443.68
9.32 8.77 65.00 1692709443.77
9.96 9.15 64.00 1692709443.87
10.87 9.88 64.00 1692709443.96
12.16 10.96 64.00 1692709444.05
13.04 11.06 64.00 1692709444.14
12.67 9.73 64.00 1692709444.23
11.49 8.55 64.00 1692709444.33
11.12 8.51 63.00 1692709444.42
11.62 9.27 63.00 1692709444.51
12.14 10.31 62.00 1692709444.60
13.07 11.50 62.00 1692709444.70
13.95 12.14 60.00 1692709444.79
14.20 12.18 60.00 1692709444.89
14.89 12.73 59.00 1692709444.99
15.42 13.55 59.00 1692709445.09
15.43 14.28 58.00 1692709445.19
15.43 14.18 56.00 1692709445.29
16.23 14.63 56.00 1692709445.39
16.91 15.56 55.00 1692709445.49
16.73 15.76 54.00 1692709445.59
17.08 16.05 54.00 1692709445.69
17.70 16.92 52.00 1692709445.79
18.17 17.36 52.00 1692709445.89
18.80 17.63 51.00 1692709445.99
19.23 17.84 51.00 1692709446.09
19.20 18.15 50.00 1692709446.19
19.80 19.14 50.00 1692709446.29
20.99 20.65 50.00 1692709446.39
19.92 20.43 49.00 1692709446.49
18.97 19.24 47.00 1692709446.59
21.30 21.08 45.00 1692709446.69
23.56 23.42 45.00 1692709446.79
23.21 24.68 45.00 1692709446.89
21.28 23.90 44.00 1692709446.99
20.98 22.65 43.00 1692709447.09
22.07 23.80 42.00 1692709447.19
23.55 25.08 41.00 1692709447.29
24.38 25.71 41.00 1692709447.39
24.59 26.11 41.00 1692709447.49
24.42 26.13 41.00 1692709447.59
24.04 25.95 41.00 1692709447.69
23.28 25.29 39.00 1692709447.79
23.44 24.63 38.00 1692709447.89
25.34 25.56 37.00 1692709447.99
27.64 27.81 37.00 1692709448.09
27.94 29.26 37.00 1692709448.19
25.43 28.22 37.00 1692709448.29
23.96 27.72 36.00 1692709448.39
24.92 28.24 36.00 1692709448.49
26.96 29.51 36.00 1692709448.59
28.48 30.54 36.00 1692709448.69
27.42 30.14 35.00 1692709448.79
26.20 28.89 34.00 1692709448.89
27.38 29.09 34.00 1692709448.99
28.85 29.82 35.00 1692709449.09
29.76 30.84 34.00 1692709449.19
28.31 31.25 34.00 1692709449.29
26.89 30.06 34.00 1692709449.39
27.22 30.21 33.00 1692709449.49
28.73 31.14 33.00 1692709449.59
29.34 31.34 32.00 1692709449.69
29.08 31.18 31.00 1692709449.79
29.11 31.16 30.00 1692709449.89
29.60 31.21 29.00 1692709449.99
31.08 32.33 29.00 1692709450.09
32.25 33.39 29.00 1692709450.19
31.20 33.46 29.00 1692709450.29
30.54 32.11 28.00 1692709450.39
31.42 31.82 27.00 1692709450.49
32.43 32.14 27.00 1692709450.59
33.39 33.78 27.00 1692709450.69
33.52 33.60 27.00 1692709450.79
33.49 33.18 27.00 1692709450.89
33.10 32.55 26.00 1692709450.99
32.71 31.99 26.00 1692709451.09
32.82 31.65 25.00 1692709451.19
34.37 32.56 25.00 1692709451.29
35.86 33.76 24.00 1692709451.39
36.70 34.81 24.00 1692709451.49
36.65 35.05 24.00 1692709451.59
35.08 34.37 23.00 1692709451.69
33.81 33.20 23.00 1692709451.79
33.76 32.89 22.00 1692709451.89
34.39 33.28 21.00 1692709451.99
35.56 33.86 21.00 1692709452.09
36.13 34.03 20.00 1692709452.19
36.68 34.59 19.00 1692709452.29
37.26 35.23 18.00 1692709452.39
37.29 35.27 17.00 1692709452.49
37.54 35.06 17.00 1692709452.59
37.72 34.87 15.00 1692709452.69
37.45 34.65 13.00 1692709452.79
37.12 34.46 11.00 1692709452.89
36.92 34.02 9.00 1692709452.99
35.71 31.86 6.00 1692709453.09
32.34 28.47 0.00 1692709453.19
27.19 24.34 0.00 1692709453.29
20.55 18.54 0.00 1692709453.39
14.57 12.58 0.00 1692709453.49
11.65 9.06 0.00 1692709453.59
10.41 7.76 0.00 1692709453.69
9.42 7.09 0.00 1692709453.79
8.07 6.17 0.00 1692709453.89
6.68 5.18 0.00 1692709453.99
5.65 4.24 0.00 1692709454.09
4.93 3.47 0.00 1692709454.19
4.58 2.95 0.00 1692709454.29
4.44 2.85 0.00 1692709454.39
4.23 2.73 0.00 1692709454.49
4.08 2.52 0.00 1692709454.59
3.64 2.40 13.00 1692709454.69
3.06 2.28 23.00 1692709454.79
2.60 2.15 29.00 1692709454.89
2.06 2.00 37.00 1692709454.99
1.58 1.94 46.00 1692709455.09
1.36 1.79 55.00 1692709455.19
1.44 1.92 63.00 1692709455.29
1.65 2.16 69.00 1692709455.39
1.72 2.49 77.00 1692709455.49
1.57 2.52 82.00 1692709455.59
1.38 2.22 91.00 1692709455.69
1.38 1.97 96.00 1692709455.79
1.37 1.68 96.00 1692709455.89
1.26 1.34 96.00 1692709455.99
1.17 1.04 95.00 1692709456.09
1.03 0.85 95.00 1692709456.19
0.71 0.51 95.00 1692709456.29
0.54 0.19 95.00 1692709456.39
0.54 0.07 95.00 1692709456.49
0.61 0.01 95.00 1692709456.59
0.58 0.01 96.00 1692709456.69
0.52 0.01 96.00 1692709456.79
0.74 0.01 95.00 1692709456.89
1.40 0.14 95.00 1692709456.99
2.09 0.51 95.00 1692709457.09
1.91 0.90 95.00 1692709457.19
0.48 0.43 95.00 1692709457.29
0.03 0.02 94.00 1692709457.39
0.25 0.01 93.00 1692709457.49
0.98 0.01 93.00 1692709457.59
0.60 0.01 93.00 1692709457.69
0.06 0.03 93.00 1692709457.79
0.04 0.03 93.00 1692709457.89
0.07 0.04 93.00 1692709457.99
0.07 0.03 93.00 1692709458.09
0.03 0.03 93.00 1692709458.19
0.04 0.05 93.00 1692709458.29
0.06 0.03 93.00 1692709458.39
0.05 0.11 94.00 1692709458.49
0.05 0.39 94.00 1692709458.59
0.08 0.22 94.00 1692709458.69
0.09 0.00 94.00 1692709458.79
0.07 0.02 93.00 1692709458.89
0.05 0.02 93.00 1692709458.99
0.04 0.03 93.00 1692709459.09
0.05 0.03 93.00 1692709459.19
0.02 0.02 92.00 1692709459.29
0.17 0.00 92.00 1692709459.39
0.13 0.16 92.00 1692709459.49
0.05 0.41 92.00 1692709459.58
0.07 0.15 92.00 1692709459.69
0.06 0.01 92.00 1692709459.78
0.05 0.01 92.00 1692709459.88
0.04 0.01 92.00 1692709459.98
0.02 0.01 92.00 1692709460.09
0.03 0.03 92.00 1692709460.18
0.18 0.03 92.00 1692709460.28
0.41 0.01 92.00 1692709460.38
0.59 0.07 92.00 1692709460.48
0.60 0.27 90.00 1692709460.58
0.95 0.39 88.00 1692709460.68
1.55 0.83 87.00 1692709460.78
1.89 1.06 87.00 1692709460.88
1.44 0.61 87.00 1692709460.98
1.12 0.31 87.00 1692709461.08
1.59 0.39 84.00 1692709461.18
2.43 0.92 83.00 1692709461.28
3.11 1.80 81.00 1692709461.38
3.83 2.31 80.00 1692709461.48
5.36 3.47 80.00 1692709461.58
7.05 4.71 78.00 1692709461.68
7.98 5.54 77.00 1692709461.78
8.59 6.05 76.00 1692709461.88
8.90 6.18 76.00 1692709461.98
9.00 6.06 75.00 1692709462.08
9.01 5.80 74.00 1692709462.18
9.29 5.64 74.00 1692709462.28
10.04 5.95 73.00 1692709462.38
10.87 6.90 72.00 1692709462.48
10.99 7.99 72.00 1692709462.58
10.99 8.22 72.00 1692709462.68
11.42 8.97 70.00 1692709462.78
11.86 9.68 69.00 1692709462.88
12.62 10.71 68.00 1692709462.98
13.26 11.80 68.00 1692709463.08
13.41 12.37 67.00 1692709463.18
13.50 12.52 65.00 1692709463.28
13.87 12.79 65.00 1692709463.38
14.47 13.28 63.00 1692709463.48
15.05 13.94 63.00 1692709463.58
15.34 14.55 63.00 1692709463.68
15.50 15.03 62.00 1692709463.78
15.99 15.43 62.00 1692709463.88
16.46 15.96 61.00 1692709463.98
16.93 16.64 61.00 1692709464.08
17.31 17.51 60.00 1692709464.18
17.41 17.62 60.00 1692709464.28
17.78 18.06 60.00 1692709464.38
17.58 18.38 60.00 1692709464.48
16.88 17.93 60.00 1692709464.58
16.84 16.97 60.00 1692709464.68
17.00 16.76 60.00 1692709464.78
17.06 16.83 60.00 1692709464.88
17.73 17.69 60.00 1692709464.98
17.97 17.90 60.00 1692709465.08
17.43 17.59 60.00 1692709465.18
17.14 17.32 60.00 1692709465.28
18.01 17.97 60.00 1692709465.38
18.66 18.45 60.00 1692709465.48
18.24 18.22 59.00 1692709465.58
18.24 18.17 59.00 1692709465.68
18.81 18.49 59.00 1692709465.78
19.43 19.06 58.00 1692709465.88
19.56 19.66 56.00 1692709465.98
20.64 21.87 55.00 1692709466.08
21.27 21.85 55.00 1692709466.18
20.34 20.68 54.00 1692709466.28
20.84 21.43 53.00 1692709466.38
23.01 23.28 53.00 1692709466.48
24.20 23.64 52.00 1692709466.58
23.65 22.35 52.00 1692709466.68
23.19 21.59 52.00 1692709466.78
23.56 22.44 52.00 1692709466.88
23.41 23.06 52.00 1692709466.98
21.80 22.74 51.00 1692709467.08
21.59 21.86 51.00 1692709467.18
23.68 24.56 50.00 1692709467.28
24.98 25.27 50.00 1692709467.38
24.44 24.96 49.00 1692709467.48
24.40 25.40 48.00 1692709467.58
24.58 25.48 48.00 1692709467.68
24.68 25.23 48.00 1692709467.78
25.44 25.49 47.00 1692709467.88
26.14 25.96 46.00 1692709467.98
26.34 26.14 45.00 1692709468.08
26.60 26.45 45.00 1692709468.18
27.33 27.05 44.00 1692709468.28
27.31 27.61 44.00 1692709468.38
27.19 28.48 44.00 1692709468.48
27.42 28.63 44.00 1692709468.58
26.91 27.68 43.00 1692709468.68
25.63 26.76 43.00 1692709468.78
25.09 26.62 43.00 1692709468.88
25.34 26.92 43.00 1692709468.98
25.95 27.22 42.00 1692709469.08
27.35 28.34 42.00 1692709469.18
29.33 29.79 41.00 1692709469.28
29.12 30.74 41.00 1692709469.38
27.40 30.02 40.00 1692709469.48
28.21 29.16 40.00 1692709469.58
29.02 29.94 40.00 1692709469.68
29.36 29.78 39.00 1692709469.78
29.23 29.26 38.00 1692709469.88
29.18 28.91 38.00 1692709469.98
29.77 29.31 37.00 1692709470.08
30.98 30.44 37.00 1692709470.18
32.05 31.42 36.00 1692709470.28
32.66 31.77 36.00 1692709470.38
32.74 31.87 36.00 1692709470.48
32.46 31.79 36.00 1692709470.58
32.35 31.40 36.00 1692709470.68
32.29 31.16 36.00 1692709470.78
32.52 30.72 36.00 1692709470.88
32.89 30.67 36.00 1692709470.98
33.10 30.85 36.00 1692709471.08
32.61 30.85 36.00 1692709471.18
31.85 30.63 36.00 1692709471.28
31.77 30.43 35.00 1692709471.38
32.24 30.62 35.00 1692709471.48
32.73 31.09 34.00 1692709471.58
33.23 31.66 34.00 1692709471.68
34.27 32.39 34.00 1692709471.78
34.68 32.88 33.00 1692709471.88
34.50 32.91 32.00 1692709471.98
33.89 32.26 32.00 1692709472.08
33.97 32.18 31.00 1692709472.18
34.92 32.56 30.00 1692709472.28
35.62 32.85 29.00 1692709472.38
35.91 33.07 28.00 1692709472.48
35.79 33.00 28.00 1692709472.58
35.90 32.99 26.00 1692709472.68
35.99 33.06 24.00 1692709472.78
36.03 32.88 21.00 1692709472.88
36.09 32.58 17.00 1692709472.98
35.42 31.47 13.00 1692709473.08
31.81 29.53 8.00 1692709473.18
23.17 21.30 5.00 1692709473.28
14.36 14.62 5.00 1692709473.38
7.72 8.08 4.00 1692709473.48
4.98 5.01 4.00 1692709473.58
4.58 4.09 4.00 1692709473.68
4.75 4.06 4.00 1692709473.78
4.52 4.14 4.00 1692709473.88
4.60 3.87 4.00 1692709473.98
4.90 3.71 3.00 1692709474.08
4.19 3.34 3.00 1692709474.18
3.27 3.16 3.00 1692709474.28
2.71 3.03 5.00 1692709474.38
2.21 2.31 5.00 1692709474.48
1.96 2.19 5.00 1692709474.58
1.90 2.13 5.00 1692709474.68
1.77 2.14 5.00 1692709474.78
1.60 2.25 5.00 1692709474.88
1.38 2.17 5.00 1692709474.98
0.99 2.13 5.00 1692709475.08
0.71 2.09 5.00 1692709475.18
0.83 2.12 5.00 1692709475.27
0.88 2.39 5.00 1692709475.37
0.96 2.48 5.00 1692709475.47
1.09 191.55 6.00 1692709475.58
1.15 1.77 27.00 1692709475.67
1.09 1.44 47.00 1692709475.77
0.87 0.97 66.00 1692709475.87
0.60 0.64 77.00 1692709475.97
0.47 1.03 79.00 1692709476.07
0.49 0.05 80.00 1692709476.48
