0.12 0.62 92.00 1692878788.97
0.12 0.16 92.00 1692878789.38
0.12 0.17 92.00 1692878789.47
0.12 0.19 92.00 1692878789.56
0.12 0.20 92.00 1692878789.65
0.12 0.17 92.00 1692878789.75
0.12 0.17 92.00 1692878789.84
0.12 0.20 92.00 1692878789.93
0.12 0.23 92.00 1692878790.02
0.12 0.28 92.00 1692878790.12
0.12 0.39 92.00 1692878790.21
0.12 0.46 92.00 1692878790.30
0.12 0.50 92.00 1692878790.39
0.12 0.61 92.00 1692878790.49
0.12 0.55 92.00 1692878790.58
0.12 0.48 92.00 1692878790.67
0.12 0.67 92.00 1692878790.76
0.12 0.98 92.00 1692878790.86
0.12 1.46 92.00 1692878790.95
0.16 2.33 92.00 1692878791.05
0.26 2.83 92.00 1692878791.15
0.32 2.97 92.00 1692878791.25
0.42 3.13 92.00 1692878791.35
0.56 3.34 92.00 1692878791.45
0.67 3.58 92.00 1692878791.55
0.79 3.68 92.00 1692878791.65
0.90 3.83 92.00 1692878791.75
0.97 4.00 92.00 1692878791.85
1.04 4.11 92.00 1692878791.95
1.04 4.19 92.00 1692878792.05
0.95 4.15 92.00 1692878792.15
0.92 4.00 92.00 1692878792.25
0.90 3.95 92.00 1692878792.35
0.90 3.90 92.00 1692878792.45
0.99 3.98 92.00 1692878792.55
0.94 3.99 92.00 1692878792.65
0.83 3.88 92.00 1692878792.75
0.96 3.84 92.00 1692878792.85
1.02 3.90 92.00 1692878792.95
0.91 4.00 92.00 1692878793.05
0.94 4.37 92.00 1692878793.15
1.02 4.51 92.00 1692878793.57
1.43 4.75 92.00 1692878793.66
1.76 4.80 92.00 1692878793.75
1.97 4.76 92.00 1692878793.84
2.09 4.70 93.00 1692878793.94
2.22 4.68 93.00 1692878794.03
2.32 4.67 93.00 1692878794.12
2.40 4.82 93.00 1692878794.21
2.64 5.30 93.00 1692878794.31
3.08 6.10 93.00 1692878794.40
3.58 6.75 93.00 1692878794.49
3.81 6.89 92.00 1692878794.58
3.76 7.10 92.00 1692878794.68
4.06 7.83 92.00 1692878794.77
4.49 8.47 91.00 1692878794.86
4.72 9.11 89.00 1692878794.96
5.26 10.30 88.00 1692878795.06
6.00 11.55 87.00 1692878795.16
6.59 12.51 86.00 1692878795.26
7.13 13.54 84.00 1692878795.36
7.69 14.47 83.00 1692878795.46
8.19 15.28 80.00 1692878795.56
8.65 15.71 80.00 1692878795.66
9.18 16.13 77.00 1692878795.76
9.83 16.68 76.00 1692878795.86
10.70 17.52 73.00 1692878795.96
11.83 18.48 72.00 1692878796.06
13.46 21.32 70.00 1692878796.16
14.77 21.80 68.00 1692878796.26
15.76 21.70 65.00 1692878796.36
16.88 22.40 63.00 1692878796.46
17.72 22.53 61.00 1692878796.56
18.95 22.72 59.00 1692878796.66
20.86 24.00 56.00 1692878796.76
22.43 25.49 55.00 1692878796.86
23.63 26.88 53.00 1692878796.96
24.54 27.98 51.00 1692878797.06
25.09 28.62 51.00 1692878797.16
25.55 28.98 50.00 1692878797.26
25.37 29.16 49.00 1692878797.36
25.23 29.00 48.00 1692878797.46
25.68 29.42 45.00 1692878797.57
26.18 29.92 45.00 1692878797.67
26.94 30.66 43.00 1692878797.77
27.57 31.19 43.00 1692878797.87
28.09 31.52 42.00 1692878797.97
28.44 31.69 41.00 1692878798.07
28.56 31.92 39.00 1692878798.17
28.77 32.15 37.00 1692878798.27
29.09 32.30 35.00 1692878798.37
29.52 32.53 34.00 1692878798.47
30.10 33.40 32.00 1692878798.57
30.70 33.78 30.00 1692878798.67
31.03 33.99 29.00 1692878798.77
31.31 34.46 26.00 1692878798.87
31.52 34.90 24.00 1692878798.97
31.65 35.14 21.00 1692878799.07
31.86 35.45 20.00 1692878799.17
32.70 35.72 17.00 1692878799.27
33.12 35.95 14.00 1692878799.37
32.79 35.95 11.00 1692878799.47
32.39 35.91 7.00 1692878799.57
31.59 35.84 4.00 1692878799.67
31.01 36.41 0.00 1692878799.77
30.88 36.88 0.00 1692878799.87
31.48 37.55 0.00 1692878799.97
32.38 38.00 0.00 1692878800.07
32.72 37.97 0.00 1692878800.17
32.81 37.20 0.00 1692878800.27
32.81 35.86 0.00 1692878800.37
32.80 35.55 0.00 1692878800.47
30.92 34.34 0.00 1692878800.57
26.58 30.83 0.00 1692878800.67
20.77 25.76 0.00 1692878800.77
13.89 19.97 0.00 1692878800.87
8.76 10.16 0.00 1692878800.97
6.86 8.42 0.00 1692878801.07
6.67 8.04 0.00 1692878801.18
7.04 8.24 0.00 1692878801.28
7.48 8.83 0.00 1692878801.38
7.88 10.02 0.00 1692878801.48
7.97 10.78 0.00 1692878801.58
8.29 10.84 0.00 1692878801.68
8.69 10.48 0.00 1692878801.78
9.55 10.38 0.00 1692878801.88
10.96 10.49 0.00 1692878801.98
11.42 10.77 0.00 1692878802.08
9.77 9.23 0.00 1692878802.18
7.72 7.70 0.00 1692878802.28
6.09 6.61 0.00 1692878802.38
4.97 6.22 0.00 1692878802.48
4.61 6.24 0.00 1692878802.58
4.11 5.86 0.00 1692878802.68
3.34 5.17 0.00 1692878802.78
2.81 4.67 0.00 1692878802.88
2.34 4.29 11.00 1692878802.98
1.96 4.04 25.00 1692878803.08
1.54 3.87 43.00 1692878803.18
1.18 3.61 57.00 1692878803.28
0.83 3.48 63.00 1692878803.38
0.66 3.11 77.00 1692878803.48
0.44 2.73 94.00 1692878803.58
0.22 2.47 94.00 1692878803.68
0.45 2.59 94.00 1692878803.78
0.96 2.98 94.00 1692878803.88
1.52 3.46 88.00 1692878803.98
1.84 3.76 87.00 1692878804.08
1.72 3.78 87.00 1692878804.18
1.13 3.37 87.00 1692878804.28
0.65 2.72 87.00 1692878804.38
0.43 2.45 86.00 1692878804.48
0.39 2.32 86.00 1692878804.58
0.40 2.43 86.00 1692878804.68
0.76 2.70 86.00 1692878804.79
1.48 3.20 86.00 1692878804.89
2.16 3.74 86.00 1692878804.99
2.36 3.93 86.00 1692878805.09
2.25 3.84 86.00 1692878805.19
2.12 3.80 86.00 1692878805.29
2.11 3.81 86.00 1692878805.39
2.15 3.69 86.00 1692878805.49
2.38 3.73 86.00 1692878805.59
2.43 3.93 86.00 1692878805.69
2.28 3.67 86.00 1692878805.79
2.14 3.83 86.00 1692878805.89
2.00 3.95 86.00 1692878805.99
1.76 3.86 86.00 1692878806.09
1.67 3.82 86.00 1692878806.19
1.83 3.94 86.00 1692878806.29
1.77 3.69 86.00 1692878806.39
1.96 3.51 86.00 1692878806.49
2.28 3.76 86.00 1692878806.59
2.53 3.85 86.00 1692878806.69
2.99 3.94 86.00 1692878806.79
3.38 4.24 86.00 1692878806.89
3.62 4.64 86.00 1692878806.99
3.71 4.62 86.00 1692878807.09
4.17 5.08 86.00 1692878807.19
5.07 6.22 85.00 1692878807.29
5.50 7.36 85.00 1692878807.39
5.64 7.89 85.00 1692878807.49
6.06 8.44 85.00 1692878807.59
6.62 9.05 84.00 1692878807.69
7.15 9.57 83.00 1692878807.79
7.67 10.03 81.00 1692878807.89
8.38 10.54 80.00 1692878807.99
9.34 11.37 80.00 1692878808.09
10.21 12.22 79.00 1692878808.19
10.93 12.46 77.00 1692878808.29
11.64 13.11 76.00 1692878808.39
12.51 14.45 76.00 1692878808.50
12.83 15.23 75.00 1692878808.60
12.61 14.99 74.00 1692878808.70
12.74 14.89 73.00 1692878808.80
13.01 15.48 71.00 1692878808.90
13.66 16.42 70.00 1692878809.00
14.82 18.05 69.00 1692878809.10
15.49 19.32 67.00 1692878809.20
15.89 20.15 66.00 1692878809.30
16.44 21.83 64.00 1692878809.40
17.37 22.78 64.00 1692878809.50
18.78 23.90 63.00 1692878809.60
19.18 24.05 62.00 1692878809.70
18.85 23.88 61.00 1692878809.80
19.22 24.44 60.00 1692878809.90
20.08 25.54 60.00 1692878810.00
20.87 26.37 59.00 1692878810.10
21.06 26.65 58.00 1692878810.20
20.55 26.68 57.00 1692878810.30
20.02 25.90 55.00 1692878810.40
20.35 25.24 53.00 1692878810.50
21.10 26.52 52.00 1692878810.60
22.03 27.54 51.00 1692878810.70
22.97 28.49 49.00 1692878810.80
23.67 29.20 48.00 1692878810.90
24.11 29.48 46.00 1692878811.00
24.41 29.63 45.00 1692878811.10
24.83 29.79 44.00 1692878811.20
25.87 30.33 42.00 1692878811.30
26.50 31.15 41.00 1692878811.40
27.03 31.79 40.00 1692878811.50
27.84 32.34 38.00 1692878811.60
28.58 32.70 36.00 1692878811.70
29.03 33.35 35.00 1692878811.80
29.42 33.69 34.00 1692878811.90
29.76 33.88 31.00 1692878812.00
29.88 34.17 30.00 1692878812.10
30.26 34.50 28.00 1692878812.20
31.03 34.83 26.00 1692878812.31
31.35 35.04 24.00 1692878812.41
31.70 35.25 21.00 1692878812.51
31.99 35.36 18.00 1692878812.61
32.15 35.16 16.00 1692878812.71
32.65 35.03 11.00 1692878812.81
32.65 35.20 8.00 1692878812.91
32.76 35.64 4.00 1692878813.01
32.77 35.98 0.00 1692878813.11
31.38 35.41 0.00 1692878813.21
29.19 34.05 0.00 1692878813.31
26.22 31.68 0.00 1692878813.41
23.19 28.48 0.00 1692878813.51
20.00 24.28 0.00 1692878813.61
17.79 20.53 0.00 1692878813.71
15.91 17.48 0.00 1692878813.81
14.64 15.22 0.00 1692878813.91
12.67 14.15 0.00 1692878814.01
9.14 12.30 0.00 1692878814.11
5.87 7.23 0.00 1692878814.21
3.62 5.55 0.00 1692878814.31
2.22 4.61 0.00 1692878814.41
1.58 4.30 0.00 1692878814.51
2.04 4.72 0.00 1692878814.61
3.58 5.51 0.00 1692878814.71
4.88 6.66 0.00 1692878814.81
5.36 7.73 0.00 1692878814.91
5.96 8.99 0.00 1692878815.01
6.64 10.55 0.00 1692878815.11
7.83 12.71 0.00 1692878815.21
9.40 17.36 0.00 1692878815.63
12.73 14.02 11.00 1692878815.72
11.18 10.12 31.00 1692878815.81
8.55 7.27 47.00 1692878815.90
6.24 6.69 59.00 1692878816.00
5.18 7.20 75.00 1692878816.09
4.80 7.88 87.00 1692878816.18
4.64 8.53 95.00 1692878816.27
