0.00 0.00 95.00 1692709572.05
0.00 0.00 95.00 1692709572.13
0.00 0.00 95.00 1692709572.22
0.00 0.00 95.00 1692709572.31
0.01 0.00 95.00 1692709572.40
0.01 0.00 95.00 1692709572.50
0.02 0.00 95.00 1692709572.59
0.02 0.00 95.00 1692709572.68
0.02 0.00 95.00 1692709572.77
0.02 0.00 95.00 1692709572.86
0.02 0.01 95.00 1692709572.96
0.02 0.01 95.00 1692709573.06
0.02 0.01 95.00 1692709573.16
0.02 0.00 95.00 1692709573.26
0.02 0.00 95.00 1692709573.36
0.02 0.00 95.00 1692709573.46
0.01 0.00 95.00 1692709573.56
0.01 0.00 95.00 1692709573.66
0.01 0.00 95.00 1692709573.76
0.02 0.00 95.00 1692709573.86
0.02 0.00 95.00 1692709573.96
0.02 0.00 95.00 1692709574.06
0.02 0.00 95.00 1692709574.16
0.02 0.00 95.00 1692709574.26
0.02 0.00 95.00 1692709574.36
0.03 0.00 95.00 1692709574.46
0.03 0.01 95.00 1692709574.56
0.03 0.00 95.00 1692709574.66
0.03 0.00 95.00 1692709574.76
0.03 0.00 95.00 1692709574.86
0.02 0.00 95.00 1692709574.96
0.02 0.00 95.00 1692709575.06
0.01 0.00 95.00 1692709575.16
0.01 0.00 95.00 1692709575.26
0.01 0.00 95.00 1692709575.36
0.00 0.00 95.00 1692709575.46
0.00 0.01 95.00 1692709575.56
0.01 0.03 95.00 1692709575.66
0.03 0.06 95.00 1692709575.76
0.06 0.12 95.00 1692709575.86
0.09 0.14 95.00 1692709575.96
0.19 0.23 95.00 1692709576.06
0.44 0.42 95.00 1692709576.16
1.01 0.70 94.00 1692709576.26
1.90 1.14 93.00 1692709576.36
2.89 1.65 90.00 1692709576.46
3.68 3.30 89.00 1692709576.56
3.85 3.77 88.00 1692709576.66
3.89 4.23 87.00 1692709576.76
4.26 4.87 86.00 1692709576.86
4.60 5.64 84.00 1692709576.96
5.68 7.01 82.00 1692709577.06
7.63 8.92 81.00 1692709577.16
9.72 11.11 79.00 1692709577.26
11.39 13.24 78.00 1692709577.36
12.22 14.62 77.00 1692709577.46
12.12 15.10 76.00 1692709577.56
11.65 14.81 76.00 1692709577.66
11.05 14.30 75.00 1692709577.76
11.28 14.32 74.00 1692709577.86
11.98 14.61 74.00 1692709577.96
12.93 14.90 74.00 1692709578.06
14.17 15.50 72.00 1692709578.16
15.75 16.63 71.00 1692709578.26
17.11 17.68 70.00 1692709578.36
17.63 18.14 69.00 1692709578.46
17.28 17.93 68.00 1692709578.56
17.27 17.48 66.00 1692709578.66
17.82 17.54 64.00 1692709578.76
18.91 18.41 63.00 1692709578.86
20.15 19.09 62.00 1692709578.96
21.65 19.82 61.00 1692709579.06
22.77 20.40 61.00 1692709579.16
23.25 20.43 61.00 1692709579.26
23.49 20.43 60.00 1692709579.36
23.20 19.80 60.00 1692709579.46
22.89 18.79 60.00 1692709579.56
22.83 18.21 59.00 1692709579.66
22.98 18.12 57.00 1692709579.76
23.41 18.31 56.00 1692709579.86
24.07 18.47 54.00 1692709579.96
24.71 19.79 52.00 1692709580.06
24.78 20.03 51.00 1692709580.16
24.53 19.69 51.00 1692709580.26
24.24 19.62 51.00 1692709580.36
22.72 19.42 50.00 1692709580.46
19.69 18.64 50.00 1692709580.56
14.91 16.08 50.00 1692709580.66
10.08 11.66 50.00 1692709580.76
6.46 7.60 50.00 1692709580.86
4.62 5.28 50.00 1692709580.96
3.38 3.89 50.00 1692709581.06
2.39 3.03 50.00 1692709581.16
1.44 1.45 50.00 1692709581.26
0.43 0.80 50.00 1692709581.36
0.07 0.60 50.00 1692709581.45
0.04 0.43 50.00 1692709581.55
0.10 0.25 50.00 1692709581.66
0.02 0.04 50.00 1692709581.75
0.03 1.20 50.00 1692709581.85
0.04 0.05 50.00 1692709582.26
0.03 0.04 50.00 1692709582.36
0.02 0.02 50.00 1692709582.45
0.01 0.03 50.00 1692709582.54
0.01 0.04 50.00 1692709582.63
0.00 0.03 50.00 1692709582.73
0.00 0.02 50.00 1692709582.82
0.00 0.01 50.00 1692709582.91
0.02 0.00 50.00 1692709583.00
0.02 0.00 50.00 1692709583.09
0.00 0.01 50.00 1692709583.19
0.01 0.02 50.00 1692709583.28
0.02 0.01 50.00 1692709583.37
0.01 0.02 50.00 1692709583.46
0.01 0.02 50.00 1692709583.55
0.01 0.03 50.00 1692709583.65
0.01 0.02 50.00 1692709583.75
0.01 0.01 50.00 1692709583.85
0.02 0.01 50.00 1692709583.95
0.01 0.02 50.00 1692709584.05
0.01 0.01 50.00 1692709584.15
0.01 0.02 50.00 1692709584.25
0.01 0.02 50.00 1692709584.35
0.01 0.01 50.00 1692709584.45
0.02 0.00 50.00 1692709584.55
0.02 0.00 50.00 1692709584.65
0.01 96.89 50.00 1692709584.75
0.02 0.00 50.00 1692709584.94
0.01 0.01 50.00 1692709585.03
0.01 0.01 50.00 1692709585.12
0.00 0.00 50.00 1692709585.21
0.01 0.00 50.00 1692709585.31
0.00 0.00 50.00 1692709585.40
0.01 0.00 50.00 1692709585.49
0.01 0.00 50.00 1692709585.58
0.02 0.00 57.00 1692709585.67
0.01 0.00 77.00 1692709585.77
0.01 0.00 85.00 1692709585.86
0.01 0.00 88.00 1692709585.95
0.00 0.00 90.00 1692709586.05
0.00 0.01 93.00 1692709586.15
0.00 0.01 95.00 1692709586.25
0.01 0.00 96.00 1692709586.35
0.01 0.00 96.00 1692709586.45
0.01 0.00 96.00 1692709586.55
0.01 0.01 96.00 1692709586.65
0.02 0.03 96.00 1692709586.75
0.02 0.03 96.00 1692709586.85
0.02 0.04 96.00 1692709586.95
0.02 0.02 95.00 1692709587.05
0.02 0.04 95.00 1692709587.15
0.02 0.03 95.00 1692709587.25
0.02 0.04 95.00 1692709587.35
0.02 0.03 95.00 1692709587.45
0.02 0.02 95.00 1692709587.55
0.02 0.04 95.00 1692709587.65
0.01 0.03 95.00 1692709587.75
0.02 0.03 95.00 1692709587.85
0.02 0.04 95.00 1692709587.95
0.01 0.03 95.00 1692709588.05
0.02 0.04 95.00 1692709588.15
0.02 0.03 95.00 1692709588.25
0.02 0.02 95.00 1692709588.35
0.02 0.02 95.00 1692709588.45
0.02 0.03 95.00 1692709588.55
0.02 0.02 95.00 1692709588.65
0.02 0.02 95.00 1692709588.75
0.03 0.02 95.00 1692709588.85
0.03 0.03 95.00 1692709588.95
0.02 0.03 95.00 1692709589.05
0.02 0.04 95.00 1692709589.15
0.02 0.04 95.00 1692709589.25
0.03 0.03 95.00 1692709589.35
0.03 0.03 95.00 1692709589.45
0.04 0.03 95.00 1692709589.55
0.04 0.03 95.00 1692709589.65
0.04 0.02 95.00 1692709589.75
0.04 0.03 95.00 1692709589.85
0.04 0.03 95.00 1692709589.95
0.04 0.03 95.00 1692709590.05
0.04 0.02 95.00 1692709590.15
0.04 0.01 95.00 1692709590.25
0.04 0.02 95.00 1692709590.35
0.04 0.02 95.00 1692709590.45
0.03 0.02 95.00 1692709590.55
0.03 0.02 95.00 1692709590.65
0.03 0.03 95.00 1692709590.75
0.03 0.03 95.00 1692709590.85
0.03 0.03 95.00 1692709590.95
0.03 0.03 95.00 1692709591.05
0.03 0.02 95.00 1692709591.15
0.03 0.02 95.00 1692709591.25
0.03 0.02 95.00 1692709591.35
0.03 0.02 95.00 1692709591.45
0.02 0.02 95.00 1692709591.55
0.02 0.02 95.00 1692709591.65
0.02 0.02 94.00 1692709591.75
0.01 0.02 94.00 1692709591.85
0.01 0.01 92.00 1692709591.95
0.00 0.00 90.00 1692709592.05
0.03 0.00 89.00 1692709592.15
0.27 0.02 89.00 1692709592.25
0.81 0.15 88.00 1692709592.35
1.06 0.30 87.00 1692709592.45
1.99 0.68 85.00 1692709592.55
2.95 1.28 84.00 1692709592.65
3.35 1.61 81.00 1692709592.75
3.67 1.77 80.00 1692709592.85
4.26 2.08 80.00 1692709592.95
5.05 2.77 80.00 1692709593.05
5.74 4.07 79.00 1692709593.15
6.20 4.48 78.00 1692709593.25
6.55 4.71 78.00 1692709593.35
6.85 4.84 77.00 1692709593.45
7.13 4.98 76.00 1692709593.55
7.56 5.28 76.00 1692709593.65
8.43 5.82 76.00 1692709593.75
9.12 6.53 76.00 1692709593.85
9.89 7.11 76.00 1692709593.95
10.19 7.40 76.00 1692709594.05
9.96 7.36 75.00 1692709594.15
10.60 7.73 74.00 1692709594.25
11.58 8.36 74.00 1692709594.35
11.97 8.76 73.00 1692709594.45
12.62 9.01 71.00 1692709594.55
13.62 9.25 70.00 1692709594.65
14.76 9.99 70.00 1692709594.75
15.52 11.01 70.00 1692709594.85
15.39 11.43 69.00 1692709594.95
15.08 11.23 69.00 1692709595.05
15.52 11.04 68.00 1692709595.15
16.68 11.58 66.00 1692709595.25
18.44 12.75 66.00 1692709595.35
20.15 16.35 66.00 1692709595.45
20.58 17.24 66.00 1692709595.55
19.86 16.94 66.00 1692709595.65
18.11 15.50 66.00 1692709595.75
15.96 13.71 66.00 1692709595.85
12.96 11.43 66.00 1692709595.95
9.70 8.66 66.00 1692709596.05
7.50 6.26 66.00 1692709596.15
6.01 4.70 66.00 1692709596.25
4.62 3.45 66.00 1692709596.35
3.32 2.39 66.00 1692709596.45
2.34 1.78 66.00 1692709596.55
1.51 0.60 66.00 1692709596.65
1.03 0.61 66.00 1692709596.75
0.74 0.23 66.00 1692709596.85
0.87 0.36 66.00 1692709596.95
0.67 0.34 66.00 1692709597.05
0.40 0.23 66.00 1692709597.15
0.08 0.22 66.00 1692709597.25
0.01 0.12 66.00 1692709597.35
0.00 0.25 66.00 1692709597.45
0.03 0.25 66.00 1692709597.55
0.07 0.05 66.00 1692709597.65
0.08 0.06 66.00 1692709597.75
0.01 0.02 66.00 1692709597.85
0.02 0.00 66.00 1692709597.95
0.02 0.00 66.00 1692709598.05
0.03 0.00 66.00 1692709598.14
0.03 0.00 66.00 1692709598.25
0.02 0.00 66.00 1692709598.34
0.03 0.00 66.00 1692709598.44
0.04 0.00 66.00 1692709598.54
0.04 0.02 66.00 1692709598.64
0.04 0.05 66.00 1692709598.74
0.04 0.06 66.00 1692709598.84
0.04 0.06 66.00 1692709598.94
0.04 0.06 66.00 1692709599.04
0.03 0.04 66.00 1692709599.14
0.04 0.05 66.00 1692709599.55
0.04 0.04 66.00 1692709599.65
0.04 0.03 66.00 1692709599.74
0.04 0.02 66.00 1692709599.83
0.03 0.01 66.00 1692709599.92
0.03 0.02 66.00 1692709600.02
0.03 0.03 66.00 1692709600.11
0.03 0.03 66.00 1692709600.20
0.03 0.03 66.00 1692709600.29
0.03 0.03 66.00 1692709600.38
0.03 0.02 66.00 1692709600.48
0.03 0.01 66.00 1692709600.57
0.03 0.01 66.00 1692709600.66
0.03 0.02 66.00 1692709600.75
0.03 0.03 66.00 1692709600.84
0.03 0.03 66.00 1692709600.94
0.03 0.02 66.00 1692709601.04
0.03 0.03 66.00 1692709601.14
0.03 0.03 66.00 1692709601.24
0.03 0.03 71.00 1692709601.34
0.03 0.01 81.00 1692709601.44
0.03 0.00 94.00 1692709601.54
0.03 0.00 95.00 1692709601.64
0.03 0.01 96.00 1692709601.74
0.03 0.01 96.00 1692709601.84
0.03 0.01 96.00 1692709601.94
0.03 0.03 96.00 1692709602.04
0.03 0.03 96.00 1692709602.14
0.03 0.02 96.00 1692709602.24
0.03 0.02 94.00 1692709602.34
0.03 0.03 94.00 1692709602.44
0.03 0.04 93.00 1692709602.54
0.03 0.06 92.00 1692709602.64
0.03 0.06 92.00 1692709602.74
0.03 0.05 92.00 1692709602.84
0.04 0.04 92.00 1692709602.94
0.04 0.02 92.00 1692709603.04
0.04 0.01 92.00 1692709603.14
0.04 0.06 92.00 1692709603.24
0.04 0.06 92.00 1692709603.34
0.04 0.06 92.00 1692709603.44
0.04 0.06 92.00 1692709603.54
0.04 0.06 92.00 1692709603.64
0.04 0.06 92.00 1692709603.74
0.04 0.06 92.00 1692709603.84
0.04 0.06 92.00 1692709603.94
0.04 0.06 92.00 1692709604.04
0.04 0.05 92.00 1692709604.14
0.04 0.06 92.00 1692709604.24
0.04 0.03 92.00 1692709604.34
0.04 0.01 92.00 1692709604.44
0.04 0.00 92.00 1692709604.54
0.03 0.00 92.00 1692709604.64
0.04 0.01 92.00 1692709604.74
0.04 0.02 92.00 1692709604.84
0.04 0.03 92.00 1692709604.94
0.04 0.03 92.00 1692709605.04
0.03 0.02 92.00 1692709605.14
0.04 0.03 92.00 1692709605.24
0.04 0.03 92.00 1692709605.34
0.03 0.02 92.00 1692709605.44
0.03 0.02 92.00 1692709605.54
0.03 0.03 92.00 1692709605.64
0.03 0.03 92.00 1692709605.74
0.03 0.04 92.00 1692709605.84
0.03 0.03 92.00 1692709605.94
0.03 0.03 92.00 1692709606.04
0.03 0.02 92.00 1692709606.14
0.03 0.01 92.00 1692709606.24
0.03 0.01 92.00 1692709606.34
0.04 0.02 92.00 1692709606.44
0.04 0.03 92.00 1692709606.54
0.03 0.01 92.00 1692709606.64
0.03 0.02 92.00 1692709606.74
0.03 0.00 92.00 1692709606.84
0.03 0.01 92.00 1692709606.94
0.03 0.02 92.00 1692709607.04
0.03 0.02 92.00 1692709607.14
0.03 0.02 92.00 1692709607.24
0.03 0.03 92.00 1692709607.34
0.03 0.03 92.00 1692709607.44
0.03 0.03 92.00 1692709607.54
0.03 0.03 92.00 1692709607.64
0.03 0.02 92.00 1692709607.74
0.03 0.02 92.00 1692709607.84
0.03 0.02 92.00 1692709607.94
0.03 0.02 92.00 1692709608.04
0.03 0.03 92.00 1692709608.14
0.04 0.03 92.00 1692709608.24
0.04 0.03 92.00 1692709608.34
0.04 0.02 92.00 1692709608.44
0.03 0.03 92.00 1692709608.54
0.03 0.03 92.00 1692709608.64
0.03 0.02 92.00 1692709608.74
0.03 0.01 92.00 1692709608.84
0.03 0.01 92.00 1692709608.94
0.03 0.02 92.00 1692709609.04
0.03 0.02 92.00 1692709609.14
0.03 0.01 92.00 1692709609.24
0.03 0.01 92.00 1692709609.34
0.03 0.03 92.00 1692709609.44
0.03 0.02 92.00 1692709609.54
0.03 0.02 92.00 1692709609.64
0.03 0.02 92.00 1692709609.74
0.03 0.02 92.00 1692709609.84
0.03 0.03 91.00 1692709609.94
0.02 0.02 91.00 1692709610.04
0.03 0.02 91.00 1692709610.14
0.03 0.03 91.00 1692709610.24
0.03 0.04 91.00 1692709610.34
0.03 0.02 91.00 1692709610.44
0.02 0.03 91.00 1692709610.54
0.02 0.04 91.00 1692709610.64
0.03 0.05 91.00 1692709610.74
0.03 0.05 91.00 1692709610.84
0.03 0.05 91.00 1692709610.94
0.03 0.04 91.00 1692709611.04
0.03 0.04 91.00 1692709611.14
0.04 0.04 91.00 1692709611.24
0.03 0.02 91.00 1692709611.34
0.02 0.02 91.00 1692709611.44
0.02 0.02 91.00 1692709611.54
0.03 0.04 92.00 1692709611.64
0.03 0.03 92.00 1692709611.74
0.03 0.04 91.00 1692709611.84
0.03 0.04 91.00 1692709611.94
0.03 0.03 91.00 1692709612.04
0.03 0.03 91.00 1692709612.14
0.02 0.03 91.00 1692709612.24
0.02 0.03 91.00 1692709612.34
0.03 0.04 91.00 1692709612.43
0.04 0.04 91.00 1692709612.53
0.04 0.03 91.00 1692709612.64
0.04 0.04 91.00 1692709612.73
0.03 0.03 91.00 1692709612.83
0.03 0.03 91.00 1692709612.93
0.03 0.03 91.00 1692709613.03
0.03 0.03 91.00 1692709613.13
0.03 0.03 91.00 1692709613.23
0.03 0.04 91.00 1692709613.33
0.04 0.03 91.00 1692709613.43
0.03 0.02 91.00 1692709613.53
0.03 0.03 91.00 1692709613.63
0.03 0.03 91.00 1692709613.73
0.03 0.04 91.00 1692709613.83
0.03 0.03 91.00 1692709613.93
0.03 0.04 91.00 1692709614.03
0.03 0.02 91.00 1692709614.13
0.03 0.02 91.00 1692709614.23
0.03 0.02 91.00 1692709614.33
0.02 0.02 91.00 1692709614.43
0.03 0.03 91.00 1692709614.53
0.02 0.02 91.00 1692709614.63
0.02 0.02 91.00 1692709614.73
0.02 0.03 89.00 1692709614.83
0.02 0.03 88.00 1692709614.93
0.01 0.02 87.00 1692709615.03
0.06 0.00 85.00 1692709615.13
0.05 0.00 84.00 1692709615.23
0.16 0.00 84.00 1692709615.33
0.42 0.02 83.00 1692709615.43
0.57 0.01 81.00 1692709615.53
0.70 0.05 81.00 1692709615.63
0.90 0.18 80.00 1692709615.73
1.48 0.30 78.00 1692709615.83
2.09 0.58 77.00 1692709615.93
3.36 1.06 74.00 1692709616.03
4.80 1.76 71.00 1692709616.13
6.60 2.62 68.00 1692709616.23
8.86 4.48 66.00 1692709616.33
11.51 5.64 65.00 1692709616.43
13.16 6.64 64.00 1692709616.53
13.03 7.11 62.00 1692709616.63
12.93 6.92 60.00 1692709616.73
13.70 6.87 58.00 1692709616.83
14.70 7.20 55.00 1692709616.93
15.45 7.62 51.00 1692709617.03
16.45 8.04 49.00 1692709617.13
18.23 8.32 46.00 1692709617.23
20.43 9.77 42.00 1692709617.33
22.42 11.34 37.00 1692709617.43
24.80 15.04 34.00 1692709617.53
27.19 17.30 33.00 1692709617.63
29.01 19.55 28.00 1692709617.73
30.03 21.90 24.00 1692709617.83
30.74 23.27 21.00 1692709617.93
32.20 24.96 18.00 1692709618.03
33.36 26.75 13.00 1692709618.13
34.27 28.09 8.00 1692709618.23
35.44 28.86 4.00 1692709618.33
36.04 29.37 0.00 1692709618.43
35.69 30.25 0.00 1692709618.53
33.21 30.41 0.00 1692709618.63
28.84 23.51 0.00 1692709618.73
25.52 19.21 0.00 1692709618.83
22.32 15.92 0.00 1692709618.93
17.35 12.65 0.00 1692709619.03
12.05 9.40 0.00 1692709619.13
7.76 6.25 0.00 1692709619.23
5.32 4.39 0.00 1692709619.33
3.88 3.29 0.00 1692709619.43
2.52 2.82 0.00 1692709619.53
1.65 2.51 0.00 1692709619.63
1.26 2.44 0.00 1692709619.73
0.58 1.87 0.00 1692709619.83
0.21 0.71 0.00 1692709619.93
0.04 0.45 0.00 1692709620.03
0.00 0.18 0.00 1692709620.13
0.02 0.04 0.00 1692709620.23
0.03 0.00 0.00 1692709620.33
0.04 0.03 13.00 1692709620.43
0.04 0.04 45.00 1692709620.53
0.04 0.04 65.00 1692709620.63
0.04 0.04 81.00 1692709620.73
0.04 0.03 91.00 1692709620.83
0.03 0.02 96.00 1692709620.93
0.03 0.02 96.00 1692709621.03
0.04 0.02 96.00 1692709621.13
0.04 0.03 96.00 1692709621.23
0.04 0.02 96.00 1692709621.33
0.04 0.01 88.00 1692709621.43
0.04 0.02 88.00 1692709621.53
0.04 0.02 88.00 1692709621.63
0.04 0.02 88.00 1692709621.73
0.04 0.02 88.00 1692709621.83
0.04 0.02 88.00 1692709621.93
0.04 0.02 88.00 1692709622.03
0.03 0.02 88.00 1692709622.13
0.04 0.02 88.00 1692709622.23
0.04 0.03 88.00 1692709622.33
0.04 0.03 88.00 1692709622.43
0.04 0.03 88.00 1692709622.53
0.04 0.02 88.00 1692709622.63
0.04 0.02 88.00 1692709622.73
0.03 0.02 88.00 1692709622.83
0.03 0.02 88.00 1692709622.93
0.03 0.02 88.00 1692709623.03
0.04 0.02 88.00 1692709623.13
0.04 0.03 88.00 1692709623.23
0.04 0.03 88.00 1692709623.33
0.04 0.02 88.00 1692709623.43
0.03 0.02 88.00 1692709623.53
0.03 0.03 88.00 1692709623.63
0.03 0.04 88.00 1692709623.73
0.03 0.04 88.00 1692709623.83
0.03 0.03 88.00 1692709623.93
0.03 0.03 88.00 1692709624.03
0.02 0.02 88.00 1692709624.13
0.02 0.02 88.00 1692709624.23
0.02 0.03 88.00 1692709624.33
0.02 0.04 88.00 1692709624.43
0.02 0.03 88.00 1692709624.53
0.01 0.02 88.00 1692709624.63
0.02 0.03 88.00 1692709624.73
0.01 0.02 88.00 1692709624.83
0.01 0.02 88.00 1692709624.93
0.01 0.02 88.00 1692709625.03
0.29 0.01 87.00 1692709625.13
0.95 0.02 83.00 1692709625.23
2.46 0.16 80.00 1692709625.33
5.41 0.91 77.00 1692709625.43
8.47 2.10 76.00 1692709625.53
11.19 4.00 74.00 1692709625.62
11.34 5.42 72.00 1692709625.72
10.65 6.24 68.00 1692709625.82
10.88 6.35 65.00 1692709625.92
12.18 7.06 63.00 1692709626.02
14.19 8.58 62.00 1692709626.12
16.11 10.65 60.00 1692709626.22
17.47 12.18 59.00 1692709626.32
18.60 13.52 58.00 1692709626.42
18.77 13.89 56.00 1692709626.52
18.82 13.71 53.00 1692709626.62
19.48 13.14 51.00 1692709626.72
21.00 20.26 42.00 1692709627.13
25.73 21.17 40.00 1692709627.23
26.84 21.54 37.00 1692709627.32
27.10 21.60 35.00 1692709627.41
26.82 21.51 34.00 1692709627.50
27.31 22.23 31.00 1692709627.60
28.53 23.00 28.00 1692709627.69
29.16 23.37 24.00 1692709627.78
29.41 24.31 21.00 1692709627.87
30.88 25.58 17.00 1692709627.96
33.08 27.61 12.00 1692709628.06
34.69 28.57 9.00 1692709628.15
35.55 30.32 5.00 1692709628.24
36.81 32.16 0.00 1692709628.33
37.86 33.45 0.00 1692709628.42
38.63 33.26 0.00 1692709628.52
38.92 32.23 0.00 1692709628.62
40.25 31.63 0.00 1692709628.72
41.63 30.96 0.00 1692709628.82
42.76 30.31 0.00 1692709628.92
43.34 30.57 0.00 1692709629.02
42.02 30.85 0.00 1692709629.12
39.01 30.79 0.00 1692709629.22
33.96 30.65 0.00 1692709629.32
28.09 29.36 0.00 1692709629.42
21.70 26.52 0.00 1692709629.52
15.92 21.35 0.00 1692709629.62
11.45 11.62 0.00 1692709629.72
8.38 8.83 0.00 1692709629.82
5.98 6.61 0.00 1692709629.92
4.63 5.22 0.00 1692709630.02
4.02 4.30 0.00 1692709630.12
3.75 3.77 0.00 1692709630.22
3.28 3.45 0.00 1692709630.32
2.46 3.37 0.00 1692709630.42
1.68 3.12 0.00 1692709630.52
1.07 2.86 0.00 1692709630.62
0.74 2.60 0.00 1692709630.72
0.62 2.56 0.00 1692709630.82
0.49 1.94 0.00 1692709630.92
0.49 1.58 0.00 1692709631.02
0.40 1.32 0.00 1692709631.12
0.44 1.08 0.00 1692709631.22
0.51 1.09 0.00 1692709631.32
0.31 0.68 43.00 1692709631.42
0.14 0.61 75.00 1692709631.52
0.01 0.46 96.00 1692709631.62
0.04 0.10 96.00 1692709631.72
0.05 0.00 96.00 1692709631.82
0.04 0.04 93.00 1692709631.92
0.04 0.04 93.00 1692709632.02
0.04 0.03 93.00 1692709632.12
0.04 0.04 93.00 1692709632.22
0.04 0.04 93.00 1692709632.32
0.04 0.03 93.00 1692709632.42
0.04 0.04 93.00 1692709632.52
0.04 0.06 93.00 1692709632.62
0.03 0.04 92.00 1692709632.72
0.03 0.01 92.00 1692709632.82
0.03 0.02 91.00 1692709632.92
0.03 0.05 91.00 1692709633.02
0.04 0.07 91.00 1692709633.12
0.03 0.06 91.00 1692709633.22
0.03 0.06 91.00 1692709633.32
0.03 0.04 91.00 1692709633.42
0.03 0.01 91.00 1692709633.52
0.02 0.02 91.00 1692709633.62
0.02 0.05 91.00 1692709633.72
0.02 0.02 91.00 1692709633.82
0.02 0.00 91.00 1692709633.92
0.03 0.01 91.00 1692709634.02
0.03 0.01 92.00 1692709634.12
0.03 0.03 91.00 1692709634.22
0.03 0.05 91.00 1692709634.32
0.03 0.03 92.00 1692709634.42
0.03 0.02 91.00 1692709634.52
0.03 0.01 92.00 1692709634.62
0.03 0.01 91.00 1692709634.72
0.04 0.00 89.00 1692709634.82
0.05 0.01 89.00 1692709634.92
0.05 0.04 90.00 1692709635.02
0.04 0.04 90.00 1692709635.12
0.01 0.04 90.00 1692709635.22
0.02 0.04 90.00 1692709635.32
0.01 0.04 89.00 1692709635.42
0.02 0.04 90.00 1692709635.52
0.03 0.05 90.00 1692709635.62
0.04 0.03 90.00 1692709635.72
0.05 0.02 90.00 1692709635.82
0.04 0.01 90.00 1692709635.92
0.04 0.02 87.00 1692709636.02
0.04 0.03 87.00 1692709636.12
0.04 0.01 87.00 1692709636.22
0.03 0.00 87.00 1692709636.32
0.03 0.01 87.00 1692709636.42
0.03 0.01 87.00 1692709636.52
0.04 0.01 87.00 1692709636.62
0.05 0.01 87.00 1692709636.72
0.05 0.01 87.00 1692709636.82
0.05 0.02 87.00 1692709636.92
0.05 0.03 87.00 1692709637.02
0.05 0.01 87.00 1692709637.12
0.04 0.01 87.00 1692709637.22
0.04 0.01 87.00 1692709637.32
0.04 0.04 87.00 1692709637.42
0.04 0.05 87.00 1692709637.52
0.04 0.05 87.00 1692709637.62
0.12 0.02 87.00 1692709637.72
0.04 0.01 86.00 1692709638.16
0.04 0.01 86.00 1692709638.26
0.04 0.04 86.00 1692709638.36
0.04 0.04 86.00 1692709638.46
0.04 0.01 86.00 1692709638.56
0.04 0.01 86.00 1692709638.66
0.04 0.01 86.00 1692709638.76
0.04 0.01 86.00 1692709638.86
0.04 0.01 86.00 1692709638.96
0.04 0.01 86.00 1692709639.06
0.04 0.00 86.00 1692709639.16
0.03 0.01 86.00 1692709639.26
0.03 0.01 86.00 1692709639.36
0.04 0.01 86.00 1692709639.46
0.04 0.02 86.00 1692709639.56
0.04 0.03 86.00 1692709639.66
0.04 0.03 86.00 1692709639.76
0.04 0.00 86.00 1692709639.86
0.04 0.00 86.00 1692709639.96
0.03 0.01 86.00 1692709640.06
0.03 0.01 86.00 1692709640.16
0.03 0.02 86.00 1692709640.26
0.03 0.03 86.00 1692709640.36
0.04 0.05 86.00 1692709640.46
0.04 0.04 86.00 1692709640.56
0.03 0.03 86.00 1692709640.66
0.03 0.01 86.00 1692709640.76
0.03 0.02 85.00 1692709640.86
0.03 0.02 84.00 1692709640.96
0.03 0.01 84.00 1692709641.06
0.02 0.00 82.00 1692709641.16
0.02 0.01 81.00 1692709641.26
0.01 0.01 80.00 1692709641.36
0.00 0.00 78.00 1692709641.46
0.02 0.01 77.00 1692709641.56
0.17 0.01 74.00 1692709641.66
0.63 0.12 74.00 1692709641.76
1.85 0.29 72.00 1692709641.86
3.08 0.62 68.00 1692709641.96
4.68 1.65 68.00 1692709642.06
6.48 3.19 67.00 1692709642.16
8.12 5.83 66.00 1692709642.26
8.79 6.41 64.00 1692709642.36
8.67 6.50 62.00 1692709642.46
8.30 6.48 62.00 1692709642.56
8.62 6.75 61.00 1692709642.66
9.39 7.48 60.00 1692709642.76
10.13 8.57 59.00 1692709642.86
10.78 9.50 59.00 1692709642.96
11.14 10.06 58.00 1692709643.06
11.15 10.23 56.00 1692709643.16
11.50 10.39 55.00 1692709643.26
12.43 10.34 53.00 1692709643.36
13.62 11.02 51.00 1692709643.46
14.77 11.75 50.00 1692709643.56
15.43 12.36 49.00 1692709643.66
16.35 12.99 48.00 1692709643.76
17.59 13.96 45.00 1692709643.86
19.19 15.54 45.00 1692709643.96
21.10 17.55 45.00 1692709644.06
21.31 19.29 45.00 1692709644.16
20.90 19.18 45.00 1692709644.26
21.65 19.31 45.00 1692709644.36
23.14 19.94 44.00 1692709644.46
23.89 21.33 43.00 1692709644.56
24.16 21.66 41.00 1692709644.65
24.80 21.95 39.00 1692709644.75
25.51 22.73 37.00 1692709644.85
27.16 24.04 35.00 1692709644.95
29.00 25.85 31.00 1692709645.05
29.56 27.05 28.00 1692709645.15
30.33 28.19 27.00 1692709645.25
31.82 29.55 24.00 1692709645.35
33.25 35.86 11.00 1692709645.76
36.32 35.67 8.00 1692709645.86
36.41 34.45 5.00 1692709645.95
35.87 32.95 2.00 1692709646.04
35.72 31.94 0.00 1692709646.13
36.54 30.99 0.00 1692709646.23
37.00 28.78 0.00 1692709646.32
34.84 26.70 0.00 1692709646.41
32.39 24.96 0.00 1692709646.50
28.14 21.97 0.00 1692709646.59
22.46 17.42 0.00 1692709646.69
16.94 13.12 0.00 1692709646.78
12.30 10.08 0.00 1692709646.87
8.63 7.48 0.00 1692709646.96
6.57 5.95 0.00 1692709647.05
5.81 5.11 0.00 1692709647.15
5.19 4.59 0.00 1692709647.25
4.02 3.89 0.00 1692709647.35
2.89 3.21 0.00 1692709647.45
2.32 2.78 0.00 1692709647.55
2.06 2.51 0.00 1692709647.65
1.76 2.57 0.00 1692709647.75
1.50 2.41 0.00 1692709647.85
1.31 2.27 4.00 1692709647.95
1.10 2.29 27.00 1692709648.05
0.77 1.98 45.00 1692709648.15
0.38 1.69 61.00 1692709648.25
0.12 1.40 74.00 1692709648.35
0.01 1.14 85.00 1692709648.45
0.01 0.99 89.00 1692709648.55
0.00 0.76 95.00 1692709648.65
0.10 0.95 95.00 1692709648.75
0.12 0.86 95.00 1692709648.85
0.00 0.36 95.00 1692709648.95
0.05 0.04 95.00 1692709649.05
0.06 0.01 95.00 1692709649.15
0.05 0.05 95.00 1692709649.25
0.04 0.06 96.00 1692709649.35
0.05 0.04 96.00 1692709649.45
0.07 0.04 96.00 1692709649.55
0.08 0.06 96.00 1692709649.65
0.08 0.05 96.00 1692709649.75
0.08 0.05 96.00 1692709649.85
0.08 0.04 96.00 1692709649.95
0.06 0.03 95.00 1692709650.05
0.05 0.02 95.00 1692709650.15
0.05 0.02 95.00 1692709650.25
0.07 0.02 96.00 1692709650.35
0.08 0.03 96.00 1692709650.45
0.07 0.02 96.00 1692709650.55
0.08 0.02 95.00 1692709650.65
0.07 0.01 95.00 1692709650.75
0.06 0.02 95.00 1692709650.85
0.07 0.03 95.00 1692709650.95
0.06 0.02 95.00 1692709651.05
0.06 0.02 95.00 1692709651.15
0.06 0.02 94.00 1692709651.25
0.06 0.02 94.00 1692709651.35
0.05 0.02 94.00 1692709651.45
0.02 0.01 94.00 1692709651.55
0.01 0.01 94.00 1692709651.65
0.01 0.02 94.00 1692709651.75
0.01 0.04 94.00 1692709651.85
0.02 0.04 94.00 1692709651.95
0.03 0.04 94.00 1692709652.05
0.03 0.03 94.00 1692709652.15
0.02 0.03 94.00 1692709652.25
0.02 0.03 94.00 1692709652.35
0.02 0.04 94.00 1692709652.45
0.02 0.03 94.00 1692709652.55
0.01 0.03 94.00 1692709652.65
0.01 0.02 94.00 1692709652.75
0.01 0.02 94.00 1692709652.85
0.02 0.03 94.00 1692709652.95
0.02 0.03 94.00 1692709653.05
0.02 0.03 94.00 1692709653.15
0.02 0.03 94.00 1692709653.25
0.02 0.02 94.00 1692709653.35
0.02 0.02 94.00 1692709653.45
0.02 0.01 94.00 1692709653.55
0.02 0.02 94.00 1692709653.65
0.03 0.04 94.00 1692709653.75
0.02 0.04 94.00 1692709653.85
0.03 0.04 94.00 1692709653.95
0.02 0.04 94.00 1692709654.05
0.03 0.02 94.00 1692709654.15
0.03 0.05 94.00 1692709654.25
0.03 0.05 94.00 1692709654.35
0.03 0.05 94.00 1692709654.45
0.02 0.03 94.00 1692709654.55
0.02 0.02 94.00 1692709654.65
0.02 0.01 94.00 1692709654.75
0.03 0.02 94.00 1692709654.85
0.02 0.03 94.00 1692709654.95
0.02 0.01 94.00 1692709655.05
0.02 0.01 92.00 1692709655.15
0.01 0.01 91.00 1692709655.25
0.01 0.01 90.00 1692709655.35
0.01 0.01 89.00 1692709655.45
0.00 0.01 86.00 1692709655.55
0.16 0.25 84.00 1692709655.65
0.85 1.12 81.00 1692709655.75
1.88 2.63 80.00 1692709655.85
3.09 4.13 79.00 1692709655.95
3.91 5.30 78.00 1692709656.05
4.34 6.04 77.00 1692709656.15
4.78 6.68 75.00 1692709656.25
5.10 7.36 74.00 1692709656.35
5.57 7.90 73.00 1692709656.45
6.25 8.44 72.00 1692709656.55
6.68 9.55 69.00 1692709656.65
7.23 10.05 68.00 1692709656.75
8.17 10.92 67.00 1692709656.85
9.29 11.84 65.00 1692709656.95
10.20 12.76 64.00 1692709657.04
10.83 12.89 62.00 1692709657.14
11.88 13.27 62.00 1692709657.24
13.28 13.77 60.00 1692709657.34
14.46 14.55 58.00 1692709657.44
15.42 15.65 55.00 1692709657.55
16.54 16.89 54.00 1692709657.64
18.21 18.33 51.00 1692709657.74
19.52 19.33 50.00 1692709657.84
20.56 19.07 49.00 1692709657.94
21.49 20.02 45.00 1692709658.04
22.05 20.71 43.00 1692709658.14
23.69 21.67 40.00 1692709658.24
26.09 23.39 37.00 1692709658.34
28.58 26.30 34.00 1692709658.44
30.26 29.12 32.00 1692709658.54
30.34 30.45 31.00 1692709658.64
30.00 31.33 29.00 1692709658.74
29.45 31.68 27.00 1692709658.84
29.75 31.80 24.00 1692709658.94
31.16 33.59 22.00 1692709659.04
32.17 32.51 20.00 1692709659.14
33.95 31.31 16.00 1692709659.24
35.48 32.36 12.00 1692709659.34
36.47 35.30 9.00 1692709659.44
35.77 37.00 7.00 1692709659.54
35.66 38.03 5.00 1692709659.64
36.55 38.81 1.00 1692709659.74
36.66 38.50 0.00 1692709659.84
34.72 35.80 0.00 1692709659.94
32.67 31.51 0.00 1692709660.04
28.08 27.12 0.00 1692709660.14
22.04 17.02 0.00 1692709660.24
15.57 12.44 0.00 1692709660.34
9.75 9.13 0.00 1692709660.44
5.78 6.62 0.00 1692709660.54
4.31 5.16 0.00 1692709660.64
3.77 4.12 0.00 1692709660.74
2.69 3.46 0.00 1692709660.84
1.72 2.78 0.00 1692709660.94
1.27 2.39 0.00 1692709661.04
0.88 2.07 0.00 1692709661.14
0.70 2.07 0.00 1692709661.24
0.73 1.95 0.00 1692709661.34
0.85 1.31 0.00 1692709661.44
0.58 1.10 5.00 1692709661.54
0.26 0.72 38.00 1692709661.64
0.13 0.37 56.00 1692709661.74
0.01 0.14 66.00 1692709661.84
0.00 0.03 79.00 1692709661.94
0.02 0.02 91.00 1692709662.04
0.03 0.05 96.00 1692709662.14
0.03 0.03 96.00 1692709662.24
0.04 0.02 96.00 1692709662.34
0.04 0.04 94.00 1692709662.44
0.02 0.03 94.00 1692709662.54
0.02 0.03 93.00 1692709662.64
0.04 0.03 93.00 1692709662.74
0.07 0.04 93.00 1692709662.84
0.07 0.04 93.00 1692709662.94
0.07 0.03 93.00 1692709663.04
0.06 0.02 93.00 1692709663.14
0.05 0.02 93.00 1692709663.24
0.05 0.02 93.00 1692709663.34
0.04 0.02 93.00 1692709663.44
0.05 0.02 93.00 1692709663.54
0.05 0.04 93.00 1692709663.64
0.05 0.05 93.00 1692709663.74
0.05 0.05 93.00 1692709663.84
0.05 0.02 93.00 1692709663.94
0.03 0.01 93.00 1692709664.04
0.02 0.01 93.00 1692709664.14
0.01 0.02 93.00 1692709664.24
0.01 0.02 92.00 1692709664.34
0.01 0.02 92.00 1692709664.44
0.01 0.04 92.00 1692709664.54
0.02 0.04 92.00 1692709664.64
0.02 0.04 92.00 1692709664.74
