0.01 0.00 91.00 1692715183.37
0.01 0.01 91.00 1692715183.45
0.00 0.00 91.00 1692715183.54
0.01 0.00 91.00 1692715183.63
0.01 0.00 91.00 1692715183.72
0.01 0.00 91.00 1692715183.81
0.01 0.00 91.00 1692715183.91
0.01 0.00 91.00 1692715184.00
0.01 0.00 91.00 1692715184.09
0.01 0.00 91.00 1692715184.18
0.01 0.00 91.00 1692715184.28
0.01 0.01 91.00 1692715184.38
0.01 0.01 91.00 1692715184.48
0.01 0.01 91.00 1692715184.58
0.00 0.00 91.00 1692715184.68
0.01 0.00 91.00 1692715184.78
0.00 0.00 91.00 1692715184.88
0.01 0.00 91.00 1692715184.98
0.00 0.01 91.00 1692715185.08
0.01 0.00 91.00 1692715185.53
0.01 0.00 91.00 1692715185.63
0.01 0.00 91.00 1692715185.73
0.01 0.02 88.00 1692715185.83
0.02 0.07 85.00 1692715185.93
0.07 0.22 84.00 1692715186.03
0.25 1.04 81.00 1692715186.13
0.45 1.87 79.00 1692715186.23
0.93 3.43 78.00 1692715186.33
1.43 5.01 77.00 1692715186.43
2.14 6.75 76.00 1692715186.53
2.88 8.30 74.00 1692715186.63
3.66 9.75 72.00 1692715186.73
4.68 10.94 70.00 1692715186.83
5.80 11.64 68.00 1692715186.93
6.49 11.90 66.00 1692715187.03
7.31 12.43 63.00 1692715187.13
8.57 13.01 62.00 1692715187.23
10.29 15.09 60.00 1692715187.33
11.84 16.24 58.00 1692715187.43
13.10 17.16 56.00 1692715187.53
14.11 17.04 54.00 1692715187.63
14.65 16.07 51.00 1692715187.73
14.92 14.73 48.00 1692715187.83
16.29 14.25 43.00 1692715187.94
19.17 15.23 38.00 1692715188.04
23.79 17.23 34.00 1692715188.14
28.20 19.99 31.00 1692715188.24
31.36 23.18 28.00 1692715188.34
33.22 25.94 28.00 1692715188.44
34.02 28.95 26.00 1692715188.54
33.65 25.42 19.00 1692715188.95
30.43 26.08 17.00 1692715189.04
30.63 26.54 14.00 1692715189.13
31.05 26.85 11.00 1692715189.23
32.13 27.33 6.00 1692715189.32
34.00 28.16 0.00 1692715189.41
35.78 29.75 0.00 1692715189.50
37.28 31.63 0.00 1692715189.60
38.74 32.48 0.00 1692715189.69
39.45 32.07 0.00 1692715189.78
39.88 29.67 0.00 1692715189.87
38.95 25.90 0.00 1692715189.97
37.57 23.68 0.00 1692715190.06
37.34 23.59 0.00 1692715190.15
34.45 23.38 0.00 1692715190.24
27.98 21.09 0.00 1692715190.34
20.90 16.68 0.00 1692715190.44
15.18 12.13 0.00 1692715190.54
11.28 8.89 0.00 1692715190.64
7.95 6.64 0.00 1692715190.74
5.64 4.81 0.00 1692715190.84
4.50 3.50 0.00 1692715190.94
3.98 2.80 0.00 1692715191.04
3.30 2.40 0.00 1692715191.14
2.26 2.22 0.00 1692715191.24
1.25 1.99 0.00 1692715191.35
0.75 1.88 1.00 1692715191.45
0.44 1.25 27.00 1692715191.55
0.20 1.15 47.00 1692715191.65
0.20 1.12 63.00 1692715191.75
0.11 1.15 79.00 1692715191.85
0.11 1.39 90.00 1692715191.95
0.03 1.29 95.00 1692715192.05
0.02 1.11 95.00 1692715192.15
0.07 1.15 95.00 1692715192.25
0.09 1.34 95.00 1692715192.35
0.04 1.14 95.00 1692715192.45
0.01 0.66 95.00 1692715192.55
0.00 0.28 95.00 1692715192.65
0.02 0.02 95.00 1692715192.75
0.02 0.01 95.00 1692715192.85
0.02 0.01 95.00 1692715192.95
0.03 0.01 95.00 1692715193.05
0.02 0.07 95.00 1692715193.15
0.02 0.07 95.00 1692715193.25
0.01 0.05 94.00 1692715193.35
0.01 0.02 95.00 1692715193.45
0.01 0.00 94.00 1692715193.55
0.02 0.00 94.00 1692715193.65
0.01 0.02 94.00 1692715193.75
0.02 0.02 94.00 1692715193.85
0.01 0.04 94.00 1692715193.95
0.01 0.04 94.00 1692715194.05
0.02 0.05 94.00 1692715194.15
0.02 0.04 94.00 1692715194.25
0.01 0.03 94.00 1692715194.35
0.01 0.03 94.00 1692715194.45
0.02 0.04 94.00 1692715194.56
0.01 0.04 94.00 1692715194.66
0.02 0.04 94.00 1692715194.76
0.02 0.05 94.00 1692715194.86
0.02 0.05 94.00 1692715194.96
0.02 0.04 94.00 1692715195.06
0.02 0.05 94.00 1692715195.16
0.01 0.04 94.00 1692715195.26
0.01 0.04 94.00 1692715195.36
0.01 0.04 94.00 1692715195.46
0.01 0.04 94.00 1692715195.56
0.01 0.04 94.00 1692715195.66
0.01 0.04 94.00 1692715195.76
0.02 0.04 94.00 1692715195.86
0.02 0.04 94.00 1692715195.96
0.02 0.04 94.00 1692715196.06
0.01 0.04 94.00 1692715196.16
0.01 0.04 94.00 1692715196.26
0.02 0.04 94.00 1692715196.36
0.01 0.04 94.00 1692715196.46
0.01 0.04 94.00 1692715196.56
0.02 0.01 94.00 1692715196.66
0.01 0.01 94.00 1692715197.07
0.01 0.01 94.00 1692715197.17
0.01 0.01 94.00 1692715197.26
0.01 0.00 94.00 1692715197.35
0.00 0.00 94.00 1692715197.44
0.00 0.00 94.00 1692715197.54
0.00 0.00 94.00 1692715197.63
0.00 0.01 94.00 1692715197.72
0.00 0.01 94.00 1692715197.81
0.00 0.01 94.00 1692715197.91
0.00 0.01 94.00 1692715198.00
0.00 0.00 94.00 1692715198.09
0.01 0.00 94.00 1692715198.18
0.00 0.00 94.00 1692715198.28
0.00 0.00 94.00 1692715198.37
0.01 0.00 94.00 1692715198.47
0.01 0.01 94.00 1692715198.57
0.01 0.00 94.00 1692715198.67
0.04 0.04 94.00 1692715198.77
0.15 0.16 92.00 1692715198.87
0.33 0.31 90.00 1692715198.97
0.83 0.73 88.00 1692715199.07
1.57 1.40 87.00 1692715199.17
2.45 2.10 87.00 1692715199.27
2.96 2.58 85.00 1692715199.37
2.98 2.78 83.00 1692715199.47
3.37 2.76 81.00 1692715199.57
4.04 3.55 80.00 1692715199.67
4.86 4.24 79.00 1692715199.77
5.65 4.92 78.00 1692715199.87
6.24 5.30 77.00 1692715199.97
6.72 5.74 76.00 1692715200.07
7.47 6.28 74.00 1692715200.17
7.96 6.67 72.00 1692715200.27
8.73 6.95 71.00 1692715200.37
9.95 7.58 70.00 1692715200.47
10.86 8.42 68.00 1692715200.57
11.55 9.31 67.00 1692715200.67
12.51 10.07 65.00 1692715200.77
13.26 9.98 63.00 1692715200.87
14.25 10.39 62.00 1692715200.97
15.66 11.37 62.00 1692715201.07
17.30 12.95 60.00 1692715201.17
18.56 14.32 59.00 1692715201.28
19.24 15.33 56.00 1692715201.38
19.82 15.99 55.00 1692715201.48
20.93 17.25 53.00 1692715201.58
21.79 18.37 51.00 1692715201.68
22.49 19.00 50.00 1692715201.78
23.53 19.20 46.00 1692715201.88
24.65 19.84 45.00 1692715201.98
25.38 21.27 43.00 1692715202.08
26.34 21.98 40.00 1692715202.18
26.92 23.25 37.00 1692715202.28
27.32 24.63 35.00 1692715202.38
28.57 26.22 32.00 1692715202.48
29.26 27.46 28.00 1692715202.58
30.34 28.47 24.00 1692715202.68
32.02 29.35 21.00 1692715202.78
33.45 30.64 17.00 1692715202.88
34.59 31.85 13.00 1692715202.98
35.36 32.38 7.00 1692715203.08
36.21 32.35 0.00 1692715203.18
36.87 32.16 0.00 1692715203.28
36.59 29.92 0.00 1692715203.38
36.14 28.24 0.00 1692715203.48
35.71 28.42 0.00 1692715203.58
34.94 27.41 0.00 1692715203.68
32.80 23.76 0.00 1692715203.78
29.63 19.34 0.00 1692715203.88
25.57 15.94 0.00 1692715203.98
20.16 12.05 0.00 1692715204.08
14.70 8.93 0.00 1692715204.18
10.48 6.44 0.00 1692715204.28
7.74 4.38 0.00 1692715204.38
5.79 3.01 0.00 1692715204.48
3.80 2.74 0.00 1692715204.58
2.21 2.38 0.00 1692715204.69
1.53 2.24 0.00 1692715204.79
1.28 2.42 0.00 1692715204.89
0.93 2.67 0.00 1692715204.99
0.66 2.89 0.00 1692715205.09
0.23 2.26 0.00 1692715205.19
0.02 1.19 0.00 1692715205.29
0.01 0.77 0.00 1692715205.39
0.03 0.41 0.00 1692715205.49
0.03 0.10 0.00 1692715205.59
0.02 0.00 0.00 1692715205.69
0.03 0.01 0.00 1692715205.79
0.03 0.04 0.00 1692715205.89
0.03 0.03 0.00 1692715205.99
0.02 0.03 0.00 1692715206.09
0.02 0.02 0.00 1692715206.19
0.02 0.02 0.00 1692715206.29
0.03 0.03 3.00 1692715206.39
0.03 0.02 47.00 1692715206.49
0.02 0.01 67.00 1692715206.59
0.02 0.02 86.00 1692715206.69
0.02 0.05 96.00 1692715206.79
0.02 0.09 96.00 1692715206.89
0.02 0.07 96.00 1692715206.99
0.02 0.04 94.00 1692715207.09
0.02 0.02 93.00 1692715207.19
0.02 0.02 95.00 1692715207.29
0.02 0.01 95.00 1692715207.39
0.02 0.00 95.00 1692715207.49
0.02 0.00 93.00 1692715207.59
0.02 0.00 93.00 1692715207.69
0.02 0.00 93.00 1692715207.79
0.02 0.00 93.00 1692715207.89
0.03 0.00 93.00 1692715208.00
0.02 0.00 93.00 1692715208.10
0.01 0.00 93.00 1692715208.20
0.01 0.01 93.00 1692715208.30
0.01 0.03 93.00 1692715208.40
0.02 0.02 93.00 1692715208.50
0.03 0.01 93.00 1692715208.60
0.03 0.01 93.00 1692715208.70
0.02 0.03 93.00 1692715208.80
0.02 0.05 93.00 1692715208.90
0.02 0.05 93.00 1692715209.00
0.03 0.04 93.00 1692715209.10
0.03 0.03 93.00 1692715209.20
0.03 0.05 93.00 1692715209.30
0.02 0.03 93.00 1692715209.40
0.01 0.01 93.00 1692715209.50
0.01 0.02 93.00 1692715209.60
0.01 0.04 93.00 1692715209.70
0.02 0.05 93.00 1692715209.80
0.03 0.05 93.00 1692715209.90
0.02 0.05 93.00 1692715210.00
0.02 0.04 93.00 1692715210.10
0.02 0.04 92.00 1692715210.20
0.02 0.04 92.00 1692715210.30
0.02 0.03 92.00 1692715210.40
0.01 0.01 92.00 1692715210.50
0.01 0.01 92.00 1692715210.60
0.02 0.02 92.00 1692715210.70
0.02 0.04 92.00 1692715210.80
0.02 0.04 92.00 1692715210.90
0.01 0.03 92.00 1692715211.00
0.01 0.01 92.00 1692715211.10
0.00 0.00 92.00 1692715211.20
0.02 0.00 91.00 1692715211.31
0.36 0.10 88.00 1692715211.41
1.48 0.73 87.00 1692715211.51
3.01 2.16 85.00 1692715211.61
4.00 5.22 81.00 1692715211.71
4.48 5.95 80.00 1692715211.81
5.74 9.88 70.00 1692715212.22
8.38 10.12 70.00 1692715212.31
8.68 10.68 68.00 1692715212.40
9.74 12.08 67.00 1692715212.50
11.29 13.08 64.00 1692715212.59
12.25 13.96 63.00 1692715212.68
16.53 14.52 56.00 1692715213.06
18.18 14.41 54.00 1692715213.16
20.70 15.57 50.00 1692715213.26
23.06 17.57 47.00 1692715213.37
25.54 19.90 45.00 1692715213.47
27.49 21.68 42.00 1692715213.57
28.95 23.16 41.00 1692715213.67
29.79 24.54 38.00 1692715213.77
29.82 25.33 36.00 1692715213.87
29.17 25.46 34.00 1692715213.97
28.96 25.55 32.00 1692715214.07
29.62 27.71 30.00 1692715214.17
30.34 28.94 28.00 1692715214.27
30.85 29.68 25.00 1692715214.37
31.33 28.83 22.00 1692715214.47
32.80 26.13 17.00 1692715214.57
35.18 26.01 9.00 1692715214.67
37.79 28.33 3.00 1692715214.77
39.32 30.32 0.00 1692715214.87
40.05 32.27 0.00 1692715214.97
39.96 32.98 0.00 1692715215.07
38.66 31.32 0.00 1692715215.17
35.23 27.55 0.00 1692715215.27
29.62 17.04 0.00 1692715215.37
23.55 12.68 0.00 1692715215.47
16.88 9.05 0.00 1692715215.57
10.50 6.19 0.00 1692715215.67
6.59 3.84 0.00 1692715215.77
5.03 2.72 0.00 1692715215.87
4.09 2.15 0.00 1692715215.97
2.67 2.09 0.00 1692715216.07
1.52 2.05 0.00 1692715216.17
1.14 1.73 0.00 1692715216.27
0.71 1.57 0.00 1692715216.37
0.49 1.63 0.00 1692715216.47
0.48 1.60 0.00 1692715216.57
0.29 1.17 0.00 1692715216.67
0.04 0.47 3.00 1692715216.78
0.02 0.18 47.00 1692715216.88
0.03 0.05 96.00 1692715216.98
0.03 0.01 96.00 1692715217.08
0.03 0.04 96.00 1692715217.18
0.03 0.01 92.00 1692715217.28
