0.66 0.72 92.00 1692792672.28
0.68 0.73 92.00 1692792672.34
0.69 0.73 92.00 1692792672.43
0.71 0.73 92.00 1692792672.54
0.80 0.77 92.00 1692792672.64
0.86 0.82 92.00 1692792672.74
0.90 0.84 92.00 1692792672.84
0.94 0.84 92.00 1692792672.94
1.01 0.93 92.00 1692792673.04
1.05 0.97 92.00 1692792673.14
1.08 0.97 92.00 1692792673.24
1.02 0.90 92.00 1692792673.34
0.85 0.79 92.00 1692792673.44
0.63 0.68 92.00 1692792673.54
0.54 0.61 92.00 1692792673.64
0.52 0.57 92.00 1692792673.74
0.58 0.56 92.00 1692792673.84
0.72 0.59 92.00 1692792673.94
0.90 0.66 92.00 1692792674.04
1.07 0.72 92.00 1692792674.14
1.17 0.83 92.00 1692792674.24
1.27 0.88 91.00 1692792674.34
1.48 1.01 91.00 1692792674.44
1.71 1.18 91.00 1692792674.54
1.89 1.38 90.00 1692792674.64
2.36 1.78 89.00 1692792674.74
3.04 2.52 88.00 1692792674.84
3.58 3.26 87.00 1692792674.94
3.94 3.88 86.00 1692792675.04
4.16 4.28 86.00 1692792675.14
4.32 4.70 85.00 1692792675.24
4.34 5.02 84.00 1692792675.34
4.41 5.32 83.00 1692792675.44
4.70 5.53 81.00 1692792675.54
5.29 5.99 80.00 1692792675.64
5.93 6.48 79.00 1692792675.74
6.60 7.04 79.00 1692792675.84
7.41 7.71 78.00 1692792675.94
7.92 10.00 74.00 1692792676.36
9.28 10.32 73.00 1692792676.45
9.59 10.68 72.00 1692792676.54
9.86 11.08 70.00 1692792676.63
12.46 11.92 70.00 1692792676.73
13.88 12.61 64.00 1692792677.11
14.93 13.00 62.00 1692792677.21
16.59 14.00 62.00 1692792677.31
17.86 15.04 60.00 1692792677.41
18.31 15.55 58.00 1692792677.51
18.84 15.63 56.00 1692792677.61
20.46 16.03 53.00 1692792677.71
22.26 17.17 51.00 1692792677.81
23.95 18.81 50.00 1692792677.91
25.34 20.46 48.00 1692792678.01
26.20 21.70 46.00 1692792678.11
26.30 22.33 45.00 1692792678.21
26.14 22.53 44.00 1692792678.31
26.28 22.61 43.00 1692792678.41
26.95 22.69 42.00 1692792678.51
27.82 23.63 40.00 1692792678.61
28.37 24.54 39.00 1692792678.71
28.19 25.45 37.00 1692792678.81
27.84 27.63 29.00 1692792679.22
28.99 28.42 27.00 1692792679.32
32.24 32.49 17.00 1692792679.70
32.62 33.18 14.00 1692792679.80
32.45 33.80 11.00 1692792679.90
31.92 34.21 9.00 1692792680.00
31.27 34.74 5.00 1692792680.10
30.13 35.59 0.00 1692792680.20
28.98 36.57 0.00 1692792680.30
28.19 36.85 0.00 1692792680.40
27.47 36.62 0.00 1692792680.50
26.17 36.40 0.00 1692792680.60
24.67 34.93 0.00 1692792680.70
24.29 27.42 0.00 1692792680.80
23.73 22.99 0.00 1692792680.90
20.88 0.05 0.00 1692792681.00
16.21 4.06 0.00 1692792681.41
5.55 3.35 0.00 1692792681.51
4.64 3.12 0.00 1692792681.60
3.90 3.28 0.00 1692792681.69
3.52 3.30 0.00 1692792681.78
3.34 3.37 0.00 1692792681.88
4.57 5.84 0.00 1692792682.26
5.77 8.16 0.00 1692792682.36
6.97 9.90 0.00 1692792682.46
7.49 9.68 0.00 1692792682.56
5.92 7.70 0.00 1692792682.66
3.97 5.51 0.00 1692792682.76
2.91 3.79 0.00 1692792682.86
3.09 3.05 0.00 1692792682.96
3.18 3.16 0.00 1692792683.06
2.73 3.31 0.00 1692792683.16
1.90 2.94 0.00 1692792683.26
0.98 1.28 0.00 1692792683.36
0.39 0.88 0.00 1692792683.46
0.16 0.73 0.00 1692792683.56
0.41 1.00 0.00 1692792683.66
1.13 1.88 0.00 1692792683.76
1.56 2.54 0.00 1692792683.86
1.37 2.64 39.00 1692792683.96
0.93 2.26 70.00 1692792684.06
0.60 1.73 79.00 1692792684.16
0.36 1.36 91.00 1692792684.26
0.48 1.24 95.00 1692792684.37
0.51 1.41 96.00 1692792684.47
0.55 1.62 96.00 1692792684.57
0.58 1.63 96.00 1692792684.67
0.50 1.47 96.00 1692792684.77
0.49 1.36 96.00 1692792684.87
0.61 1.33 96.00 1692792684.97
0.60 1.27 96.00 1692792685.07
0.47 1.21 96.00 1692792685.17
0.29 1.05 96.00 1692792685.27
0.22 0.85 96.00 1692792685.37
0.22 0.79 96.00 1692792685.47
0.19 0.71 96.00 1692792685.57
0.17 0.63 95.00 1692792685.67
0.25 0.64 95.00 1692792685.77
0.46 0.74 95.00 1692792685.87
0.54 0.74 95.00 1692792685.97
0.58 0.69 95.00 1692792686.07
0.59 0.64 95.00 1692792686.17
0.64 0.61 95.00 1692792686.27
0.71 0.61 95.00 1692792686.37
0.76 0.61 95.00 1692792686.47
0.73 0.62 95.00 1692792686.57
0.67 0.58 94.00 1692792686.67
0.89 0.60 94.00 1692792686.77
1.28 0.80 94.00 1692792686.87
1.37 2.00 94.00 1692792686.97
1.33 2.11 94.00 1692792687.07
1.50 2.23 93.00 1692792687.17
1.77 2.45 93.00 1692792687.27
2.09 2.72 93.00 1692792687.37
2.29 2.90 92.00 1692792687.47
2.26 2.86 92.00 1692792687.57
2.37 23.95 92.00 1692792687.67
2.21 3.06 90.00 1692792688.08
2.38 3.44 90.00 1692792688.18
2.86 3.82 89.00 1692792688.27
3.28 3.79 88.00 1692792688.36
3.26 3.69 87.00 1692792688.46
3.17 3.91 86.00 1692792688.55
3.66 4.73 85.00 1692792688.64
5.07 5.78 85.00 1692792688.73
6.05 6.33 84.00 1692792688.83
5.97 6.17 84.00 1692792688.92
5.32 5.88 81.00 1692792689.01
5.35 6.08 80.00 1692792689.10
6.15 6.84 80.00 1692792689.20
7.39 7.91 80.00 1692792689.29
8.54 8.58 79.00 1692792689.38
8.88 8.42 77.00 1692792689.48
9.23 8.03 76.00 1692792689.58
10.46 8.32 74.00 1692792689.68
12.10 9.16 73.00 1692792689.78
13.24 10.15 71.00 1692792689.88
13.86 10.95 70.00 1692792689.98
14.48 11.79 68.00 1692792690.08
14.56 12.37 65.00 1692792690.18
14.89 12.64 63.00 1692792690.28
16.27 13.52 62.00 1692792690.38
17.89 15.20 60.00 1692792690.48
18.84 17.18 58.00 1692792690.58
18.62 19.47 55.00 1692792690.68
18.97 20.37 53.00 1692792690.78
20.61 21.85 52.00 1692792690.88
21.38 22.59 50.00 1692792690.98
21.56 22.17 48.00 1692792691.08
23.05 22.62 45.00 1692792691.18
24.75 23.92 43.00 1692792691.28
25.24 24.71 41.00 1692792691.38
25.80 24.82 38.00 1692792691.48
27.26 25.62 35.00 1692792691.58
28.57 26.98 32.00 1692792691.68
29.59 28.20 30.00 1692792691.78
30.21 30.37 27.00 1692792691.88
30.81 30.69 24.00 1692792691.98
31.54 31.41 21.00 1692792692.08
32.40 32.21 18.00 1692792692.18
34.59 34.71 0.00 1692792692.63
34.83 35.16 0.00 1692792692.73
34.55 35.20 0.00 1692792692.83
33.81 34.87 0.00 1692792692.93
32.12 33.83 0.00 1692792693.03
30.33 32.70 0.00 1692792693.13
29.06 31.68 0.00 1692792693.23
27.92 30.74 0.00 1692792693.33
25.49 27.95 0.00 1692792693.43
20.56 23.33 0.00 1692792693.53
14.13 17.55 0.00 1692792693.63
9.39 8.30 0.00 1692792693.73
7.33 6.08 0.00 1692792694.14
6.30 7.31 0.00 1692792694.24
6.59 8.50 0.00 1692792694.33
7.24 10.02 0.00 1692792694.42
8.00 11.24 0.00 1692792694.51
8.80 11.80 0.00 1692792694.61
9.40 10.33 0.00 1692792694.70
8.17 7.45 0.00 1692792694.79
5.64 2.20 0.00 1692792695.20
2.47 2.08 0.00 1692792695.30
0.13 0.53 0.00 1692792695.68
0.06 0.61 0.00 1692792695.78
0.06 0.73 0.00 1692792695.88
0.08 0.89 0.00 1692792695.98
0.09 1.01 0.00 1692792696.08
0.05 0.85 0.00 1692792696.18
0.04 0.62 0.00 1692792696.28
0.04 0.58 0.00 1692792696.38
0.04 0.65 0.00 1692792696.48
0.03 0.84 0.00 1692792696.58
0.01 1.06 0.00 1692792696.68
