1.12 1.65 95.00 1692793414.04
1.25 1.49 95.00 1692793414.08
1.25 1.56 95.00 1692793414.52
1.14 1.49 95.00 1692793414.62
0.68 1.22 95.00 1692793414.72
0.34 0.74 95.00 1692793414.82
0.20 0.41 95.00 1692793414.92
0.11 0.19 95.00 1692793415.02
0.10 0.13 95.00 1692793415.12
0.11 0.13 95.00 1692793415.22
0.11 0.13 95.00 1692793415.32
0.11 0.13 95.00 1692793415.42
0.12 0.13 95.00 1692793415.52
0.12 0.13 95.00 1692793415.62
0.12 0.13 95.00 1692793415.72
0.13 0.13 95.00 1692793415.82
0.21 0.13 95.00 1692793415.92
0.34 0.13 95.00 1692793416.02
0.41 0.13 95.00 1692793416.12
0.57 0.13 95.00 1692793416.22
1.08 0.24 95.00 1692793416.32
1.59 0.52 95.00 1692793416.42
1.84 0.70 95.00 1692793416.52
2.02 0.92 95.00 1692793416.62
1.99 1.22 95.00 1692793416.72
1.92 1.50 95.00 1692793416.83
1.96 1.61 95.00 1692793416.93
2.00 1.68 95.00 1692793417.03
1.91 1.62 95.00 1692793417.13
1.80 1.60 95.00 1692793417.23
1.72 1.55 95.00 1692793417.33
1.74 1.51 95.00 1692793417.43
1.75 1.48 95.00 1692793417.53
1.75 1.45 95.00 1692793417.63
1.61 1.33 95.00 1692793417.73
1.51 1.19 95.00 1692793417.83
1.51 1.26 95.00 1692793417.93
1.48 1.45 95.00 1692793418.03
1.37 1.36 95.00 1692793418.13
1.36 1.32 95.00 1692793418.23
1.48 1.45 95.00 1692793418.33
1.59 1.59 95.00 1692793418.43
1.54 1.56 95.00 1692793418.53
1.38 1.41 95.00 1692793418.63
1.32 1.27 95.00 1692793418.73
1.51 1.33 95.00 1692793418.83
1.70 1.53 95.00 1692793418.93
1.74 1.70 95.00 1692793419.03
1.77 1.85 95.00 1692793419.13
1.77 2.38 95.00 1692793419.23
1.73 2.41 95.00 1692793419.33
1.81 2.42 95.00 1692793419.43
1.98 2.46 95.00 1692793419.53
2.14 2.54 95.00 1692793419.63
2.19 2.55 95.00 1692793419.73
2.25 2.36 95.00 1692793419.83
2.36 2.17 95.00 1692793419.93
2.46 2.13 95.00 1692793420.03
2.46 2.31 95.00 1692793420.13
2.38 2.41 95.00 1692793420.23
2.28 2.43 95.00 1692793420.33
2.10 2.28 95.00 1692793420.43
2.00 2.16 95.00 1692793420.53
1.88 1.83 95.00 1692793420.63
1.81 1.49 95.00 1692793420.73
1.81 1.25 95.00 1692793420.83
1.86 1.09 95.00 1692793420.93
1.96 1.05 95.00 1692793421.04
2.07 1.09 95.00 1692793421.14
2.15 1.22 95.00 1692793421.24
2.08 1.35 95.00 1692793421.34
1.73 1.22 95.00 1692793421.44
1.26 0.85 95.00 1692793421.54
0.94 0.29 95.00 1692793421.64
0.79 0.25 95.00 1692793421.74
0.79 0.28 95.00 1692793421.84
0.87 0.34 95.00 1692793421.94
1.12 0.45 95.00 1692793422.04
1.27 0.43 95.00 1692793422.14
1.42 0.32 95.00 1692793422.24
1.93 0.49 94.00 1692793422.34
2.63 0.82 94.00 1692793422.44
3.42 1.33 94.00 1692793422.54
4.27 2.45 92.00 1692793422.64
4.99 4.10 88.00 1692793422.74
5.92 7.70 86.00 1692793422.84
7.67 10.63 84.00 1692793422.94
9.08 12.50 81.00 1692793423.04
9.89 13.61 80.00 1692793423.14
10.36 14.65 78.00 1692793423.24
10.94 16.07 77.00 1692793423.34
11.57 17.21 75.00 1692793423.44
12.53 17.93 74.00 1692793423.54
13.86 19.09 72.00 1692793423.64
15.11 20.23 71.00 1692793423.74
16.43 21.31 71.00 1692793423.84
17.22 22.27 70.00 1692793423.94
17.17 23.07 68.00 1692793424.04
17.16 24.13 68.00 1692793424.14
17.98 25.12 68.00 1692793424.24
19.34 25.43 67.00 1692793424.34
21.02 25.86 67.00 1692793424.44
22.65 30.04 64.00 1692793424.85
25.37 31.16 65.00 1692793424.95
27.29 31.43 64.00 1692793425.04
28.78 31.25 65.00 1692793425.13
29.69 30.97 65.00 1692793425.22
30.29 29.72 65.00 1692793425.32
29.24 25.80 65.00 1692793425.41
25.17 21.96 64.00 1692793425.50
21.76 20.74 64.00 1692793425.59
20.25 20.46 64.00 1692793425.69
18.90 19.45 65.00 1692793425.78
17.30 17.46 65.00 1692793425.87
15.46 15.45 65.00 1692793425.96
14.91 14.16 65.00 1692793426.06
14.93 12.96 65.00 1692793426.15
14.16 11.33 65.00 1692793426.25
13.10 9.52 65.00 1692793426.35
12.92 8.53 65.00 1692793426.45
13.09 7.99 65.00 1692793426.55
12.56 6.91 65.00 1692793426.65
11.72 5.17 65.00 1692793426.75
10.96 3.03 65.00 1692793426.85
10.29 1.45 65.00 1692793426.95
9.73 0.52 65.00 1692793427.05
8.97 0.18 65.00 1692793427.15
8.03 0.43 65.00 1692793427.25
6.85 1.70 65.00 1692793427.35
5.61 2.80 65.00 1692793427.45
4.74 2.96 65.00 1692793427.55
3.40 2.78 65.00 1692793427.65
2.18 2.57 65.00 1692793427.75
1.29 2.48 65.00 1692793427.85
0.63 2.37 65.00 1692793427.95
0.27 2.24 65.00 1692793428.05
0.12 2.16 65.00 1692793428.15
0.10 2.13 65.00 1692793428.25
0.10 2.08 65.00 1692793428.35
0.09 1.99 65.00 1692793428.45
0.09 1.92 65.00 1692793428.55
0.09 1.96 65.00 1692793428.65
0.08 1.87 65.00 1692793428.75
0.08 1.77 65.00 1692793428.85
0.08 1.92 65.00 1692793428.95
0.08 2.14 65.00 1692793429.05
0.08 2.07 65.00 1692793429.15
0.09 1.95 65.00 1692793429.25
0.09 2.06 65.00 1692793429.35
0.09 2.22 65.00 1692793429.45
0.09 2.33 65.00 1692793429.55
0.09 2.28 65.00 1692793429.65
0.09 2.29 65.00 1692793429.75
0.09 2.58 65.00 1692793429.86
0.10 2.71 65.00 1692793429.96
0.10 2.87 65.00 1692793430.06
0.10 3.12 65.00 1692793430.16
0.09 3.36 65.00 1692793430.26
0.09 3.49 65.00 1692793430.36
0.09 3.51 65.00 1692793430.46
0.09 3.45 65.00 1692793430.56
0.09 3.42 65.00 1692793430.66
0.09 3.60 65.00 1692793430.76
0.09 3.81 65.00 1692793430.86
0.10 3.98 65.00 1692793430.96
0.10 4.45 65.00 1692793431.06
0.10 4.70 65.00 1692793431.16
0.13 4.78 65.00 1692793431.26
0.21 4.59 65.00 1692793431.36
0.34 4.35 65.00 1692793431.46
0.47 4.17 65.00 1692793431.56
0.67 4.09 65.00 1692793431.66
1.01 3.91 65.00 1692793431.76
1.27 3.57 65.00 1692793431.86
1.36 3.13 65.00 1692793431.96
1.54 2.54 65.00 1692793432.06
1.83 2.01 65.00 1692793432.16
2.13 2.19 65.00 1692793432.26
2.16 2.30 65.00 1692793432.36
2.36 1.89 65.00 1692793432.46
2.68 1.34 65.00 1692793432.56
3.05 0.95 65.00 1692793432.66
3.42 0.68 65.00 1692793432.76
3.59 0.36 65.00 1692793432.86
4.00 0.17 65.00 1692793432.96
5.01 0.24 65.00 1692793433.06
5.85 0.48 65.00 1692793433.16
6.03 0.51 65.00 1692793433.26
5.65 0.37 65.00 1692793433.36
5.47 0.15 65.00 1692793433.46
5.71 0.15 65.00 1692793433.56
5.88 0.14 65.00 1692793433.66
5.87 0.15 65.00 1692793433.76
5.97 0.18 65.00 1692793433.86
5.86 0.18 65.00 1692793433.96
5.69 0.16 65.00 1692793434.06
5.52 0.15 65.00 1692793434.16
5.44 0.14 65.00 1692793434.26
5.33 0.13 65.00 1692793434.37
4.54 0.13 65.00 1692793434.47
3.53 0.12 65.00 1692793434.57
3.18 0.12 65.00 1692793434.67
3.07 0.12 65.00 1692793434.77
2.66 0.12 65.00 1692793434.87
2.13 0.12 65.00 1692793434.97
1.92 0.12 65.00 1692793435.07
1.97 0.12 65.00 1692793435.17
2.20 0.12 65.00 1692793435.27
2.53 0.12 65.00 1692793435.37
2.45 0.12 65.00 1692793435.47
2.38 0.12 65.00 1692793435.57
2.45 0.12 65.00 1692793435.67
2.49 0.12 65.00 1692793435.77
2.57 0.12 65.00 1692793435.87
2.73 0.12 65.00 1692793435.97
2.82 0.12 65.00 1692793436.07
2.91 0.12 65.00 1692793436.17
3.18 0.12 65.00 1692793436.27
3.48 0.13 65.00 1692793436.37
3.67 0.13 65.00 1692793436.47
3.80 0.13 65.00 1692793436.57
3.78 0.12 65.00 1692793436.67
3.41 0.12 65.00 1692793436.77
3.14 0.12 65.00 1692793436.87
3.19 0.12 65.00 1692793436.97
3.40 0.13 65.00 1692793437.07
3.57 0.13 65.00 1692793437.17
3.75 0.13 65.00 1692793437.27
3.98 0.13 65.00 1692793437.37
4.12 0.13 65.00 1692793437.47
4.22 0.13 65.00 1692793437.57
4.32 0.12 65.00 1692793437.67
4.35 0.12 65.00 1692793437.77
4.51 0.12 65.00 1692793437.87
4.66 0.12 65.00 1692793437.97
4.83 0.12 65.00 1692793438.07
4.71 0.12 65.00 1692793438.17
4.49 0.14 65.00 1692793438.27
4.51 0.14 65.00 1692793438.37
4.18 0.20 65.00 1692793438.47
3.70 0.46 65.00 1692793438.57
2.99 0.92 65.00 1692793438.67
2.26 0.96 65.00 1692793438.78
2.06 1.06 65.00 1692793438.88
2.24 1.35 65.00 1692793438.98
1.95 1.18 65.00 1692793439.08
1.27 1.12 65.00 1692793439.18
0.78 0.98 65.00 1692793439.28
1.51 0.85 65.00 1692793439.38
2.40 1.37 65.00 1692793439.48
3.04 1.41 65.00 1692793439.58
3.38 1.16 65.00 1692793439.68
3.48 0.90 65.00 1692793439.78
3.79 0.65 65.00 1692793439.88
4.17 0.40 65.00 1692793439.98
4.56 0.25 65.00 1692793440.08
5.23 0.40 65.00 1692793440.18
5.66 1.06 65.00 1692793440.28
5.57 1.28 65.00 1692793440.38
5.37 0.84 65.00 1692793440.48
4.65 0.70 65.00 1692793440.58
3.38 0.94 65.00 1692793440.68
2.79 1.06 65.00 1692793440.78
2.87 1.09 65.00 1692793440.88
3.09 1.17 65.00 1692793440.98
3.21 1.24 65.00 1692793441.08
3.22 1.20 65.00 1692793441.18
3.03 1.01 65.00 1692793441.28
3.03 0.82 65.00 1692793441.38
3.34 0.76 65.00 1692793441.48
3.77 0.87 65.00 1692793441.58
4.07 1.08 65.00 1692793441.68
4.22 1.31 65.00 1692793441.78
4.39 2.06 65.00 1692793441.88
4.83 2.76 65.00 1692793441.98
5.39 3.51 65.00 1692793442.08
5.95 4.52 65.00 1692793442.18
6.30 9.16 65.00 1692793442.59
7.73 9.96 65.00 1692793442.69
8.17 9.98 65.00 1692793442.78
7.81 9.98 65.00 1692793442.87
7.36 10.53 65.00 1692793442.96
7.45 11.23 65.00 1692793443.06
7.84 11.75 65.00 1692793443.15
8.28 12.07 65.00 1692793443.24
8.59 12.45 65.00 1692793443.34
8.70 13.24 65.00 1692793443.43
9.14 14.35 65.00 1692793443.52
10.09 15.05 65.00 1692793443.61
10.49 14.88 65.00 1692793443.71
10.27 14.37 65.00 1692793443.80
9.96 14.40 65.00 1692793443.89
9.95 15.00 65.00 1692793443.99
10.26 15.68 65.00 1692793444.09
11.08 16.45 65.00 1692793444.19
11.72 16.94 65.00 1692793444.29
11.78 17.03 65.00 1692793444.39
11.60 16.82 65.00 1692793444.49
11.20 16.11 65.00 1692793444.59
10.87 15.35 65.00 1692793444.69
10.99 14.96 65.00 1692793444.79
11.43 15.04 65.00 1692793444.89
12.33 15.28 65.00 1692793444.99
13.49 16.09 65.00 1692793445.09
13.41 16.63 65.00 1692793445.19
12.75 15.84 65.00 1692793445.29
12.68 15.71 65.00 1692793445.39
12.70 15.77 65.00 1692793445.49
12.86 15.76 65.00 1692793445.59
12.93 15.70 65.00 1692793445.69
12.95 15.53 65.00 1692793445.79
13.22 15.66 65.00 1692793445.89
13.40 15.70 65.00 1692793445.99
13.53 15.56 65.00 1692793446.09
24.57 15.52 65.00 1692793446.19
14.76 16.36 65.00 1692793446.64
14.72 16.35 65.00 1692793446.74
14.43 16.23 65.00 1692793446.84
14.42 16.10 65.00 1692793446.94
14.65 16.16 65.00 1692793447.04
14.77 16.04 65.00 1692793447.14
14.83 15.88 65.00 1692793447.24
14.79 15.68 65.00 1692793447.34
14.97 15.65 65.00 1692793447.44
15.49 15.96 65.00 1692793447.54
15.04 15.55 65.00 1692793447.64
14.42 14.83 65.00 1692793447.74
14.22 14.61 65.00 1692793447.84
14.41 14.72 65.00 1692793447.94
14.82 15.33 65.00 1692793448.04
14.70 15.55 65.00 1692793448.14
14.56 14.76 65.00 1692793448.24
14.47 14.62 65.00 1692793448.34
14.41 14.46 65.00 1692793448.44
14.11 14.20 65.00 1692793448.54
13.73 13.83 65.00 1692793448.64
13.40 13.46 65.00 1692793448.74
13.44 13.64 65.00 1692793448.84
13.30 13.98 65.00 1692793448.94
12.89 13.68 65.00 1692793449.04
12.57 13.20 65.00 1692793449.14
12.73 13.00 65.00 1692793449.24
13.23 13.18 65.00 1692793449.35
13.73 13.62 65.00 1692793449.44
13.96 13.55 65.00 1692793449.54
14.01 13.28 65.00 1692793449.64
14.15 13.32 65.00 1692793449.75
14.35 13.34 65.00 1692793449.85
14.62 13.56 65.00 1692793449.95
14.75 13.56 65.00 1692793450.05
15.10 13.62 65.00 1692793450.15
15.44 14.12 65.00 1692793450.25
15.68 14.41 65.00 1692793450.35
16.88 15.35 65.00 1692793450.45
17.20 17.12 65.00 1692793450.55
16.21 16.04 65.00 1692793450.65
14.88 14.88 65.00 1692793450.75
14.36 14.74 65.00 1692793450.85
14.62 15.02 65.00 1692793450.95
14.94 15.62 65.00 1692793451.05
14.81 15.71 65.00 1692793451.15
14.66 15.32 65.00 1692793451.25
15.11 15.75 65.00 1692793451.35
15.73 16.75 65.00 1692793451.45
16.42 17.54 65.00 1692793451.55
18.15 18.64 65.00 1692793451.65
20.09 20.38 65.00 1692793451.75
21.08 22.34 65.00 1692793451.85
20.70 21.70 65.00 1692793451.95
18.92 19.95 65.00 1692793452.05
17.87 19.14 65.00 1692793452.15
17.85 19.22 65.00 1692793452.25
17.44 19.06 65.00 1692793452.35
16.97 18.56 65.00 1692793452.45
16.57 18.32 65.00 1692793452.55
16.12 17.74 65.00 1692793452.65
16.32 17.44 65.00 1692793452.75
17.48 17.96 65.00 1692793452.85
18.58 18.90 65.00 1692793452.95
20.04 21.12 65.00 1692793453.05
21.85 22.45 65.00 1692793453.15
22.38 22.79 65.00 1692793453.25
21.15 21.79 65.00 1692793453.35
20.25 20.65 65.00 1692793453.45
20.46 20.53 65.00 1692793453.55
20.20 20.67 65.00 1692793453.65
18.97 19.79 65.00 1692793453.75
17.41 18.17 65.00 1692793453.85
15.99 16.67 65.00 1692793453.95
14.62 15.04 65.00 1692793454.05
13.41 13.53 65.00 1692793454.15
12.18 11.34 65.00 1692793454.26
11.10 10.09 65.00 1692793454.36
10.81 9.37 65.00 1692793454.46
10.44 8.79 65.00 1692793454.56
9.52 8.02 65.00 1692793454.66
8.15 6.85 65.00 1692793454.76
7.10 5.83 65.00 1692793454.86
6.87 5.34 65.00 1692793454.96
7.51 5.13 65.00 1692793455.06
8.46 5.25 65.00 1692793455.16
9.22 5.34 65.00 1692793455.26
9.18 4.83 65.00 1692793455.36
8.64 2.42 65.00 1692793455.46
7.69 1.26 65.00 1692793455.56
6.84 0.73 65.00 1692793455.66
6.34 0.75 65.00 1692793455.76
6.13 1.05 65.00 1692793455.86
6.15 1.43 65.00 1692793455.96
6.32 1.83 65.00 1692793456.06
6.25 2.02 65.00 1692793456.16
5.76 1.89 65.00 1692793456.26
5.05 1.75 65.00 1692793456.36
4.51 1.64 65.00 1692793456.46
4.37 1.65 65.00 1692793456.56
4.41 1.82 65.00 1692793456.66
4.67 2.05 65.00 1692793456.76
5.13 2.56 65.00 1692793456.86
5.35 2.82 65.00 1692793456.96
5.01 2.62 65.00 1692793457.06
4.37 2.29 65.00 1692793457.16
4.05 2.17 65.00 1692793457.26
4.14 2.24 65.00 1692793457.36
4.46 2.48 65.00 1692793457.46
4.82 2.96 65.00 1692793457.56
4.97 24.02 65.00 1692793457.66
4.86 2.60 65.00 1692793458.07
4.01 2.66 65.00 1692793458.17
4.11 2.74 65.00 1692793458.26
4.26 2.91 65.00 1692793458.35
4.44 2.94 65.00 1692793458.44
4.57 2.76 68.00 1692793458.54
4.50 2.56 79.00 1692793458.63
4.23 2.47 91.00 1692793458.72
4.00 2.45 96.00 1692793458.81
3.89 2.42 96.00 1692793458.91
3.91 2.40 96.00 1692793459.00
3.88 2.33 96.00 1692793459.09
3.78 2.23 96.00 1692793459.18
3.65 2.17 96.00 1692793459.28
3.63 2.16 96.00 1692793459.37
3.74 2.17 96.00 1692793459.47
3.86 2.25 96.00 1692793459.57
3.87 2.21 96.00 1692793459.67
3.77 2.01 96.00 1692793459.77
3.48 1.70 96.00 1692793459.87
3.24 1.47 96.00 1692793459.97
3.24 1.44 96.00 1692793460.07
3.27 1.51 96.00 1692793460.17
3.31 1.56 96.00 1692793460.27
3.59 1.73 96.00 1692793460.37
3.99 2.10 96.00 1692793460.47
4.25 2.47 96.00 1692793460.57
4.31 2.86 96.00 1692793460.67
4.30 3.16 96.00 1692793460.77
4.30 3.63 96.00 1692793460.87
4.22 4.18 96.00 1692793460.97
4.09 4.57 96.00 1692793461.07
3.78 4.36 96.00 1692793461.17
3.37 3.90 96.00 1692793461.27
3.11 3.57 96.00 1692793461.37
2.87 3.50 96.00 1692793461.47
2.94 3.49 96.00 1692793461.57
3.41 3.55 96.00 1692793461.67
4.00 3.55 96.00 1692793461.77
4.19 2.89 96.00 1692793461.87
3.92 2.64 96.00 1692793461.97
3.65 2.65 96.00 1692793462.07
3.43 2.73 96.00 1692793462.17
3.37 2.84 96.00 1692793462.27
3.46 2.94 96.00 1692793462.37
3.59 3.02 96.00 1692793462.47
3.66 3.07 96.00 1692793462.57
3.55 3.09 96.00 1692793462.67
3.31 3.02 96.00 1692793462.77
3.12 2.96 96.00 1692793462.88
2.97 2.93 96.00 1692793462.98
3.07 3.08 96.00 1692793463.08
3.27 3.25 96.00 1692793463.18
3.45 3.40 96.00 1692793463.28
3.55 3.46 95.00 1692793463.38
3.63 3.51 95.00 1692793463.48
3.81 3.74 95.00 1692793463.58
4.11 4.27 95.00 1692793463.68
4.47 4.94 94.00 1692793463.78
5.17 5.83 92.00 1692793463.88
6.13 7.31 90.00 1692793463.98
7.09 8.60 89.00 1692793464.08
8.58 9.61 87.00 1692793464.18
10.39 12.73 86.00 1692793464.28
11.36 13.56 85.00 1692793464.38
11.76 14.12 83.00 1692793464.48
12.54 15.34 81.00 1692793464.58
13.74 17.12 81.00 1692793464.68
14.86 18.74 81.00 1692793464.78
15.28 19.51 81.00 1692793464.88
15.77 19.91 81.00 1692793464.98
16.22 20.53 81.00 1692793465.08
16.67 21.07 81.00 1692793465.18
17.39 21.41 81.00 1692793465.28
18.01 21.84 80.00 1692793465.38
18.38 23.63 80.00 1692793465.48
19.06 24.97 79.00 1692793465.58
20.56 26.72 78.00 1692793465.68
22.48 28.26 77.00 1692793465.78
23.79 28.86 76.00 1692793465.88
24.63 28.57 74.00 1692793465.98
25.40 28.46 73.00 1692793466.08
26.73 29.02 72.00 1692793466.18
28.58 29.91 71.00 1692793466.28
29.97 30.68 69.00 1692793466.38
30.35 31.17 67.00 1692793466.48
31.02 31.48 64.00 1692793466.58
31.48 32.21 62.00 1692793466.68
32.02 32.49 60.00 1692793466.78
32.60 32.68 56.00 1692793466.88
33.11 33.09 53.00 1692793466.98
32.47 33.07 51.00 1692793467.08
30.48 32.01 49.00 1692793467.18
28.14 30.76 46.00 1692793467.29
26.56 29.90 45.00 1692793467.39
25.70 28.86 44.00 1692793467.49
24.55 27.86 43.00 1692793467.59
22.74 26.56 42.00 1692793467.69
20.90 24.86 41.00 1692793467.79
19.91 22.99 40.00 1692793467.89
19.47 22.59 40.00 1692793467.99
18.38 21.66 40.00 1692793468.09
16.83 19.90 40.00 1692793468.19
15.40 17.88 40.00 1692793468.29
14.38 16.45 40.00 1692793468.39
13.81 15.34 40.00 1692793468.49
13.49 14.50 39.00 1692793468.59
13.04 13.70 40.00 1692793468.69
12.67 12.40 39.00 1692793468.79
12.58 11.37 40.00 1692793468.89
12.76 10.70 39.00 1692793468.99
12.96 10.08 39.00 1692793469.09
12.08 9.01 39.00 1692793469.19
10.32 7.36 39.00 1692793469.29
8.83 5.93 39.00 1692793469.39
8.13 5.01 40.00 1692793469.49
7.75 4.57 39.00 1692793469.59
7.52 4.36 40.00 1692793469.69
6.81 3.99 39.00 1692793469.79
6.07 3.23 40.00 1692793469.89
5.59 2.63 40.00 1692793469.99
5.16 2.25 40.00 1692793470.09
5.06 2.11 39.00 1692793470.19
5.34 2.53 39.00 1692793470.29
5.72 2.30 40.00 1692793470.39
5.64 1.81 39.00 1692793470.49
5.03 1.31 39.00 1692793470.59
4.22 1.01 39.00 1692793470.69
3.60 0.92 43.00 1692793470.79
3.27 0.94 67.00 1692793470.89
3.40 1.30 96.00 1692793470.99
3.75 1.94 96.00 1692793471.09
3.92 2.61 96.00 1692793471.19
3.63 3.11 95.00 1692793471.29
3.10 3.18 95.00 1692793471.39
2.61 2.73 95.00 1692793471.49
2.24 2.65 95.00 1692793471.59
1.99 2.63 95.00 1692793471.70
1.75 2.60 95.00 1692793471.80
1.57 2.47 95.00 1692793471.90
1.56 2.47 95.00 1692793472.00
1.74 2.71 95.00 1692793472.10
1.95 3.06 95.00 1692793472.20
1.90 3.29 95.00 1692793472.30
1.65 3.21 95.00 1692793472.40
1.53 3.10 95.00 1692793472.50
1.54 3.27 95.00 1692793472.60
1.60 3.87 95.00 1692793472.70
