0.01 0.08 96.00  0.04
0.01 0.08 96.00  0.05
0.01 0.08 96.00  0.10
0.01 0.08 96.00  0.10
0.01 0.08 96.00  0.10
0.01 0.08 96.00  0.10
0.01 0.08 96.00  0.10
0.01 0.08 96.00  0.10
0.01 0.08 96.00  0.10
0.01 0.08 96.00  0.10
0.01 0.08 96.00  0.45
0.01 0.08 96.00  0.10
0.01 0.08 96.00  0.10
0.01 0.08 96.00  0.10
0.01 0.08 96.00  0.10
0.02 0.08 96.00  0.10
0.02 0.08 96.00  0.10
0.03 0.08 96.00  0.10
0.06 0.17 95.00  0.10
0.29 1.33 95.00  0.10
0.93 2.82 95.00  0.10
1.43 2.98 95.00  0.10
1.65 2.89 95.00  0.10
1.81 2.99 95.00  0.10
1.98 3.38 95.00  0.10
2.18 4.05 95.00  0.10
2.35 4.19 95.00  0.10
2.46 4.25 95.00  0.10
2.42 4.25 95.00  0.10
2.19 4.08 95.00  0.10
1.96 3.61 95.00  0.10
1.81 3.11 95.00  0.10
1.75 2.72 95.00  0.10
1.77 2.60 95.00  0.10
1.57 2.71 95.00  0.10
1.40 2.78 95.00  0.10
1.22 2.73 95.00  0.10
1.14 2.29 95.00  0.10
1.36 2.42 95.00  0.10
1.17 2.07 95.00  0.10
0.74 1.35 95.00  0.10
0.68 1.12 95.00  0.10
1.18 1.78 95.00  0.10
1.74 2.58 95.00  0.10
2.18 3.04 95.00  0.10
2.48 3.52 95.00  0.10
2.46 3.94 95.00  0.10
2.20 4.18 95.00  0.10
1.96 4.19 95.00  0.10
1.82 4.11 95.00  0.10
1.86 3.90 95.00  0.10
1.95 3.59 95.00  0.10
1.98 3.25 95.00  0.10
1.90 2.92 95.00  0.10
1.74 2.82 95.00  0.10
1.42 2.75 95.00  0.10
1.24 2.76 95.00  0.10
1.31 3.21 95.00  0.10
1.42 3.79 95.00  0.10
1.48 4.09 95.00  0.10
1.53 4.16 95.00  0.10
1.51 4.37 95.00  0.10
1.47 4.55 95.00  0.10
1.49 4.72 95.00  0.10
1.53 4.95 95.00  0.10
1.65 5.49 94.00  0.10
1.90 6.39 93.00  0.10
2.12 7.09 92.00  0.10
2.30 7.42 91.00  0.10
2.60 7.80 89.00  0.10
3.13 8.61 89.00  0.10
3.81 9.87 88.00  0.10
4.39 10.95 87.00  0.10
5.26 12.06 86.00  0.10
6.08 12.77 84.00  0.10
6.40 12.87 82.00  0.10
6.80 13.10 81.00  0.10
7.53 13.94 80.00  0.10
7.92 14.70 80.00  0.10
8.20 15.18 78.00  0.10
9.18 15.98 77.00  0.10
10.43 17.17 77.00  0.10
11.16 18.23 75.00  0.10
11.20 18.34 74.00  0.10
11.37 18.21 74.00  0.10
11.48 19.00 73.00  0.10
12.06 19.69 72.00  0.10
12.75 20.44 72.00  0.10
12.89 20.69 71.00  0.10
12.88 20.47 70.00  0.10
13.21 20.60 70.00  0.10
13.77 21.10 69.00  0.10
14.37 21.78 68.00  0.10
14.90 22.52 68.00  0.10
15.15 23.29 68.00  0.10
14.94 24.01 67.00  0.10
15.77 24.71 66.00  0.10
16.59 26.08 65.00  0.10
17.01 26.18 65.00  0.10
16.68 25.32 63.00  0.10
15.79 24.21 62.00  0.10
15.73 23.95 62.00  0.10
17.17 24.81 61.00  0.10
18.65 25.87 60.00  0.10
19.71 26.62 59.00  0.10
20.35 26.93 59.00  0.10
20.52 26.95 57.00  0.10
20.88 26.89 57.00  0.10
21.47 27.18 56.00  0.10
22.32 27.94 54.00  0.10
22.96 28.10 53.00  0.10
23.56 28.28 53.00  0.10
24.13 28.48 51.00  0.10
24.43 28.37 51.00  0.10
24.81 28.20 50.00  0.10
25.38 28.47 49.00  0.10
26.10 29.09 47.00  0.10
26.68 29.88 45.00  0.10
26.78 30.36 43.00  0.10
26.48 30.65 41.00  0.10
26.60 31.02 38.00  0.10
26.80 31.98 36.00  0.10
26.77 32.13 32.00  0.10
26.34 32.12 29.00  0.10
25.50 32.11 25.00  0.10
23.72 31.35 19.00  0.10
21.22 30.12 11.00  0.10
18.15 28.75 9.00  0.10
12.67 23.03 9.00  0.10
7.78 15.10 9.00  0.10
5.16 9.63 9.00  0.10
3.97 6.52 9.00  0.10
3.45 5.37 9.00  0.10
3.18 4.42 9.00  0.10
2.95 4.11 9.00  0.10
2.82 3.70 9.00  0.10
3.01 3.33 9.00  0.10
2.93 2.90 9.00  0.10
2.90 2.66 9.00  0.10
3.11 2.72 9.00  0.10
3.45 2.73 9.00  0.10
3.76 2.90 9.00  0.10
4.05 3.18 9.00  0.10
4.51 3.40 9.00  0.10
4.93 3.54 9.00  0.10
4.78 3.26 9.00  0.10
4.41 3.43 9.00  0.10
4.38 3.91 9.00  0.10
5.14 5.08 9.00  0.10
6.28 7.88 9.00  0.10
6.74 10.72 9.00  0.10
6.75 10.74 9.00  0.10
5.43 8.55 9.00  0.10
3.82 5.98 9.00  0.10
2.88 4.92 9.00  0.10
2.65 4.62 9.00  0.10
2.88 4.72 9.00  0.10
2.93 5.29 9.00  0.10
2.73 5.07 9.00  0.10
2.37 4.65 15.00  0.10
2.04 4.43 47.00  0.10
2.17 4.66 69.00  0.10
2.53 5.17 83.00  0.10
2.56 6.01 96.00  0.10
2.02 5.82 96.00  0.10
1.48 4.56 96.00  0.10
1.09 3.35 96.00  0.10
1.23 2.77 92.00  0.10
2.01 3.03 92.00  0.10
2.55 4.65 92.00  0.10
2.47 4.04 92.00  0.10
2.31 3.32 92.00  0.10
2.19 3.11 92.00  0.10
1.73 2.80 92.00  0.10
1.50 2.33 92.00  0.10
1.51 1.73 92.00  0.10
1.63 1.16 92.00  0.10
2.03 1.40 92.00  0.10
2.24 2.36 92.00  0.10
2.11 3.18 92.00  0.10
1.32 2.87 92.00  0.10
0.50 0.37 92.00  0.10
0.12 0.11 92.00  0.10
0.13 0.08 92.00  0.10
0.46 0.08 92.00  0.10
0.69 0.08 92.00  0.10
0.69 0.08 92.00  0.10
0.83 0.10 92.00  0.10
0.86 0.34 92.00  0.10
0.89 1.13 92.00  0.10
1.03 1.85 92.00  0.10
1.55 2.03 92.00  0.10
1.98 2.29 92.00  0.10
1.95 2.31 92.00  0.10
1.93 2.46 92.00  0.10
1.99 2.80 92.00  0.10
1.75 2.77 92.00  0.10
1.48 2.46 92.00  0.10
1.70 2.65 92.00  0.10
2.33 3.85 92.00  0.10
2.69 4.74 92.00  0.10
3.40 5.35 89.00  0.10
4.72 7.06 88.00  0.10
5.85 9.37 88.00  0.10
6.69 10.93 87.00  0.10
7.50 12.24 87.00  0.10
8.03 12.24 86.00  0.10
7.66 11.31 84.00  0.10
7.45 10.97 84.00  0.10
7.92 11.85 83.00  0.10
8.57 12.63 82.00  0.10
9.09 12.91 81.00  0.10
9.47 13.04 81.00  0.10
10.02 13.42 80.00  0.10
10.77 14.36 80.00  0.10
11.47 15.35 80.00  0.10
11.69 15.83 78.00  0.10
11.78 16.62 77.00  0.10
12.44 17.54 76.00  0.10
13.22 19.24 76.00  0.10
13.71 20.60 75.00  0.10
13.38 20.43 74.00  0.10
13.42 19.92 74.00  0.10
14.78 20.93 74.00  0.10
15.08 21.89 74.00  0.10
14.51 21.06 73.00  0.10
14.94 20.73 72.00  0.10
15.49 21.21 72.00  0.10
15.46 21.64 72.00  0.10
14.94 21.06 71.00  0.10
14.70 21.01 70.00  0.10
15.41 21.71 70.00  0.10
16.42 22.62 69.00  0.10
17.62 23.58 68.00  0.10
18.24 24.17 68.00  0.10
18.08 24.29 67.00  0.10
18.17 24.40 65.00  0.10
18.42 0.27 65.00  0.10
18.87 25.85 62.00  0.41
19.56 26.29 62.00  0.09
20.14 26.11 62.00  0.09
20.47 25.88 61.00  0.09
20.76 25.77 60.00  0.09
21.06 26.00 59.00  0.09
21.45 26.61 58.00  0.09
22.07 26.90 58.00  0.09
22.25 27.25 56.00  0.09
22.93 27.86 55.00  0.09
24.07 28.48 54.00  0.09
25.32 29.27 54.00  0.09
26.38 29.67 54.00  0.09
26.59 29.53 54.00  0.09
24.93 28.90 53.00  0.09
22.88 28.32 51.00  0.10
23.46 28.51 51.00  0.10
24.65 29.16 50.00  0.10
26.02 29.95 48.00  0.10
27.49 30.75 46.00  0.10
28.61 31.31 45.00  0.10
28.93 31.62 44.00  0.10
28.84 31.74 42.00  0.10
28.90 31.76 40.00  0.10
28.89 31.65 37.00  0.10
28.87 31.54 34.00  0.10
28.74 31.67 31.00  0.10
26.91 30.66 26.00  0.10
22.92 28.40 19.00  0.10
18.95 25.93 9.00  0.10
14.71 22.47 6.00  0.10
9.53 15.94 5.00  0.10
6.08 10.64 5.00  0.10
4.08 7.66 5.00  0.10
2.96 5.85 5.00  0.10
2.54 5.05 5.00  0.10
2.41 4.77 5.00  0.10
2.50 4.64 5.00  0.10
2.43 4.25 5.00  0.10
2.47 3.64 5.00  0.10
2.42 4.06 5.00  0.10
2.94 4.73 5.00  0.10
3.59 4.96 5.00  0.10
4.03 4.85 5.00  0.10
4.20 4.79 5.00  0.10
4.12 4.80 5.00  0.10
3.97 5.01 5.00  0.10
3.99 5.40 5.00  0.10
4.39 6.04 5.00  0.10
5.10 7.45 5.00  0.10
5.35 8.95 5.00  0.10
5.34 6.32 5.00  0.10
4.50 4.54 5.00  0.10
3.34 3.23 5.00  0.10
3.26 3.20 5.00  0.10
3.66 3.52 5.00  0.10
3.90 3.61 5.00  0.10
3.75 3.37 5.00  0.10
3.40 2.97 5.00  0.10
2.86 2.55 5.00  0.10
2.46 1.95 5.00  0.10
2.27 1.61 5.00  0.10
1.79 1.39 5.00  0.10
1.25 0.24 5.00  0.10
1.45 0.32 5.00  0.10
1.50 0.62 5.00  0.10
1.15 0.93 5.00  0.10
0.38 1.07 5.00  0.10
0.03 1.01 5.00  0.10
0.07 0.96 4.00  0.10
0.03 0.68 5.00  0.10
0.02 0.28 7.00  0.10
0.03 0.16 19.00  0.10
0.02 0.24 34.00  0.10
0.02 0.59 43.00  0.10
0.02 1.46 52.00  0.10
0.02 1.43 62.00  0.10
0.03 1.58 70.00  0.10
0.03 1.40 77.00  0.10
0.03 0.55 89.00  0.10
0.03 0.12 96.00  0.10
0.03 0.01 96.00  0.10
0.03 0.01 97.00  0.10
0.03 0.01 94.00  0.10
0.03 0.01 92.00  0.10
0.03 0.02 91.00  0.10
0.03 0.00 91.00  0.10
0.03 0.01 91.00  0.10
0.03 0.00 91.00  0.10
0.03 0.00 91.00  0.10
0.03 0.01 88.00  0.10
0.03 0.01 85.00  0.10
0.03 0.01 85.00  0.10
0.03 0.01 85.00  0.10
0.03 0.01 82.00  0.10
0.03 0.00 80.00  0.10
0.03 0.00 80.00  0.10
0.03 0.00 80.00  0.10
0.03 0.02 80.00  0.10