0.12 0.25 96.00 1692878987.84
0.12 0.25 96.00 1692878987.87
0.12 0.25 96.00 1692878987.95
0.13 0.25 96.00 1692878988.05
0.13 0.26 96.00 1692878988.15
0.13 0.26 96.00 1692878988.25
0.13 0.26 96.00 1692878988.35
0.13 0.26 96.00 1692878988.45
0.13 0.26 96.00 1692878988.55
0.13 0.28 96.00 1692878988.65
0.13 0.26 96.00 1692878989.07
0.13 0.25 96.00 1692878989.16
0.13 0.26 96.00 1692878989.25
0.13 0.36 96.00 1692878989.34
0.15 0.89 96.00 1692878989.44
0.32 1.23 96.00 1692878989.53
0.42 1.14 96.00 1692878989.62
0.43 1.04 96.00 1692878989.71
0.58 0.90 96.00 1692878989.81
0.77 0.76 96.00 1692878989.90
0.93 0.62 96.00 1692878989.99
0.98 0.50 96.00 1692878990.08
0.97 0.38 96.00 1692878990.18
0.97 0.29 96.00 1692878990.27
0.98 0.26 96.00 1692878990.36
0.96 0.25 96.00 1692878990.46
0.92 0.25 96.00 1692878990.56
0.97 0.26 96.00 1692878990.66
0.88 0.27 96.00 1692878990.76
0.63 0.31 96.00 1692878990.86
0.37 0.41 96.00 1692878990.96
0.21 0.47 96.00 1692878991.06
0.19 0.55 96.00 1692878991.16
0.27 0.69 96.00 1692878991.26
0.33 0.85 96.00 1692878991.36
0.26 1.03 96.00 1692878991.46
0.17 1.03 96.00 1692878991.56
0.14 0.47 96.00 1692878991.66
0.14 0.40 96.00 1692878991.76
0.17 0.55 96.00 1692878991.86
0.26 0.64 96.00 1692878991.96
0.39 0.76 96.00 1692878992.06
0.55 0.95 96.00 1692878992.16
0.85 1.28 96.00 1692878992.26
1.30 1.74 96.00 1692878992.36
1.55 2.07 96.00 1692878992.46
1.61 1.20 96.00 1692878992.88
0.89 0.95 96.00 1692878992.97
0.78 1.57 96.00 1692878993.35
1.70 3.01 96.00 1692878993.45
2.64 4.02 96.00 1692878993.55
3.08 4.42 96.00 1692878993.65
3.07 4.58 96.00 1692878993.75
2.57 4.24 96.00 1692878993.85
2.13 3.61 96.00 1692878993.95
2.21 3.30 96.00 1692878994.05
1.98 3.18 96.00 1692878994.15
1.12 2.49 96.00 1692878994.25
0.60 1.44 96.00 1692878994.35
0.61 1.06 96.00 1692878994.45
0.74 1.25 96.00 1692878994.55
0.99 1.57 95.00 1692878994.65
3.58 6.89 89.00 1692878995.10
4.17 8.42 88.00 1692878995.20
4.42 9.17 87.00 1692878995.30
4.54 9.33 86.00 1692878995.40
5.45 10.34 85.00 1692878995.50
6.58 12.04 85.00 1692878995.60
6.78 12.81 84.00 1692878995.70
6.55 12.69 82.00 1692878995.80
6.64 12.59 81.00 1692878995.90
6.96 13.08 81.00 1692878996.00
7.36 13.76 80.00 1692878996.10
7.74 14.30 80.00 1692878996.20
8.22 15.39 79.00 1692878996.30
8.88 16.35 77.00 1692878996.40
9.63 17.49 77.00 1692878996.50
10.38 18.30 77.00 1692878996.60
10.48 18.18 76.00 1692878996.71
10.62 17.93 75.00 1692878996.81
11.01 18.19 74.00 1692878996.91
11.21 18.55 73.00 1692878997.01
11.58 18.70 73.00 1692878997.11
12.49 19.24 73.00 1692878997.21
13.32 20.09 73.00 1692878997.31
13.77 20.65 72.00 1692878997.41
14.09 21.26 72.00 1692878997.51
14.21 21.49 71.00 1692878997.61
14.23 21.77 71.00 1692878997.71
14.58 22.41 71.00 1692878997.81
15.30 23.15 70.00 1692878997.91
15.82 23.55 70.00 1692878998.01
16.41 23.66 68.00 1692878998.11
17.12 24.00 69.00 1692878998.21
17.65 24.47 68.00 1692878998.31
17.91 24.45 68.00 1692878998.41
18.58 24.22 67.00 1692878998.51
19.02 24.72 67.00 1692878998.61
18.85 25.16 66.00 1692878998.71
18.86 25.65 66.00 1692878998.81
18.94 26.19 65.00 1692878998.91
19.03 26.95 64.00 1692878999.01
20.13 28.05 64.00 1692878999.11
21.07 28.93 63.00 1692878999.21
21.78 29.55 63.00 1692878999.31
22.01 29.69 63.00 1692878999.41
22.03 29.13 62.00 1692878999.51
21.91 28.70 62.00 1692878999.61
21.99 28.41 62.00 1692878999.71
22.23 28.43 62.00 1692878999.81
22.61 31.98 58.00 1692879000.23
24.62 32.01 58.00 1692879000.32
25.14 31.89 56.00 1692879000.41
25.52 32.47 55.00 1692879000.50
26.38 33.24 54.00 1692879000.60
27.42 33.78 53.00 1692879000.69
28.22 34.16 51.00 1692879000.78
28.72 34.41 51.00 1692879000.87
29.04 34.47 49.00 1692879000.97
29.56 34.55 48.00 1692879001.06
29.98 34.76 45.00 1692879001.15
30.30 34.84 44.00 1692879001.24
30.18 34.63 42.00 1692879001.34
29.76 34.27 40.00 1692879001.43
29.20 33.68 37.00 1692879001.52
28.52 33.47 32.00 1692879001.62
26.47 32.42 29.00 1692879001.72
20.12 26.53 29.00 1692879001.82
12.43 18.76 29.00 1692879001.92
8.11 14.18 29.00 1692879002.02
6.37 11.76 29.00 1692879002.12
5.85 10.63 29.00 1692879002.22
5.48 9.94 29.00 1692879002.32
5.34 9.41 29.00 1692879002.42
5.23 8.83 29.00 1692879002.52
5.00 8.05 29.00 1692879002.62
4.90 7.36 29.00 1692879002.72
4.85 6.53 29.00 1692879002.82
4.93 6.44 29.00 1692879002.92
4.90 6.39 29.00 1692879003.02
4.87 6.32 29.00 1692879003.12
5.00 6.50 29.00 1692879003.22
5.05 6.72 29.00 1692879003.32
5.05 6.64 29.00 1692879003.42
5.07 6.21 29.00 1692879003.52
5.30 5.72 28.00 1692879003.62
5.88 5.52 29.00 1692879003.72
6.68 5.65 29.00 1692879003.82
7.35 6.05 29.00 1692879003.92
7.75 6.48 29.00 1692879004.02
8.42 6.86 29.00 1692879004.12
9.52 6.98 29.00 1692879004.22
10.94 7.11 29.00 1692879004.32
12.44 7.98 29.00 1692879004.43
11.19 7.98 29.00 1692879004.53
8.44 6.67 29.00 1692879004.63
6.38 5.31 29.00 1692879004.73
5.31 4.35 29.00 1692879004.83
4.53 3.60 39.00 1692879004.93
3.88 2.95 68.00 1692879005.03
3.42 2.83 79.00 1692879005.13
2.77 2.84 87.00 1692879005.23
1.79 2.40 96.00 1692879005.33
0.92 1.67 96.00 1692879005.43
0.32 0.76 96.00 1692879005.53
0.13 0.30 96.00 1692879005.63
0.12 0.25 93.00 1692879005.73
0.12 0.25 93.00 1692879005.83
0.12 0.25 92.00 1692879005.93
0.12 0.25 92.00 1692879006.03
0.13 0.25 92.00 1692879006.13
0.13 0.25 92.00 1692879006.23
0.13 0.28 92.00 1692879006.33
0.21 0.73 92.00 1692879006.43
0.42 0.93 93.00 1692879006.53
0.72 1.16 93.00 1692879006.63
1.20 1.59 93.00 1692879006.73
1.70 1.98 93.00 1692879006.83
2.05 1.81 93.00 1692879006.93
2.37 1.57 92.00 1692879007.03
2.72 1.52 93.00 1692879007.13
3.21 1.50 93.00 1692879007.23
3.66 1.34 92.00 1692879007.33
3.75 0.88 92.00 1692879007.43
3.77 0.47 92.00 1692879007.53
3.90 0.31 92.00 1692879007.63
4.09 0.43 92.00 1692879007.73
4.20 0.55 92.00 1692879007.83
4.10 0.69 92.00 1692879007.93
3.82 0.86 92.00 1692879008.03
3.47 1.04 92.00 1692879008.13
3.27 1.29 92.00 1692879008.23
3.05 1.50 92.00 1692879008.34
2.69 1.40 92.00 1692879008.44
2.42 1.25 92.00 1692879008.54
2.20 1.07 92.00 1692879008.64
2.12 0.91 92.00 1692879008.74
2.25 0.50 92.00 1692879008.84
2.27 0.48 92.00 1692879008.94
2.20 0.90 92.00 1692879009.04
2.12 1.51 92.00 1692879009.14
2.30 2.42 92.00 1692879009.24
2.22 3.34 92.00 1692879009.34
1.63 3.53 92.00 1692879009.44
1.06 3.21 92.00 1692879009.54
1.19 3.24 92.00 1692879009.64
1.57 4.00 92.00 1692879009.74
1.70 4.26 92.00 1692879009.84
1.73 4.06 92.00 1692879009.94
1.41 2.90 92.00 1692879010.04
1.13 1.92 92.00 1692879010.14
1.18 1.36 92.00 1692879010.24
1.42 1.05 92.00 1692879010.34
1.68 0.99 92.00 1692879010.44
1.88 1.20 92.00 1692879010.54
2.05 1.65 92.00 1692879010.64
2.35 2.42 92.00 1692879010.74
2.68 3.18 92.00 1692879010.84
2.82 3.46 92.00 1692879010.94
2.86 3.48 92.00 1692879011.04
2.88 3.55 92.00 1692879011.14
2.99 3.95 92.00 1692879011.24
3.16 4.14 92.00 1692879011.34
3.33 3.90 92.00 1692879011.76
2.52 3.65 92.00 1692879011.85
1.88 3.22 92.00 1692879012.23
2.17 3.61 91.00 1692879012.33
2.41 4.07 91.00 1692879012.43
2.54 4.50 91.00 1692879012.53
2.64 4.90 91.00 1692879012.63
2.92 5.61 89.00 1692879012.73
3.47 6.60 88.00 1692879012.83
4.41 7.97 87.00 1692879012.93
5.43 9.49 86.00 1692879013.03
6.36 10.69 85.00 1692879013.13
7.08 11.52 84.00 1692879013.23
7.43 12.58 83.00 1692879013.33
7.88 13.39 82.00 1692879013.43
8.57 14.36 82.00 1692879013.53
9.06 14.85 80.00 1692879013.63
9.39 15.09 80.00 1692879013.74
10.13 15.93 79.00 1692879013.83
11.06 16.91 78.00 1692879013.93
11.67 17.44 77.00 1692879014.04
12.35 18.08 77.00 1692879014.14
13.37 19.21 77.00 1692879014.24
13.79 20.34 76.00 1692879014.34
13.72 20.95 76.00 1692879014.44
13.38 21.96 76.00 1692879014.54
13.87 22.93 75.00 1692879014.64
14.49 23.52 75.00 1692879014.74
14.59 23.45 74.00 1692879014.84
14.77 23.33 73.00 1692879014.94
15.28 23.64 72.00 1692879015.04
16.07 24.17 72.00 1692879015.14
17.23 24.97 72.00 1692879015.24
18.20 26.16 72.00 1692879015.34
18.42 26.90 72.00 1692879015.44
18.25 26.69 71.00 1692879015.54
18.52 26.22 71.00 1692879015.64
19.15 26.61 71.00 1692879015.74
19.96 26.23 71.00 1692879015.84
20.52 25.79 70.00 1692879015.94
20.83 26.11 70.00 1692879016.04
21.06 27.10 70.00 1692879016.14
21.72 28.70 69.00 1692879016.24
22.56 30.28 69.00 1692879016.34
22.67 30.61 69.00 1692879016.44
